        Time   Palpation Force
      0.0000         1.00
      0.0010         1.00
      0.0020         1.00
      0.0030         1.00
      0.0040         1.00
      0.0050         1.00
      0.0060         1.00
      0.0070         1.00
      0.0080         1.00
      0.0090         1.00
      0.0100         1.00
      0.0110         1.13
      0.0120         1.25
      0.0130         1.29
      0.0140         1.48
      0.0150         1.57
      0.0160         1.71
      0.0170         1.82
      0.0180         1.95
      0.0190         2.09
      0.0200         2.22
      0.0210         2.17
      0.0220         2.23
      0.0230         2.27
      0.0240         2.23
      0.0250         2.09
      0.0260         2.07
      0.0270         2.10
      0.0280         2.07
      0.0290         2.13
      0.0300         2.03
      0.0310         1.99
      0.0320         1.93
      0.0330         1.95
      0.0340         1.87
      0.0350         1.85
      0.0360         1.83
      0.0370         1.93
      0.0380         1.91
      0.0390         1.88
      0.0400         1.88
      0.0410         1.90
      0.0420         1.94
      0.0430         1.95
      0.0440         1.98
      0.0450         2.03
      0.0460         2.13
      0.0470         2.05
      0.0480         2.05
      0.0490         2.10
      0.0500         2.19
      0.0510         2.19
      0.0520         2.25
      0.0530         2.21
      0.0540         2.21
      0.0550         2.19
      0.0560         2.14
      0.0570         2.01
      0.0580         1.96
      0.0590         1.95
      0.0600         1.90
      0.0610         1.90
      0.0620         1.87
      0.0630         1.87
      0.0640         1.82
      0.0650         1.75
      0.0660         1.72
      0.0670         1.75
      0.0680         1.83
      0.0690         1.80
      0.0700         1.78
      0.0710         1.75
      0.0720         1.72
      0.0730         1.80
      0.0740         1.74
      0.0750         1.79
      0.0760         1.85
      0.0770         1.94
      0.0780         1.95
      0.0790         1.96
      0.0800         1.99
      0.0810         1.97
      0.0820         1.92
      0.0830         1.87
      0.0840         1.92
      0.0850         1.97
      0.0860         1.93
      0.0870         1.92
      0.0880         1.85
      0.0890         1.83
      0.0900         1.83
      0.0910         1.84
      0.0920         1.81
      0.0930         1.72
      0.0940         1.77
      0.0950         1.81
      0.0960         1.80
      0.0970         1.77
      0.0980         1.72
      0.0990         1.69
      0.1000         1.71
      0.1010         1.69
      0.1020         1.72
      0.1030         1.79
      0.1040         1.73
      0.1050         1.71
      0.1060         1.72
      0.1070         1.80
      0.1080         1.87
      0.1090         1.91
      0.1100         1.85
      0.1110         1.85
      0.1120         1.84
      0.1130         1.86
      0.1140         1.85
      0.1150         1.76
      0.1160         1.69
      0.1170         1.62
      0.1180         1.66
      0.1190         1.65
      0.1200         1.69
      0.1210         1.69
      0.1220         1.77
      0.1230         1.85
      0.1240         1.89
      0.1250         1.90
      0.1260         1.90
      0.1270         1.81
      0.1280         1.76
      0.1290         1.73
      0.1300         1.73
      0.1310         1.77
      0.1320         1.84
      0.1330         1.93
      0.1340         1.90
      0.1350         1.92
      0.1360         1.96
      0.1370         1.96
      0.1380         1.97
      0.1390         1.97
      0.1400         1.88
      0.1410         1.93
      0.1420         1.80
      0.1430         1.63
      0.1440         1.57
      0.1450         1.62
      0.1460         1.65
      0.1470         1.62
      0.1480         1.61
      0.1490         1.60
      0.1500         1.64
      0.1510         1.57
      0.1520         1.54
      0.1530         1.49
      0.1540         1.56
      0.1550         1.60
      0.1560         1.62
      0.1570         1.68
      0.1580         1.69
      0.1590         1.72
      0.1600         1.77
      0.1610         1.77
      0.1620         1.85
      0.1630         1.88
      0.1640         1.96
      0.1650         1.96
      0.1660         1.95
      0.1670         1.94
      0.1680         1.94
      0.1690         1.96
      0.1700         1.97
      0.1710         1.94
      0.1720         1.97
      0.1730         2.04
      0.1740         2.00
      0.1750         1.97
      0.1760         1.94
      0.1770         1.94
      0.1780         1.93
      0.1790         1.91
      0.1800         1.91
      0.1810         1.85
      0.1820         1.83
      0.1830         1.90
      0.1840         1.90
      0.1850         1.89
      0.1860         1.90
      0.1870         1.99
      0.1880         1.98
      0.1890         1.99
      0.1900         2.01
      0.1910         2.10
      0.1920         2.13
      0.1930         2.09
      0.1940         2.07
      0.1950         2.13
      0.1960         2.17
      0.1970         2.15
      0.1980         2.19
      0.1990         2.19
      0.2000         2.15
      0.2010         2.19
      0.2020         2.17
      0.2030         2.11
      0.2040         2.07
      0.2050         2.05
      0.2060         2.01
      0.2070         1.94
      0.2080         1.99
      0.2090         1.94
      0.2100         1.87
      0.2110         1.85
      0.2120         1.78
      0.2130         1.77
      0.2140         1.87
      0.2150         1.82
      0.2160         1.76
      0.2170         1.78
      0.2180         1.76
      0.2190         1.76
      0.2200         1.84
      0.2210         1.87
      0.2220         1.85
      0.2230         1.83
      0.2240         1.84
      0.2250         1.79
      0.2260         1.84
      0.2270         1.84
      0.2280         1.80
      0.2290         1.85
      0.2300         1.88
      0.2310         1.84
      0.2320         1.88
      0.2330         1.84
      0.2340         1.73
      0.2350         1.66
      0.2360         1.68
      0.2370         1.65
      0.2380         1.53
      0.2390         1.57
      0.2400         1.54
      0.2410         1.42
      0.2420         1.49
      0.2430         1.53
      0.2440         1.60
      0.2450         1.69
      0.2460         1.70
      0.2470         1.74
      0.2480         1.80
      0.2490         1.77
      0.2500         1.73
      0.2510         1.78
      0.2520         1.76
      0.2530         1.88
      0.2540         1.92
      0.2550         1.97
      0.2560         2.01
      0.2570         2.00
      0.2580         2.10
      0.2590         2.12
      0.2600         2.02
      0.2610         2.09
      0.2620         2.00
      0.2630         1.97
      0.2640         1.92
      0.2650         1.86
      0.2660         1.84
      0.2670         1.80
      0.2680         1.74
      0.2690         1.76
      0.2700         1.84
      0.2710         1.78
      0.2720         1.86
      0.2730         1.74
      0.2740         1.72
      0.2750         1.78
      0.2760         1.72
      0.2770         1.78
      0.2780         1.73
      0.2790         1.61
      0.2800         1.68
      0.2810         1.69
      0.2820         1.76
      0.2830         1.80
      0.2840         1.76
      0.2850         1.75
      0.2860         1.60
      0.2870         1.64
      0.2880         1.60
      0.2890         1.58
      0.2900         1.57
      0.2910         1.57
      0.2920         1.42
      0.2930         1.42
      0.2940         1.37
      0.2950         1.34
      0.2960         1.38
      0.2970         1.32
      0.2980         1.38
      0.2990         1.49
      0.3000         1.52
      0.3010         1.53
      0.3020         1.55
      0.3030         1.50
      0.3040         1.58
      0.3050         1.64
      0.3060         1.75
      0.3070         1.76
      0.3080         1.79
      0.3090         1.85
      0.3100         1.84
      0.3110         1.91
      0.3120         2.00
      0.3130         2.03
      0.3140         2.08
      0.3150         2.07
      0.3160         2.08
      0.3170         2.08
      0.3180         2.08
      0.3190         2.01
      0.3200         2.00
      0.3210         1.97
      0.3220         1.90
      0.3230         1.93
      0.3240         1.85
      0.3250         1.80
      0.3260         1.80
      0.3270         1.85
      0.3280         1.86
      0.3290         1.78
      0.3300         1.77
      0.3310         1.70
      0.3320         1.68
      0.3330         1.68
      0.3340         1.69
      0.3350         1.74
      0.3360         1.77
      0.3370         1.90
      0.3380         1.86
      0.3390         1.93
      0.3400         1.90
      0.3410         1.92
      0.3420         1.92
      0.3430         1.82
      0.3440         1.86
      0.3450         1.94
      0.3460         1.98
      0.3470         1.89
      0.3480         1.90
      0.3490         1.88
      0.3500         1.93
      0.3510         1.98
      0.3520         2.02
      0.3530         1.98
      0.3540         1.94
      0.3550         1.84
      0.3560         1.82
      0.3570         1.74
      0.3580         1.77
      0.3590         1.79
      0.3600         1.83
      0.3610         1.85
      0.3620         1.88
      0.3630         1.95
      0.3640         1.91
      0.3650         1.92
      0.3660         1.96
      0.3670         1.93
      0.3680         1.97
      0.3690         2.03
      0.3700         1.94
      0.3710         1.94
      0.3720         1.93
      0.3730         2.01
      0.3740         2.12
      0.3750         2.16
      0.3760         2.10
      0.3770         2.09
      0.3780         2.06
      0.3790         1.94
      0.3800         1.94
      0.3810         1.90
      0.3820         1.94
      0.3830         1.97
      0.3840         1.98
      0.3850         1.92
      0.3860         1.89
      0.3870         2.00
      0.3880         2.01
      0.3890         2.04
      0.3900         2.10
      0.3910         2.09
      0.3920         2.07
      0.3930         2.01
      0.3940         1.97
      0.3950         2.02
      0.3960         2.05
      0.3970         2.03
      0.3980         2.09
      0.3990         2.18
      0.4000         2.18
      0.4010         2.20
      0.4020         2.16
      0.4030         2.16
      0.4040         2.20
      0.4050         2.22
      0.4060         2.14
      0.4070         2.03
      0.4080         1.95
      0.4090         1.90
      0.4100         1.90
      0.4110         1.94
      0.4120         1.94
      0.4130         1.92
      0.4140         1.90
      0.4150         1.87
      0.4160         1.86
      0.4170         1.83
      0.4180         1.76
      0.4190         1.86
      0.4200         1.82
      0.4210         1.86
      0.4220         1.90
      0.4230         1.91
      0.4240         1.87
      0.4250         1.96
      0.4260         1.99
      0.4270         2.01
      0.4280         2.08
      0.4290         2.03
      0.4300         1.95
      0.4310         1.89
      0.4320         1.95
      0.4330         1.99
      0.4340         1.93
      0.4350         1.95
      0.4360         1.89
      0.4370         1.95
      0.4380         1.95
      0.4390         1.80
      0.4400         1.83
      0.4410         1.77
      0.4420         1.67
      0.4430         1.61
      0.4440         1.57
      0.4450         1.48
      0.4460         1.56
      0.4470         1.66
      0.4480         1.68
      0.4490         1.74
      0.4500         1.78
      0.4510         1.85
      0.4520         1.84
      0.4530         1.89
      0.4540         1.98
      0.4550         1.98
      0.4560         1.97
      0.4570         1.96
      0.4580         1.99
      0.4590         2.06
      0.4600         2.03
      0.4610         2.02
      0.4620         1.99
      0.4630         1.99
      0.4640         2.02
      0.4650         2.01
      0.4660         1.93
      0.4670         1.77
      0.4680         1.70
      0.4690         1.71
      0.4700         1.73
      0.4710         1.67
      0.4720         1.63
      0.4730         1.58
      0.4740         1.58
      0.4750         1.51
      0.4760         1.57
      0.4770         1.57
      0.4780         1.58
      0.4790         1.61
      0.4800         1.67
      0.4810         1.74
      0.4820         1.85
      0.4830         1.87
      0.4840         1.87
      0.4850         1.93
      0.4860         1.93
      0.4870         1.94
      0.4880         1.98
      0.4890         1.99
      0.4900         1.99
      0.4910         1.98
      0.4920         1.95
      0.4930         1.98
      0.4940         1.89
      0.4950         1.94
      0.4960         1.91
      0.4970         1.87
      0.4980         1.79
      0.4990         1.73
      0.5000         1.66
      0.5010         1.58
      0.5020         1.61
      0.5030         1.62
      0.5040         1.67
      0.5050         1.63
      0.5060         1.70
      0.5070         1.79
      0.5080         1.69
      0.5090         1.67
      0.5100         1.63
      0.5110         1.65
      0.5120         1.69
      0.5130         1.66
      0.5140         1.73
      0.5150         1.70
      0.5160         1.74
      0.5170         1.78
      0.5180         1.83
      0.5190         1.79
      0.5200         1.80
      0.5210         1.84
      0.5220         1.82
      0.5230         1.90
      0.5240         1.87
      0.5250         1.88
      0.5260         1.79
      0.5270         1.72
      0.5280         1.82
      0.5290         1.78
      0.5300         1.86
      0.5310         1.82
      0.5320         1.79
      0.5330         1.83
      0.5340         1.79
      0.5350         1.77
      0.5360         1.80
      0.5370         1.81
      0.5380         1.80
      0.5390         1.81
      0.5400         1.84
      0.5410         1.84
      0.5420         1.81
      0.5430         1.73
      0.5440         1.73
      0.5450         1.73
      0.5460         1.77
      0.5470         1.72
      0.5480         1.68
      0.5490         1.69
      0.5500         1.65
      0.5510         1.65
      0.5520         1.64
      0.5530         1.60
      0.5540         1.63
      0.5550         1.66
      0.5560         1.58
      0.5570         1.51
      0.5580         1.51
      0.5590         1.59
      0.5600         1.54
      0.5610         1.54
      0.5620         1.61
      0.5630         1.62
      0.5640         1.58
      0.5650         1.57
      0.5660         1.57
      0.5670         1.69
      0.5680         1.75
      0.5690         1.85
      0.5700         1.87
      0.5710         1.91
      0.5720         1.95
      0.5730         1.95
      0.5740         1.98
      0.5750         2.06
      0.5760         2.13
      0.5770         2.18
      0.5780         2.17
      0.5790         2.07
      0.5800         2.10
      0.5810         2.09
      0.5820         1.98
      0.5830         1.89
      0.5840         1.92
      0.5850         1.86
      0.5860         1.82
      0.5870         1.80
      0.5880         1.86
      0.5890         1.78
      0.5900         1.78
      0.5910         1.75
      0.5920         1.79
      0.5930         1.78
      0.5940         1.82
      0.5950         1.78
      0.5960         1.83
      0.5970         1.83
      0.5980         1.84
      0.5990         1.90
      0.6000         1.92
      0.6010         1.90
      0.6020         1.96
      0.6030         2.03
      0.6040         2.06
      0.6050         2.13
      0.6060         2.18
      0.6070         2.23
      0.6080         2.09
      0.6090         2.10
      0.6100         2.13
      0.6110         2.17
      0.6120         2.06
      0.6130         2.10
      0.6140         2.01
      0.6150         1.95
      0.6160         1.86
      0.6170         1.82
      0.6180         1.78
      0.6190         1.80
      0.6200         1.71
      0.6210         1.78
      0.6220         1.83
      0.6230         1.82
      0.6240         1.79
      0.6250         1.82
      0.6260         1.83
      0.6270         1.86
      0.6280         1.96
      0.6290         2.00
      0.6300         1.95
      0.6310         1.92
      0.6320         2.02
      0.6330         2.00
      0.6340         1.99
      0.6350         2.00
      0.6360         2.06
      0.6370         2.09
      0.6380         2.15
      0.6390         2.11
      0.6400         2.17
      0.6410         2.15
      0.6420         2.03
      0.6430         2.02
      0.6440         1.98
      0.6450         1.91
      0.6460         1.88
      0.6470         1.80
      0.6480         1.84
      0.6490         1.79
      0.6500         1.85
      0.6510         1.94
      0.6520         1.94
      0.6530         1.97
      0.6540         1.99
      0.6550         1.95
      0.6560         1.97
      0.6570         2.06
      0.6580         2.09
      0.6590         2.13
      0.6600         2.17
      0.6610         2.13
      0.6620         2.18
      0.6630         2.25
      0.6640         2.26
      0.6650         2.33
      0.6660         2.33
      0.6670         2.28
      0.6680         2.17
      0.6690         2.14
      0.6700         2.03
      0.6710         1.93
      0.6720         1.90
      0.6730         1.83
      0.6740         1.82
      0.6750         1.87
      0.6760         1.77
      0.6770         1.63
      0.6780         1.67
      0.6790         1.62
      0.6800         1.66
      0.6810         1.70
      0.6820         1.78
      0.6830         1.71
      0.6840         1.75
      0.6850         1.71
      0.6860         1.76
      0.6870         1.78
      0.6880         1.79
      0.6890         1.83
      0.6900         1.90
      0.6910         1.91
      0.6920         1.91
      0.6930         1.94
      0.6940         1.92
      0.6950         1.94
      0.6960         1.98
      0.6970         2.00
      0.6980         1.92
      0.6990         1.95
      0.7000         1.92
      0.7010         1.88
      0.7020         1.86
      0.7030         1.92
      0.7040         1.92
      0.7050         1.87
      0.7060         1.84
      0.7070         1.83
      0.7080         1.81
      0.7090         1.83
      0.7100         1.78
      0.7110         1.86
      0.7120         1.82
      0.7130         1.81
      0.7140         1.90
      0.7150         1.89
      0.7160         1.97
      0.7170         2.05
      0.7180         2.05
      0.7190         2.06
      0.7200         2.01
      0.7210         2.07
      0.7220         2.01
      0.7230         1.94
      0.7240         1.91
      0.7250         1.93
      0.7260         1.91
      0.7270         1.85
      0.7280         1.87
      0.7290         1.82
      0.7300         1.81
      0.7310         1.70
      0.7320         1.69
      0.7330         1.71
      0.7340         1.61
      0.7350         1.61
      0.7360         1.55
      0.7370         1.51
      0.7380         1.51
      0.7390         1.50
      0.7400         1.55
      0.7410         1.50
      0.7420         1.52
      0.7430         1.52
      0.7440         1.52
      0.7450         1.50
      0.7460         1.50
      0.7470         1.58
      0.7480         1.56
      0.7490         1.63
      0.7500         1.70
      0.7510         1.67
      0.7520         1.75
      0.7530         1.72
      0.7540         1.78
      0.7550         1.78
      0.7560         1.66
      0.7570         1.60
      0.7580         1.55
      0.7590         1.48
      0.7600         1.44
      0.7610         1.42
      0.7620         1.40
      0.7630         1.38
      0.7640         1.42
      0.7650         1.51
      0.7660         1.44
      0.7670         1.43
      0.7680         1.50
      0.7690         1.52
      0.7700         1.52
      0.7710         1.66
      0.7720         1.70
      0.7730         1.81
      0.7740         1.93
      0.7750         2.01
      0.7760         2.14
      0.7770         2.21
      0.7780         2.27
      0.7790         2.35
      0.7800         2.33
      0.7810         2.42
      0.7820         2.47
      0.7830         2.57
      0.7840         2.54
      0.7850         2.50
      0.7860         2.54
      0.7870         2.58
      0.7880         2.49
      0.7890         2.45
      0.7900         2.38
      0.7910         2.30
      0.7920         2.24
      0.7930         2.07
      0.7940         1.97
      0.7950         1.94
      0.7960         1.97
      0.7970         1.91
      0.7980         1.93
      0.7990         1.95
      0.8000         2.07
      0.8010         2.09
      0.8020         2.06
      0.8030         1.99
      0.8040         1.97
      0.8050         2.02
      0.8060         1.97
      0.8070         1.95
      0.8080         2.07
      0.8090         2.02
      0.8100         2.03
      0.8110         2.09
      0.8120         2.03
      0.8130         2.13
      0.8140         2.18
      0.8150         2.07
      0.8160         2.03
      0.8170         2.04
      0.8180         2.02
      0.8190         1.98
      0.8200         1.90
      0.8210         1.86
      0.8220         1.84
      0.8230         1.89
      0.8240         1.89
      0.8250         1.79
      0.8260         1.87
      0.8270         1.89
      0.8280         1.83
      0.8290         1.93
      0.8300         1.98
      0.8310         1.99
      0.8320         2.03
      0.8330         1.99
      0.8340         1.90
      0.8350         2.04
      0.8360         2.06
      0.8370         2.06
      0.8380         2.16
      0.8390         2.16
      0.8400         2.10
      0.8410         2.01
      0.8420         2.05
      0.8430         2.05
      0.8440         2.06
      0.8450         2.06
      0.8460         1.97
      0.8470         1.97
      0.8480         1.85
      0.8490         1.82
      0.8500         1.82
      0.8510         1.79
      0.8520         1.79
      0.8530         1.85
      0.8540         1.85
      0.8550         1.77
      0.8560         1.72
      0.8570         1.80
      0.8580         1.74
      0.8590         1.74
      0.8600         1.83
      0.8610         1.95
      0.8620         1.91
      0.8630         1.87
      0.8640         1.90
      0.8650         1.96
      0.8660         2.06
      0.8670         2.03
      0.8680         2.11
      0.8690         2.06
      0.8700         2.02
      0.8710         2.02
      0.8720         1.98
      0.8730         1.99
      0.8740         1.91
      0.8750         1.91
      0.8760         1.91
      0.8770         1.74
      0.8780         1.65
      0.8790         1.70
      0.8800         1.63
      0.8810         1.56
      0.8820         1.53
      0.8830         1.60
      0.8840         1.63
      0.8850         1.64
      0.8860         1.59
      0.8870         1.64
      0.8880         1.63
      0.8890         1.63
      0.8900         1.70
      0.8910         1.75
      0.8920         1.79
      0.8930         1.78
      0.8940         1.88
      0.8950         1.92
      0.8960         1.91
      0.8970         1.98
      0.8980         1.96
      0.8990         1.90
      0.9000         1.83
      0.9010         1.87
      0.9020         1.92
      0.9030         1.91
      0.9040         1.87
      0.9050         1.79
      0.9060         1.83
      0.9070         1.80
      0.9080         1.78
      0.9090         1.84
      0.9100         1.83
      0.9110         1.75
      0.9120         1.82
      0.9130         1.78
      0.9140         1.75
      0.9150         1.64
      0.9160         1.67
      0.9170         1.69
      0.9180         1.71
      0.9190         1.76
      0.9200         1.84
      0.9210         1.79
      0.9220         1.76
      0.9230         1.76
      0.9240         1.77
      0.9250         1.81
      0.9260         1.77
      0.9270         1.76
      0.9280         1.79
      0.9290         1.70
      0.9300         1.68
      0.9310         1.66
      0.9320         1.57
      0.9330         1.61
      0.9340         1.70
      0.9350         1.74
      0.9360         1.78
      0.9370         1.77
      0.9380         1.76
      0.9390         1.76
      0.9400         1.74
      0.9410         1.78
      0.9420         1.80
      0.9430         1.84
      0.9440         1.81
      0.9450         1.86
      0.9460         1.89
      0.9470         1.86
      0.9480         1.89
      0.9490         1.93
      0.9500         2.00
      0.9510         2.02
      0.9520         2.05
      0.9530         2.01
      0.9540         1.93
      0.9550         1.96
      0.9560         1.93
      0.9570         1.99
      0.9580         2.03
      0.9590         1.97
      0.9600         2.00
      0.9610         2.00
      0.9620         1.97
      0.9630         1.93
      0.9640         1.97
      0.9650         1.95
      0.9660         1.92
      0.9670         1.95
      0.9680         1.96
      0.9690         1.91
      0.9700         1.85
      0.9710         1.84
      0.9720         1.87
      0.9730         1.89
      0.9740         1.89
      0.9750         1.97
      0.9760         1.99
      0.9770         1.99
      0.9780         2.07
      0.9790         2.05
      0.9800         2.00
      0.9810         1.95
      0.9820         1.96
      0.9830         1.97
      0.9840         1.96
      0.9850         2.03
      0.9860         2.08
      0.9870         2.08
      0.9880         2.08
      0.9890         2.14
      0.9900         2.10
      0.9910         2.08
      0.9920         2.02
      0.9930         2.02
      0.9940         2.08
      0.9950         2.01
      0.9960         1.94
      0.9970         1.84
      0.9980         1.76
      0.9990         1.84
      1.0000         1.89
      1.0010         1.89
      1.0020         1.87
      1.0030         1.89
      1.0040         2.01
      1.0050         1.94
      1.0060         1.89
      1.0070         1.89
      1.0080         1.82
      1.0090         1.81
      1.0100         1.85
      1.0110         1.89
      1.0120         1.94
      1.0130         1.87
      1.0140         1.83
      1.0150         1.80
      1.0160         1.87
      1.0170         1.95
      1.0180         1.99
      1.0190         1.94
      1.0200         1.92
      1.0210         1.92
      1.0220         1.92
      1.0230         1.79
      1.0240         1.63
      1.0250         1.62
      1.0260         1.62
      1.0270         1.54
      1.0280         1.50
      1.0290         1.50
      1.0300         1.51
      1.0310         1.50
      1.0320         1.54
      1.0330         1.56
      1.0340         1.58
      1.0350         1.59
      1.0360         1.61
      1.0370         1.65
      1.0380         1.65
      1.0390         1.59
      1.0400         1.61
      1.0410         1.67
      1.0420         1.65
      1.0430         1.71
      1.0440         1.69
      1.0450         1.70
      1.0460         1.71
      1.0470         1.85
      1.0480         1.97
      1.0490         1.95
      1.0500         1.91
      1.0510         1.91
      1.0520         1.83
      1.0530         1.82
      1.0540         1.80
      1.0550         1.74
      1.0560         1.72
      1.0570         1.74
      1.0580         1.71
      1.0590         1.76
      1.0600         1.70
      1.0610         1.66
      1.0620         1.68
      1.0630         1.71
      1.0640         1.80
      1.0650         1.78
      1.0660         1.82
      1.0670         1.76
      1.0680         1.72
      1.0690         1.75
      1.0700         1.75
      1.0710         1.78
      1.0720         1.83
      1.0730         1.87
      1.0740         1.88
      1.0750         1.87
      1.0760         1.88
      1.0770         1.79
      1.0780         1.75
      1.0790         1.77
      1.0800         1.79
      1.0810         1.71
      1.0820         1.72
      1.0830         1.65
      1.0840         1.58
      1.0850         1.62
      1.0860         1.60
      1.0870         1.62
      1.0880         1.69
      1.0890         1.68
      1.0900         1.72
      1.0910         1.72
      1.0920         1.72
      1.0930         1.73
      1.0940         1.78
      1.0950         1.85
      1.0960         1.85
      1.0970         1.89
      1.0980         1.92
      1.0990         1.92
      1.1000         1.94
      1.1010         2.04
      1.1020         2.04
      1.1030         2.12
      1.1040         2.13
      1.1050         2.09
      1.1060         2.04
      1.1070         1.96
      1.1080         1.87
      1.1090         1.87
      1.1100         1.81
      1.1110         1.82
      1.1120         1.81
      1.1130         1.77
      1.1140         1.69
      1.1150         1.69
      1.1160         1.70
      1.1170         1.73
      1.1180         1.74
      1.1190         1.73
      1.1200         1.78
      1.1210         1.77
      1.1220         1.75
      1.1230         1.78
      1.1240         1.79
      1.1250         1.86
      1.1260         1.98
      1.1270         2.06
      1.1280         2.09
      1.1290         2.05
      1.1300         2.05
      1.1310         1.99
      1.1320         1.99
      1.1330         2.01
      1.1340         2.01
      1.1350         1.99
      1.1360         1.91
      1.1370         1.83
      1.1380         1.80
      1.1390         1.80
      1.1400         1.75
      1.1410         1.66
      1.1420         1.63
      1.1430         1.60
      1.1440         1.58
      1.1450         1.63
      1.1460         1.56
      1.1470         1.55
      1.1480         1.56
      1.1490         1.58
      1.1500         1.63
      1.1510         1.70
      1.1520         1.64
      1.1530         1.68
      1.1540         1.75
      1.1550         1.78
      1.1560         1.76
      1.1570         1.78
      1.1580         1.83
      1.1590         1.86
      1.1600         1.90
      1.1610         1.96
      1.1620         2.02
      1.1630         2.02
      1.1640         2.00
      1.1650         1.91
      1.1660         1.90
      1.1670         1.86
      1.1680         1.82
      1.1690         1.79
      1.1700         1.79
      1.1710         1.75
      1.1720         1.76
      1.1730         1.75
      1.1740         1.68
      1.1750         1.68
      1.1760         1.74
      1.1770         1.74
      1.1780         1.79
      1.1790         1.76
      1.1800         1.76
      1.1810         1.86
      1.1820         1.90
      1.1830         1.89
      1.1840         1.87
      1.1850         1.93
      1.1860         1.94
      1.1870         1.93
      1.1880         1.98
      1.1890         2.09
      1.1900         2.07
      1.1910         2.06
      1.1920         2.10
      1.1930         2.04
      1.1940         2.06
      1.1950         2.00
      1.1960         1.99
      1.1970         1.96
      1.1980         1.84
      1.1990         1.80
      1.2000         1.76
      1.2010         1.68
      1.2020         1.60
      1.2030         1.58
      1.2040         1.55
      1.2050         1.52
      1.2060         1.48
      1.2070         1.51
      1.2080         1.44
      1.2090         1.43
      1.2100         1.48
      1.2110         1.52
      1.2120         1.58
      1.2130         1.63
      1.2140         1.64
      1.2150         1.70
      1.2160         1.64
      1.2170         1.69
      1.2180         1.75
      1.2190         1.76
      1.2200         1.72
      1.2210         1.71
      1.2220         1.69
      1.2230         1.68
      1.2240         1.71
      1.2250         1.68
      1.2260         1.77
      1.2270         1.81
      1.2280         1.79
      1.2290         1.75
      1.2300         1.68
      1.2310         1.61
      1.2320         1.50
      1.2330         1.52
      1.2340         1.52
      1.2350         1.48
      1.2360         1.55
      1.2370         1.56
      1.2380         1.51
      1.2390         1.55
      1.2400         1.67
      1.2410         1.73
      1.2420         1.84
      1.2430         1.88
      1.2440         1.99
      1.2450         2.01
      1.2460         2.07
      1.2470         2.08
      1.2480         2.21
      1.2490         2.23
      1.2500         2.84
      1.2510         2.89
      1.2520         3.02
      1.2530         3.10
      1.2540         3.20
      1.2550         3.87
      1.2560         4.02
      1.2570         4.25
      1.2580         4.54
      1.2590         4.69
      1.2600         4.88
      1.2610         5.05
      1.2620         5.12
      1.2630         5.25
      1.2640         5.44
      1.2650         5.48
      1.2660         5.53
      1.2670         5.51
      1.2680         5.53
      1.2690         5.56
      1.2700         5.60
      1.2710         5.65
      1.2720         5.74
      1.2730         5.81
      1.2740         5.80
      1.2750         5.86
      1.2760         5.80
      1.2770         5.84
      1.2780         5.75
      1.2790         5.75
      1.2800         5.66
      1.2810         5.62
      1.2820         5.58
      1.2830         5.50
      1.2840         5.39
      1.2850         5.38
      1.2860         5.34
      1.2870         5.61
      1.2880         5.57
      1.2890         5.56
      1.2900         5.65
      1.2910         5.65
      1.2920         5.62
      1.2930         5.60
      1.2940         5.60
      1.2950         5.51
      1.2960         5.63
      1.2970         5.59
      1.2980         5.71
      1.2990         5.81
      1.3000         5.82
      1.3010         5.85
      1.3020         5.93
      1.3030         6.00
      1.3040         5.97
      1.3050         6.16
      1.3060         6.19
      1.3070         6.20
      1.3080         6.32
      1.3090         6.42
      1.3100         6.49
      1.3110         6.48
      1.3120         6.56
      1.3130         6.69
      1.3140         6.73
      1.3150         6.84
      1.3160         6.94
      1.3170         7.07
      1.3180         7.14
      1.3190         7.17
      1.3200         7.42
      1.3210         7.58
      1.3220         7.77
      1.3230         7.87
      1.3240         8.03
      1.3250         8.05
      1.3260         8.25
      1.3270         8.30
      1.3280         8.42
      1.3290         8.56
      1.3300         8.63
      1.3310         8.94
      1.3320         9.08
      1.3330         9.26
      1.3340         9.53
      1.3350         9.77
      1.3360         9.90
      1.3370        10.10
      1.3380        10.18
      1.3390        10.39
      1.3400        10.45
      1.3410        10.49
      1.3420        10.54
      1.3430        10.69
      1.3440        10.88
      1.3450        10.96
      1.3460        11.03
      1.3470        11.20
      1.3480        11.29
      1.3490        11.35
      1.3500        11.52
      1.3510        11.56
      1.3520        11.75
      1.3530        11.89
      1.3540        12.04
      1.3550        12.15
      1.3560        12.37
      1.3570        12.40
      1.3580        12.63
      1.3590        12.72
      1.3600        12.99
      1.3610        13.16
      1.3620        13.35
      1.3630        13.41
      1.3640        13.49
      1.3650        13.80
      1.3660        14.00
      1.3670        14.14
      1.3680        14.30
      1.3690        14.47
      1.3700        14.49
      1.3710        14.58
      1.3720        14.61
      1.3730        14.66
      1.3740        14.73
      1.3750        14.80
      1.3760        14.88
      1.3770        15.00
      1.3780        15.08
      1.3790        15.28
      1.3800        15.36
      1.3810        15.56
      1.3820        15.67
      1.3830        15.83
      1.3840        16.06
      1.3850        16.15
      1.3860        16.24
      1.3870        16.44
      1.3880        16.53
      1.3890        16.77
      1.3900        17.09
      1.3910        17.35
      1.3920        17.58
      1.3930        17.75
      1.3940        17.94
      1.3950        18.07
      1.3960        18.26
      1.3970        18.39
      1.3980        18.55
      1.3990        18.61
      1.4000        18.61
      1.4010        18.73
      1.4020        18.84
      1.4030        19.01
      1.4040        19.15
      1.4050        19.23
      1.4060        19.29
      1.4070        19.36
      1.4080        19.45
      1.4090        19.56
      1.4100        19.74
      1.4110        19.76
      1.4120        19.90
      1.4130        19.95
      1.4140        20.03
      1.4150        20.19
      1.4160        20.15
      1.4170        20.32
      1.4180        20.47
      1.4190        20.61
      1.4200        20.85
      1.4210        20.85
      1.4220        21.11
      1.4230        21.23
      1.4240        21.25
      1.4250        21.36
      1.4260        21.42
      1.4270        21.48
      1.4280        21.66
      1.4290        21.66
      1.4300        21.59
      1.4310        21.65
      1.4320        21.59
      1.4330        21.69
      1.4340        21.72
      1.4350        21.73
      1.4360        21.94
      1.4370        22.01
      1.4380        22.05
      1.4390        22.15
      1.4400        22.20
      1.4410        22.40
      1.4420        22.45
      1.4430        22.57
      1.4440        22.72
      1.4450        22.81
      1.4460        23.00
      1.4470        23.17
      1.4480        23.27
      1.4490        23.48
      1.4500        23.67
      1.4510        23.80
      1.4520        24.09
      1.4530        24.25
      1.4540        24.47
      1.4550        24.70
      1.4560        24.72
      1.4570        24.78
      1.4580        24.82
      1.4590        24.91
      1.4600        25.05
      1.4610        25.22
      1.4620        25.30
      1.4630        25.36
      1.4640        25.38
      1.4650        25.48
      1.4660        25.61
      1.4670        25.70
      1.4680        25.84
      1.4690        26.00
      1.4700        26.03
      1.4710        26.17
      1.4720        26.25
      1.4730        26.36
      1.4740        26.40
      1.4750        26.44
      1.4760        26.58
      1.4770        26.78
      1.4780        26.98
      1.4790        27.12
      1.4800        27.13
      1.4810        27.14
      1.4820        27.21
      1.4830        27.35
      1.4840        27.48
      1.4850        27.61
      1.4860        27.78
      1.4870        27.80
      1.4880        27.80
      1.4890        27.80
      1.4900        27.94
      1.4910        27.99
      1.4920        28.07
      1.4930        28.11
      1.4940        28.26
      1.4950        28.27
      1.4960        28.37
      1.4970        28.41
      1.4980        28.39
      1.4990        28.50
      1.5000        28.69
      1.5010        28.85
      1.5020        28.98
      1.5030        29.13
      1.5040        29.22
      1.5050        29.31
      1.5060        29.34
      1.5070        29.48
      1.5080        29.71
      1.5090        29.75
      1.5100        29.89
      1.5110        29.98
      1.5120        30.07
      1.5130        30.17
      1.5140        30.23
      1.5150        30.38
      1.5160        30.42
      1.5170        30.49
      1.5180        30.68
      1.5190        30.64
      1.5200        30.61
      1.5210        30.61
      1.5220        30.63
      1.5230        30.57
      1.5240        30.60
      1.5250        30.65
      1.5260        30.75
      1.5270        30.85
      1.5280        30.91
      1.5290        31.07
      1.5300        31.13
      1.5310        31.25
      1.5320        31.29
      1.5330        31.47
      1.5340        31.52
      1.5350        31.67
      1.5360        31.76
      1.5370        31.89
      1.5380        31.93
      1.5390        32.09
      1.5400        32.25
      1.5410        32.37
      1.5420        32.41
      1.5430        32.49
      1.5440        32.59
      1.5450        32.55
      1.5460        32.53
      1.5470        32.53
      1.5480        32.60
      1.5490        32.53
      1.5500        32.60
      1.5510        32.66
      1.5520        32.66
      1.5530        32.77
      1.5540        32.87
      1.5550        32.97
      1.5560        33.01
      1.5570        32.99
      1.5580        33.17
      1.5590        33.30
      1.5600        33.56
      1.5610        33.68
      1.5620        33.85
      1.5630        33.96
      1.5640        34.24
      1.5650        34.57
      1.5660        34.76
      1.5670        34.96
      1.5680        35.00
      1.5690        35.16
      1.5700        35.23
      1.5710        35.43
      1.5720        35.56
      1.5730        35.53
      1.5740        35.60
      1.5750        35.52
      1.5760        35.59
      1.5770        35.75
      1.5780        35.76
      1.5790        35.75
      1.5800        35.63
      1.5810        35.60
      1.5820        35.70
      1.5830        35.93
      1.5840        35.83
      1.5850        35.78
      1.5860        35.85
      1.5870        35.81
      1.5880        35.87
      1.5890        35.96
      1.5900        36.05
      1.5910        36.08
      1.5920        36.11
      1.5930        36.16
      1.5940        36.34
      1.5950        36.63
      1.5960        36.82
      1.5970        36.91
      1.5980        37.01
      1.5990        37.10
      1.6000        37.13
      1.6010        37.13
      1.6020        37.10
      1.6030        37.00
      1.6040        37.06
      1.6050        37.17
      1.6060        37.21
      1.6070        37.23
      1.6080        37.26
      1.6090        37.21
      1.6100        37.23
      1.6110        37.18
      1.6120        37.26
      1.6130        37.32
      1.6140        37.23
      1.6150        37.10
      1.6160        37.16
      1.6170        37.22
      1.6180        37.32
      1.6190        37.42
      1.6200        37.62
      1.6210        37.78
      1.6220        37.86
      1.6230        38.03
      1.6240        38.09
      1.6250        38.08
      1.6260        38.14
      1.6270        38.22
      1.6280        38.34
      1.6290        38.46
      1.6300        38.54
      1.6310        38.61
      1.6320        38.65
      1.6330        38.62
      1.6340        38.69
      1.6350        38.76
      1.6360        38.68
      1.6370        38.56
      1.6380        38.44
      1.6390        38.39
      1.6400        38.36
      1.6410        38.32
      1.6420        38.32
      1.6430        38.23
      1.6440        38.23
      1.6450        38.13
      1.6460        38.13
      1.6470        38.14
      1.6480        38.17
      1.6490        38.18
      1.6500        38.15
      1.6510        38.22
      1.6520        38.22
      1.6530        38.28
      1.6540        38.27
      1.6550        38.15
      1.6560        38.10
      1.6570        38.10
      1.6580        38.15
      1.6590        38.15
      1.6600        37.98
      1.6610        37.94
      1.6620        37.86
      1.6630        37.78
      1.6640        37.71
      1.6650        37.69
      1.6660        37.62
      1.6670        37.57
      1.6680        37.50
      1.6690        37.54
      1.6700        37.48
      1.6710        37.40
      1.6720        37.25
      1.6730        37.13
      1.6740        37.13
      1.6750        37.28
      1.6760        37.36
      1.6770        37.44
      1.6780        37.33
      1.6790        37.35
      1.6800        37.35
      1.6810        37.43
      1.6820        37.52
      1.6830        37.64
      1.6840        37.67
      1.6850        37.71
      1.6860        37.67
      1.6870        37.69
      1.6880        37.61
      1.6890        37.59
      1.6900        37.65
      1.6910        37.55
      1.6920        37.63
      1.6930        37.59
      1.6940        37.53
      1.6950        37.48
      1.6960        37.41
      1.6970        37.35
      1.6980        37.44
      1.6990        37.40
      1.7000        37.49
      1.7010        37.48
      1.7020        37.44
      1.7030        37.38
      1.7040        37.42
      1.7050        37.42
      1.7060        37.44
      1.7070        37.45
      1.7080        37.55
      1.7090        37.59
      1.7100        37.59
      1.7110        37.72
      1.7120        37.83
      1.7130        37.91
      1.7140        37.96
      1.7150        37.89
      1.7160        37.88
      1.7170        37.85
      1.7180        37.84
      1.7190        37.86
      1.7200        37.81
      1.7210        37.81
      1.7220        37.77
      1.7230        37.68
      1.7240        37.61
      1.7250        37.63
      1.7260        37.65
      1.7270        37.66
      1.7280        37.58
      1.7290        37.52
      1.7300        37.54
      1.7310        37.44
      1.7320        37.35
      1.7330        37.44
      1.7340        37.31
      1.7350        37.44
      1.7360        37.52
      1.7370        37.63
      1.7380        37.65
      1.7390        37.60
      1.7400        37.64
      1.7410        37.64
      1.7420        37.75
      1.7430        37.93
      1.7440        38.01
      1.7450        38.08
      1.7460        38.03
      1.7470        38.00
      1.7480        38.02
      1.7490        37.96
      1.7500        37.87
      1.7510        37.91
      1.7520        37.96
      1.7530        37.90
      1.7540        38.02
      1.7550        37.93
      1.7560        37.85
      1.7570        37.77
      1.7580        37.73
      1.7590        37.70
      1.7600        37.75
      1.7610        37.70
      1.7620        37.69
      1.7630        37.59
      1.7640        37.59
      1.7650        37.59
      1.7660        37.68
      1.7670        37.66
      1.7680        37.75
      1.7690        37.80
      1.7700        37.87
      1.7710        37.83
      1.7720        37.80
      1.7730        37.80
      1.7740        37.81
      1.7750        37.84
      1.7760        37.93
      1.7770        37.87
      1.7780        37.75
      1.7790        37.81
      1.7800        37.76
      1.7810        37.75
      1.7820        37.60
      1.7830        37.59
      1.7840        37.62
      1.7850        37.58
      1.7860        37.43
      1.7870        37.43
      1.7880        37.34
      1.7890        37.27
      1.7900        37.23
      1.7910        37.26
      1.7920        37.26
      1.7930        37.28
      1.7940        37.24
      1.7950        37.30
      1.7960        37.26
      1.7970        37.26
      1.7980        37.39
      1.7990        37.36
      1.8000        37.35
      1.8010        37.37
      1.8020        37.47
      1.8030        37.54
      1.8040        37.55
      1.8050        37.59
      1.8060        37.64
      1.8070        37.61
      1.8080        37.56
      1.8090        37.57
      1.8100        37.53
      1.8110        37.39
      1.8120        37.29
      1.8130        37.22
      1.8140        37.15
      1.8150        36.98
      1.8160        36.91
      1.8170        36.99
      1.8180        36.92
      1.8190        36.91
      1.8200        36.91
      1.8210        36.81
      1.8220        36.83
      1.8230        36.65
      1.8240        36.58
      1.8250        36.56
      1.8260        36.54
      1.8270        36.53
      1.8280        36.61
      1.8290        36.62
      1.8300        36.60
      1.8310        36.60
      1.8320        36.57
      1.8330        36.46
      1.8340        36.45
      1.8350        36.39
      1.8360        36.42
      1.8370        36.31
      1.8380        36.17
      1.8390        35.99
      1.8400        35.75
      1.8410        35.67
      1.8420        35.47
      1.8430        35.46
      1.8440        35.23
      1.8450        35.06
      1.8460        34.90
      1.8470        34.78
      1.8480        34.55
      1.8490        34.40
      1.8500        34.36
      1.8510        34.35
      1.8520        34.31
      1.8530        34.24
      1.8540        34.15
      1.8550        34.16
      1.8560        34.07
      1.8570        33.97
      1.8580        33.96
      1.8590        33.95
      1.8600        34.03
      1.8610        34.01
      1.8620        33.96
      1.8630        33.87
      1.8640        33.91
      1.8650        33.87
      1.8660        33.88
      1.8670        33.76
      1.8680        33.75
      1.8690        33.60
      1.8700        33.48
      1.8710        33.48
      1.8720        33.36
      1.8730        33.30
      1.8740        33.24
      1.8750        33.14
      1.8760        33.03
      1.8770        33.02
      1.8780        33.06
      1.8790        32.99
      1.8800        32.90
      1.8810        32.84
      1.8820        32.88
      1.8830        32.88
      1.8840        32.81
      1.8850        32.81
      1.8860        32.70
      1.8870        32.70
      1.8880        32.63
      1.8890        32.66
      1.8900        32.54
      1.8910        32.39
      1.8920        32.32
      1.8930        32.39
      1.8940        32.30
      1.8950        32.18
      1.8960        32.12
      1.8970        31.95
      1.8980        31.75
      1.8990        31.69
      1.9000        31.54
      1.9010        31.43
      1.9020        31.29
      1.9030        31.11
      1.9040        30.98
      1.9050        30.84
      1.9060        30.85
      1.9070        30.70
      1.9080        30.70
      1.9090        30.53
      1.9100        30.51
      1.9110        30.53
      1.9120        30.42
      1.9130        30.28
      1.9140        30.10
      1.9150        30.12
      1.9160        30.11
      1.9170        30.09
      1.9180        30.03
      1.9190        29.94
      1.9200        29.86
      1.9210        29.66
      1.9220        29.45
      1.9230        29.34
      1.9240        29.18
      1.9250        28.96
      1.9260        28.75
      1.9270        28.66
      1.9280        28.43
      1.9290        28.33
      1.9300        28.03
      1.9310        27.71
      1.9320        27.44
      1.9330        27.10
      1.9340        26.96
      1.9350        26.66
      1.9360        26.29
      1.9370        26.01
      1.9380        25.72
      1.9390        25.44
      1.9400        25.30
      1.9410        25.17
      1.9420        25.08
      1.9430        24.93
      1.9440        24.77
      1.9450        24.60
      1.9460        24.29
      1.9470        24.15
      1.9480        23.90
      1.9490        23.66
      1.9500        23.55
      1.9510        23.28
      1.9520        23.11
      1.9530        22.92
      1.9540        22.66
      1.9550        22.36
      1.9560        22.07
      1.9570        21.79
      1.9580        21.57
      1.9590        21.20
      1.9600        20.83
      1.9610        20.49
      1.9620        20.22
      1.9630        19.77
      1.9640        19.41
      1.9650        19.14
      1.9660        18.89
      1.9670        18.56
      1.9680        18.39
      1.9690        18.11
      1.9700        17.80
      1.9710        17.52
      1.9720        17.34
      1.9730        17.20
      1.9740        16.94
      1.9750        16.67
      1.9760        16.53
      1.9770        16.37
      1.9780        16.16
      1.9790        16.08
      1.9800        15.80
      1.9810        15.59
      1.9820        15.24
      1.9830        15.09
      1.9840        14.77
      1.9850        14.49
      1.9860        14.17
      1.9870        13.85
      1.9880        13.48
      1.9890        13.25
      1.9900        12.90
      1.9910        12.74
      1.9920        12.45
      1.9930        12.18
      1.9940        11.95
      1.9950        11.77
      1.9960        11.47
      1.9970        11.30
      1.9980        11.06
      1.9990        10.79
      2.0000        10.64
      2.0010        10.40
      2.0020        10.29
      2.0030        10.10
      2.0040        10.00
      2.0050         9.78
      2.0060         9.65
      2.0070         9.53
      2.0080         9.38
      2.0090         9.21
      2.0100         9.07
      2.0110         8.82
      2.0120         8.63
      2.0130         8.34
      2.0140         8.18
      2.0150         7.99
      2.0160         7.75
      2.0170         7.40
      2.0180         7.22
      2.0190         7.04
      2.0200         6.92
      2.0210         6.75
      2.0220         6.54
      2.0230         6.36
      2.0240         6.30
      2.0250         6.12
      2.0260         5.99
      2.0270         5.77
      2.0280         5.68
      2.0290         5.53
      2.0300         5.45
      2.0310         5.41
      2.0320         5.26
      2.0330         5.25
      2.0340         5.07
      2.0350         4.98
      2.0360         4.95
      2.0370         4.82
      2.0380         4.73
      2.0390         4.61
      2.0400         4.42
      2.0410         4.28
      2.0420         3.63
      2.0430         3.51
      2.0440         3.31
      2.0450         3.18
      2.0460         3.03
      2.0470         2.43
      2.0480         2.34
      2.0490         2.26
      2.0500         2.12
      2.0510         2.02
      2.0520         1.96
      2.0530         1.88
      2.0540         1.84
      2.0550         1.78
      2.0560         1.73
      2.0570         1.73
      2.0580         1.75
      2.0590         1.75
      2.0600         1.74
      2.0610         1.73
      2.0620         1.75
      2.0630         1.71
      2.0640         1.69
      2.0650         1.78
      2.0660         1.86
      2.0670         1.90
      2.0680         1.91
      2.0690         1.94
      2.0700         2.04
      2.0710         2.02
      2.0720         1.99
      2.0730         2.00
      2.0740         1.93
      2.0750         1.99
      2.0760         1.93
      2.0770         1.95
      2.0780         1.89
      2.0790         1.81
      2.0800         1.79
      2.0810         1.77
      2.0820         1.71
      2.0830         1.81
      2.0840         1.87
      2.0850         1.84
      2.0860         1.82
      2.0870         1.75
      2.0880         1.74
      2.0890         1.72
      2.0900         1.74
      2.0910         1.84
      2.0920         1.92
      2.0930         1.99
      2.0940         2.07
      2.0950         2.10
      2.0960         2.15
      2.0970         2.11
      2.0980         2.08
      2.0990         2.13
      2.1000         2.13
      2.1010         2.14
      2.1020         2.17
      2.1030         2.06
      2.1040         2.03
      2.1050         1.99
      2.1060         2.02
      2.1070         2.05
      2.1080         1.99
      2.1090         1.99
      2.1100         1.91
      2.1110         1.85
      2.1120         1.82
      2.1130         1.74
      2.1140         1.78
      2.1150         1.81
      2.1160         1.81
      2.1170         1.83
      2.1180         1.83
      2.1190         1.86
      2.1200         1.85
      2.1210         1.79
      2.1220         1.79
      2.1230         1.85
      2.1240         1.83
      2.1250         1.82
      2.1260         1.78
      2.1270         1.77
      2.1280         1.79
      2.1290         1.82
      2.1300         1.82
      2.1310         1.82
      2.1320         1.83
      2.1330         1.86
      2.1340         1.82
      2.1350         1.73
      2.1360         1.79
      2.1370         1.82
      2.1380         1.89
      2.1390         1.82
      2.1400         1.82
      2.1410         1.83
      2.1420         1.87
      2.1430         1.87
      2.1440         1.88
      2.1450         1.87
      2.1460         1.88
      2.1470         1.87
      2.1480         1.90
      2.1490         1.87
      2.1500         1.86
      2.1510         1.84
      2.1520         1.79
      2.1530         1.79
      2.1540         1.75
      2.1550         1.75
      2.1560         1.72
      2.1570         1.66
      2.1580         1.64
      2.1590         1.67
      2.1600         1.64
      2.1610         1.63
      2.1620         1.62
      2.1630         1.51
      2.1640         1.44
      2.1650         1.51
      2.1660         1.49
      2.1670         1.52
      2.1680         1.56
      2.1690         1.56
      2.1700         1.60
      2.1710         1.64
      2.1720         1.68
      2.1730         1.78
      2.1740         1.78
      2.1750         1.84
      2.1760         1.86
      2.1770         1.92
      2.1780         1.92
      2.1790         1.96
      2.1800         2.03
      2.1810         2.08
      2.1820         2.03
      2.1830         2.14
      2.1840         2.18
      2.1850         2.14
      2.1860         2.12
      2.1870         2.14
      2.1880         2.08
      2.1890         2.10
      2.1900         2.03
      2.1910         1.96
      2.1920         1.87
      2.1930         1.80
      2.1940         1.82
      2.1950         1.76
      2.1960         1.68
      2.1970         1.64
      2.1980         1.68
      2.1990         1.70
      2.2000         1.68
      2.2010         1.70
      2.2020         1.74
      2.2030         1.69
      2.2040         1.72
      2.2050         1.71
      2.2060         1.65
      2.2070         1.65
      2.2080         1.60
      2.2090         1.60
      2.2100         1.68
      2.2110         1.72
      2.2120         1.80
      2.2130         1.79
      2.2140         1.77
      2.2150         1.75
      2.2160         1.81
      2.2170         1.79
      2.2180         1.72
      2.2190         1.65
      2.2200         1.64
      2.2210         1.60
      2.2220         1.65
      2.2230         1.67
      2.2240         1.64
      2.2250         1.64
      2.2260         1.68
      2.2270         1.64
      2.2280         1.69
      2.2290         1.67
      2.2300         1.63
      2.2310         1.65
      2.2320         1.65
      2.2330         1.72
      2.2340         1.77
      2.2350         1.89
      2.2360         1.84
      2.2370         1.95
      2.2380         1.99
      2.2390         2.07
      2.2400         2.01
      2.2410         2.01
      2.2420         1.99
      2.2430         1.97
      2.2440         2.01
      2.2450         2.01
      2.2460         2.01
      2.2470         1.96
      2.2480         1.97
      2.2490         2.00
      2.2500         1.95
      2.2510         1.92
      2.2520         1.87
      2.2530         1.79
      2.2540         1.72
      2.2550         1.67
      2.2560         1.69
      2.2570         1.67
      2.2580         1.64
      2.2590         1.57
      2.2600         1.63
      2.2610         1.69
      2.2620         1.71
      2.2630         1.75
      2.2640         1.77
      2.2650         1.80
      2.2660         1.89
      2.2670         2.03
      2.2680         2.05
      2.2690         2.01
      2.2700         2.07
      2.2710         2.07
      2.2720         2.15
      2.2730         2.19
      2.2740         2.24
      2.2750         2.28
      2.2760         2.35
      2.2770         2.36
      2.2780         2.32
      2.2790         2.35
      2.2800         2.35
      2.2810         2.25
      2.2820         2.16
      2.2830         2.05
      2.2840         2.00
      2.2850         1.99
      2.2860         1.95
      2.2870         1.89
      2.2880         1.87
      2.2890         1.88
      2.2900         1.89
      2.2910         1.89
      2.2920         1.87
      2.2930         1.83
      2.2940         1.85
      2.2950         1.83
      2.2960         1.77
      2.2970         1.73
      2.2980         1.88
      2.2990         1.88
      2.3000         1.86
      2.3010         1.92
      2.3020         2.00
      2.3030         2.09
      2.3040         2.12
      2.3050         2.17
      2.3060         2.16
      2.3070         2.12
      2.3080         2.13
      2.3090         2.16
      2.3100         2.13
      2.3110         2.13
      2.3120         2.09
      2.3130         2.10
      2.3140         2.08
      2.3150         2.06
      2.3160         2.05
      2.3170         2.04
      2.3180         1.90
      2.3190         1.89
      2.3200         1.95
      2.3210         2.00
      2.3220         1.95
      2.3230         1.99
      2.3240         2.01
      2.3250         1.97
      2.3260         1.95
      2.3270         2.04
      2.3280         2.01
      2.3290         2.05
      2.3300         1.98
      2.3310         1.98
      2.3320         1.97
      2.3330         2.01
      2.3340         2.01
      2.3350         1.99
      2.3360         1.94
      2.3370         1.95
      2.3380         1.95
      2.3390         1.89
      2.3400         1.82
      2.3410         1.69
      2.3420         1.67
      2.3430         1.62
      2.3440         1.59
      2.3450         1.52
      2.3460         1.56
      2.3470         1.52
      2.3480         1.50
      2.3490         1.46
      2.3500         1.51
      2.3510         1.47
      2.3520         1.52
      2.3530         1.46
      2.3540         1.46
      2.3550         1.50
      2.3560         1.52
      2.3570         1.52
      2.3580         1.52
      2.3590         1.59
      2.3600         1.67
      2.3610         1.78
      2.3620         1.87
      2.3630         1.82
      2.3640         1.85
      2.3650         1.90
      2.3660         1.78
      2.3670         1.71
      2.3680         1.71
      2.3690         1.65
      2.3700         1.65
      2.3710         1.66
      2.3720         1.58
      2.3730         1.59
      2.3740         1.57
      2.3750         1.49
      2.3760         1.47
      2.3770         1.49
      2.3780         1.55
      2.3790         1.53
      2.3800         1.53
      2.3810         1.50
      2.3820         1.42
      2.3830         1.50
      2.3840         1.53
      2.3850         1.64
      2.3860         1.78
      2.3870         1.85
      2.3880         1.92
      2.3890         2.04
      2.3900         2.06
      2.3910         2.13
      2.3920         2.18
      2.3930         2.18
      2.3940         2.21
      2.3950         2.20
      2.3960         2.26
      2.3970         2.21
      2.3980         2.17
      2.3990         2.18
      2.4000         2.13
      2.4010         2.16
      2.4020         2.20
      2.4030         2.10
      2.4040         1.97
      2.4050         1.92
      2.4060         1.85
      2.4070         1.82
      2.4080         1.79
      2.4090         1.71
      2.4100         1.69
      2.4110         1.62
      2.4120         1.63
      2.4130         1.65
      2.4140         1.65
      2.4150         1.69
      2.4160         1.66
      2.4170         1.73
      2.4180         1.69
      2.4190         1.73
      2.4200         1.74
      2.4210         1.71
      2.4220         1.73
      2.4230         1.75
      2.4240         1.81
      2.4250         1.73
      2.4260         1.77
      2.4270         1.77
      2.4280         1.70
      2.4290         1.67
      2.4300         1.63
      2.4310         1.65
      2.4320         1.63
      2.4330         1.63
      2.4340         1.62
      2.4350         1.61
      2.4360         1.59
      2.4370         1.53
      2.4380         1.59
      2.4390         1.55
      2.4400         1.55
      2.4410         1.57
      2.4420         1.53
      2.4430         1.58
      2.4440         1.65
      2.4450         1.71
      2.4460         1.67
      2.4470         1.67
      2.4480         1.77
      2.4490         1.85
      2.4500         1.91
      2.4510         1.90
      2.4520         1.89
      2.4530         1.89
      2.4540         1.87
      2.4550         1.85
      2.4560         1.85
      2.4570         1.86
      2.4580         1.75
      2.4590         1.78
      2.4600         1.71
      2.4610         1.67
      2.4620         1.67
      2.4630         1.67
      2.4640         1.61
      2.4650         1.57
      2.4660         1.54
      2.4670         1.62
      2.4680         1.54
      2.4690         1.54
      2.4700         1.57
      2.4710         1.69
      2.4720         1.69
      2.4730         1.66
      2.4740         1.63
      2.4750         1.70
      2.4760         1.77
      2.4770         1.77
      2.4780         1.86
      2.4790         1.81
      2.4800         1.78
      2.4810         1.81
      2.4820         1.70
      2.4830         1.73
      2.4840         1.66
      2.4850         1.67
      2.4860         1.70
      2.4870         1.63
      2.4880         1.71
      2.4890         1.71
      2.4900         1.61
      2.4910         1.58
      2.4920         1.58
      2.4930         1.58
      2.4940         1.61
      2.4950         1.58
      2.4960         1.58
      2.4970         1.55
      2.4980         1.58
      2.4990         1.66
      2.5000         1.75
      2.5010         1.81
      2.5020         1.94
      2.5030         1.87
      2.5040         1.99
      2.5050         1.97
      2.5060         1.94
      2.5070         1.94
      2.5080         1.90
      2.5090         1.87
      2.5100         1.98
      2.5110         1.89
      2.5120         1.94
      2.5130         1.91
      2.5140         1.91
      2.5150         1.93
      2.5160         1.89
      2.5170         1.97
      2.5180         1.91
      2.5190         1.89
      2.5200         1.82
      2.5210         1.79
      2.5220         1.79
      2.5230         1.84
      2.5240         1.79
      2.5250         1.82
      2.5260         1.84
      2.5270         1.83
      2.5280         1.87
      2.5290         1.92
      2.5300         1.94
      2.5310         1.99
      2.5320         1.96
      2.5330         2.00
      2.5340         2.07
      2.5350         2.06
      2.5360         2.00
      2.5370         1.95
      2.5380         1.95
      2.5390         1.95
      2.5400         1.98
      2.5410         2.02
      2.5420         2.00
      2.5430         1.96
      2.5440         2.04
      2.5450         2.02
      2.5460         1.99
      2.5470         1.96
      2.5480         1.90
      2.5490         1.84
      2.5500         1.75
      2.5510         1.76
      2.5520         1.75
      2.5530         1.75
      2.5540         1.70
      2.5550         1.59
      2.5560         1.64
      2.5570         1.71
      2.5580         1.71
      2.5590         1.73
      2.5600         1.71
      2.5610         1.58
      2.5620         1.58
      2.5630         1.59
      2.5640         1.57
      2.5650         1.54
      2.5660         1.58
      2.5670         1.65
      2.5680         1.62
      2.5690         1.65
      2.5700         1.74
      2.5710         1.65
      2.5720         1.61
      2.5730         1.62
      2.5740         1.61
      2.5750         1.70
      2.5760         1.63
      2.5770         1.55
      2.5780         1.48
      2.5790         1.47
      2.5800         1.56
      2.5810         1.66
      2.5820         1.64
      2.5830         1.71
      2.5840         1.74
      2.5850         1.80
      2.5860         1.78
      2.5870         1.79
      2.5880         1.84
      2.5890         1.84
      2.5900         1.78
      2.5910         1.80
      2.5920         1.86
      2.5930         1.90
      2.5940         1.84
      2.5950         1.87
      2.5960         1.90
      2.5970         1.94
      2.5980         1.88
      2.5990         1.88
      2.6000         1.80
      2.6010         1.79
      2.6020         1.72
      2.6030         1.63
      2.6040         1.49
      2.6050         1.53
      2.6060         1.55
      2.6070         1.50
      2.6080         1.48
      2.6090         1.44
      2.6100         1.46
      2.6110         1.48
      2.6120         1.50
      2.6130         1.47
      2.6140         1.58
      2.6150         1.58
      2.6160         1.70
      2.6170         1.76
      2.6180         1.90
      2.6190         1.91
      2.6200         1.98
      2.6210         1.93
      2.6220         1.97
      2.6230         1.97
      2.6240         2.10
      2.6250         1.99
      2.6260         1.99
      2.6270         1.97
      2.6280         1.91
      2.6290         1.85
      2.6300         1.84
      2.6310         1.86
      2.6320         1.75
      2.6330         1.68
      2.6340         1.64
      2.6350         1.66
      2.6360         1.55
      2.6370         1.50
      2.6380         1.50
      2.6390         1.44
      2.6400         1.38
      2.6410         1.43
      2.6420         1.46
      2.6430         1.56
      2.6440         1.52
      2.6450         1.59
      2.6460         1.56
      2.6470         1.66
      2.6480         1.72
      2.6490         1.87
      2.6500         1.88
      2.6510         1.94
      2.6520         2.03
      2.6530         2.11
      2.6540         2.14
      2.6550         2.10
      2.6560         2.11
      2.6570         2.10
      2.6580         2.11
      2.6590         2.17
      2.6600         2.11
      2.6610         2.09
      2.6620         2.10
      2.6630         1.99
      2.6640         1.90
      2.6650         1.93
      2.6660         1.91
      2.6670         1.82
      2.6680         1.86
      2.6690         1.75
      2.6700         1.73
      2.6710         1.71
      2.6720         1.67
      2.6730         1.63
      2.6740         1.55
      2.6750         1.62
      2.6760         1.69
      2.6770         1.73
      2.6780         1.77
      2.6790         1.78
      2.6800         1.90
      2.6810         1.97
      2.6820         1.99
      2.6830         2.01
      2.6840         2.09
      2.6850         2.07
      2.6860         2.13
      2.6870         2.19
      2.6880         2.14
      2.6890         2.10
      2.6900         2.18
      2.6910         2.14
      2.6920         2.11
      2.6930         2.10
      2.6940         2.11
      2.6950         2.11
      2.6960         2.05
      2.6970         1.95
      2.6980         1.83
      2.6990         1.81
      2.7000         1.78
      2.7010         1.69
      2.7020         1.67
      2.7030         1.69
      2.7040         1.67
      2.7050         1.63
      2.7060         1.67
      2.7070         1.70
      2.7080         1.70
      2.7090         1.71
      2.7100         1.71
      2.7110         1.73
      2.7120         1.73
      2.7130         1.69
      2.7140         1.69
      2.7150         1.66
      2.7160         1.58
      2.7170         1.55
      2.7180         1.51
      2.7190         1.42
      2.7200         1.38
      2.7210         1.35
      2.7220         1.30
      2.7230         1.30
      2.7240         1.32
      2.7250         1.39
      2.7260         1.27
      2.7270         1.28
      2.7280         1.31
      2.7290         1.43
      2.7300         1.38
      2.7310         1.35
      2.7320         1.47
      2.7330         1.48
      2.7340         1.54
      2.7350         1.50
      2.7360         1.60
      2.7370         1.71
      2.7380         1.79
      2.7390         1.84
      2.7400         1.91
      2.7410         1.98
      2.7420         2.09
      2.7430         2.06
      2.7440         2.03
      2.7450         1.99
      2.7460         2.02
      2.7470         1.97
      2.7480         1.81
      2.7490         1.73
      2.7500         1.67
      2.7510         1.59
      2.7520         1.51
      2.7530         1.54
      2.7540         1.49
      2.7550         1.50
      2.7560         1.49
      2.7570         1.49
      2.7580         1.51
      2.7590         1.53
      2.7600         1.51
      2.7610         1.51
      2.7620         1.43
      2.7630         1.42
      2.7640         1.46
      2.7650         1.49
      2.7660         1.54
      2.7670         1.55
      2.7680         1.67
      2.7690         1.75
      2.7700         1.86
      2.7710         1.95
      2.7720         1.99
      2.7730         1.95
      2.7740         1.95
      2.7750         1.97
      2.7760         1.95
      2.7770         1.89
      2.7780         1.85
      2.7790         1.86
      2.7800         1.87
      2.7810         1.89
      2.7820         1.90
      2.7830         1.93
      2.7840         1.81
      2.7850         1.82
      2.7860         1.78
      2.7870         1.70
      2.7880         1.73
      2.7890         1.63
      2.7900         1.53
      2.7910         1.49
      2.7920         1.51
      2.7930         1.60
      2.7940         1.53
      2.7950         1.54
      2.7960         1.54
      2.7970         1.57
      2.7980         1.56
      2.7990         1.58
      2.8000         1.51
      2.8010         1.50
      2.8020         1.46
      2.8030         1.37
      2.8040         1.47
      2.8050         1.34
      2.8060         1.34
      2.8070         1.41
      2.8080         1.46
      2.8090         1.50
      2.8100         1.51
      2.8110         1.53
      2.8120         1.45
      2.8130         1.46
      2.8140         1.57
      2.8150         1.61
      2.8160         1.61
      2.8170         1.67
      2.8180         1.75
      2.8190         1.73
      2.8200         1.71
      2.8210         1.71
      2.8220         1.71
      2.8230         1.85
      2.8240         1.89
      2.8250         1.99
      2.8260         1.95
      2.8270         1.93
      2.8280         1.86
      2.8290         1.85
      2.8300         1.91
      2.8310         1.87
      2.8320         1.93
      2.8330         1.85
      2.8340         1.85
      2.8350         1.82
      2.8360         1.78
      2.8370         1.70
      2.8380         1.67
      2.8390         1.67
      2.8400         1.63
      2.8410         1.61
      2.8420         1.62
      2.8430         1.49
      2.8440         1.42
      2.8450         1.42
      2.8460         1.50
      2.8470         1.50
      2.8480         1.49
      2.8490         1.50
      2.8500         1.51
      2.8510         1.59
      2.8520         1.61
      2.8530         1.63
      2.8540         1.62
      2.8550         1.63
      2.8560         1.66
      2.8570         1.66
      2.8580         1.65
      2.8590         1.63
      2.8600         1.70
      2.8610         1.69
      2.8620         1.70
      2.8630         1.81
      2.8640         1.81
      2.8650         1.74
      2.8660         1.73
      2.8670         1.71
      2.8680         1.78
      2.8690         1.86
      2.8700         1.85
      2.8710         1.82
      2.8720         1.83
      2.8730         1.85
      2.8740         1.78
      2.8750         1.71
      2.8760         1.70
      2.8770         1.75
      2.8780         1.73
      2.8790         1.69
      2.8800         1.66
      2.8810         1.74
      2.8820         1.78
      2.8830         1.83
      2.8840         1.87
      2.8850         1.94
      2.8860         1.89
      2.8870         1.90
      2.8880         1.83
      2.8890         1.71
      2.8900         1.63
      2.8910         1.62
      2.8920         1.51
      2.8930         1.43
      2.8940         1.43
      2.8950         1.45
      2.8960         1.45
      2.8970         1.41
      2.8980         1.51
      2.8990         1.58
      2.9000         1.58
      2.9010         1.47
      2.9020         1.41
      2.9030         1.33
      2.9040         1.29
      2.9050         1.29
      2.9060         1.33
      2.9070         1.35
      2.9080         1.34
      2.9090         1.42
      2.9100         1.52
      2.9110         1.46
      2.9120         1.54
      2.9130         1.62
      2.9140         1.69
      2.9150         1.65
      2.9160         1.68
      2.9170         1.72
      2.9180         1.62
      2.9190         1.60
      2.9200         1.72
      2.9210         1.77
      2.9220         1.77
      2.9230         1.81
      2.9240         1.86
      2.9250         1.88
      2.9260         1.85
      2.9270         1.81
      2.9280         1.85
      2.9290         1.82
      2.9300         1.78
      2.9310         1.85
      2.9320         1.85
      2.9330         1.86
      2.9340         1.88
      2.9350         1.93
      2.9360         1.92
      2.9370         1.90
      2.9380         1.88
      2.9390         1.89
      2.9400         1.85
      2.9410         1.89
      2.9420         1.94
      2.9430         1.98
      2.9440         1.97
      2.9450         1.90
      2.9460         1.97
      2.9470         2.00
      2.9480         1.98
      2.9490         1.97
      2.9500         1.93
      2.9510         1.87
      2.9520         1.83
      2.9530         1.77
      2.9540         1.75
      2.9550         1.70
      2.9560         1.69
      2.9570         1.67
      2.9580         1.73
      2.9590         1.74
      2.9600         1.61
      2.9610         1.58
      2.9620         1.55
      2.9630         1.57
      2.9640         1.58
      2.9650         1.55
      2.9660         1.47
      2.9670         1.54
      2.9680         1.55
      2.9690         1.55
      2.9700         1.64
      2.9710         1.74
      2.9720         1.75
      2.9730         1.85
      2.9740         1.88
      2.9750         1.89
      2.9760         1.97
      2.9770         1.94
      2.9780         1.95
      2.9790         1.95
      2.9800         2.09
      2.9810         2.02
      2.9820         2.05
      2.9830         1.98
      2.9840         1.93
      2.9850         1.93
      2.9860         1.92
      2.9870         1.82
      2.9880         1.81
      2.9890         1.78
      2.9900         1.70
      2.9910         1.69
      2.9920         1.68
      2.9930         1.58
      2.9940         1.58
      2.9950         1.61
      2.9960         1.58
      2.9970         1.62
      2.9980         1.64
      2.9990         1.59
