        Time   Palpation Force
      0.0000         1.00
      0.0010         1.00
      0.0020         1.39
      0.0030         1.92
      0.0040         2.36
      0.0050         2.81
      0.0060         3.34
      0.0070         3.81
      0.0080         4.28
      0.0090         4.74
      0.0100         5.20
      0.0110         5.68
      0.0120         6.14
      0.0130         6.59
      0.0140         7.04
      0.0150         7.52
      0.0160         7.98
      0.0170         8.38
      0.0180         8.84
      0.0190         9.27
      0.0200         9.29
      0.0210         9.23
      0.0220         9.12
      0.0230         8.99
      0.0240         8.95
      0.0250         8.97
      0.0260         8.92
      0.0270         8.89
      0.0280         8.88
      0.0290         8.89
      0.0300         8.88
      0.0310         8.84
      0.0320         8.91
      0.0330         8.96
      0.0340         9.03
      0.0350         9.03
      0.0360         9.03
      0.0370         9.07
      0.0380         9.09
      0.0390         9.16
      0.0400         9.18
      0.0410         9.26
      0.0420         9.32
      0.0430         9.36
      0.0440         9.42
      0.0450         9.43
      0.0460         9.40
      0.0470         9.39
      0.0480         9.39
      0.0490         9.34
      0.0500         9.31
      0.0510         9.30
      0.0520         9.22
      0.0530         9.15
      0.0540         9.11
      0.0550         9.08
      0.0560         9.08
      0.0570         9.10
      0.0580         9.07
      0.0590         9.08
      0.0600         9.10
      0.0610         9.06
      0.0620         9.18
      0.0630         9.27
      0.0640         9.31
      0.0650         9.31
      0.0660         9.33
      0.0670         9.33
      0.0680         9.39
      0.0690         9.42
      0.0700         9.50
      0.0710         9.54
      0.0720         9.55
      0.0730         9.57
      0.0740         9.55
      0.0750         9.57
      0.0760         9.54
      0.0770         9.57
      0.0780         9.53
      0.0790         9.49
      0.0800         9.46
      0.0810         9.46
      0.0820         9.27
      0.0830         9.21
      0.0840         9.12
      0.0850         9.12
      0.0860         9.08
      0.0870         9.09
      0.0880         8.99
      0.0890         8.92
      0.0900         8.98
      0.0910         8.99
      0.0920         9.03
      0.0930         9.06
      0.0940         9.10
      0.0950         9.11
      0.0960         9.14
      0.0970         9.15
      0.0980         9.19
      0.0990         9.23
      0.1000         9.22
      0.1010         9.30
      0.1020         9.41
      0.1030         9.37
      0.1040         9.43
      0.1050         9.41
      0.1060         9.43
      0.1070         9.45
      0.1080         9.49
      0.1090         9.57
      0.1100         9.49
      0.1110         9.46
      0.1120         9.49
      0.1130         9.43
      0.1140         9.37
      0.1150         9.39
      0.1160         9.41
      0.1170         9.38
      0.1180         9.38
      0.1190         9.35
      0.1200         9.39
      0.1210         9.35
      0.1220         9.38
      0.1230         9.46
      0.1240         9.42
      0.1250         9.47
      0.1260         9.47
      0.1270         9.47
      0.1280         9.55
      0.1290         9.58
      0.1300         9.59
      0.1310         9.61
      0.1320         9.57
      0.1330         9.55
      0.1340         9.52
      0.1350         9.48
      0.1360         9.52
      0.1370         9.55
      0.1380         9.54
      0.1390         9.52
      0.1400         9.39
      0.1410         9.36
      0.1420         9.36
      0.1430         9.35
      0.1440         9.41
      0.1450         9.32
      0.1460         9.35
      0.1470         9.35
      0.1480         9.32
      0.1490         9.26
      0.1500         9.25
      0.1510         9.29
      0.1520         9.26
      0.1530         9.33
      0.1540         9.37
      0.1550         9.39
      0.1560         9.33
      0.1570         9.33
      0.1580         9.37
      0.1590         9.37
      0.1600         9.50
      0.1610         9.51
      0.1620         9.47
      0.1630         9.41
      0.1640         9.34
      0.1650         9.34
      0.1660         9.33
      0.1670         9.22
      0.1680         9.14
      0.1690         9.08
      0.1700         9.07
      0.1710         9.00
      0.1720         8.99
      0.1730         9.02
      0.1740         9.07
      0.1750         9.04
      0.1760         9.03
      0.1770         9.02
      0.1780         9.02
      0.1790         8.95
      0.1800         8.90
      0.1810         8.84
      0.1820         8.84
      0.1830         8.91
      0.1840         8.94
      0.1850         8.95
      0.1860         9.00
      0.1870         9.10
      0.1880         9.10
      0.1890         9.15
      0.1900         9.08
      0.1910         9.11
      0.1920         9.12
      0.1930         9.00
      0.1940         8.95
      0.1950         8.88
      0.1960         8.88
      0.1970         8.84
      0.1980         8.76
      0.1990         8.79
      0.2000         8.78
      0.2010         8.87
      0.2020         8.92
      0.2030         8.87
      0.2040         8.88
      0.2050         8.90
      0.2060         8.86
      0.2070         8.91
      0.2080         8.93
      0.2090         8.94
      0.2100         8.99
      0.2110         9.02
      0.2120         9.03
      0.2130         9.13
      0.2140         9.09
      0.2150         9.18
      0.2160         9.27
      0.2170         9.25
      0.2180         9.26
      0.2190         9.27
      0.2200         9.27
      0.2210         9.21
      0.2220         9.11
      0.2230         9.15
      0.2240         9.10
      0.2250         9.02
      0.2260         8.91
      0.2270         8.93
      0.2280         8.97
      0.2290         8.98
      0.2300         9.03
      0.2310         8.98
      0.2320         8.93
      0.2330         8.87
      0.2340         8.90
      0.2350         8.89
      0.2360         8.83
      0.2370         8.93
      0.2380         8.99
      0.2390         9.05
      0.2400         9.14
      0.2410         9.12
      0.2420         9.17
      0.2430         9.15
      0.2440         9.18
      0.2450         9.28
      0.2460         9.33
      0.2470         9.26
      0.2480         9.15
      0.2490         9.18
      0.2500         9.15
      0.2510         9.07
      0.2520         9.09
      0.2530         9.13
      0.2540         9.15
      0.2550         9.06
      0.2560         9.02
      0.2570         8.95
      0.2580         8.94
      0.2590         8.91
      0.2600         8.86
      0.2610         8.90
      0.2620         8.91
      0.2630         8.86
      0.2640         8.91
      0.2650         8.86
      0.2660         8.94
      0.2670         8.94
      0.2680         9.02
      0.2690         9.08
      0.2700         9.15
      0.2710         9.25
      0.2720         9.23
      0.2730         9.21
      0.2740         9.19
      0.2750         9.30
      0.2760         9.29
      0.2770         9.31
      0.2780         9.33
      0.2790         9.26
      0.2800         9.25
      0.2810         9.23
      0.2820         9.16
      0.2830         9.15
      0.2840         9.08
      0.2850         9.14
      0.2860         9.14
      0.2870         9.07
      0.2880         9.10
      0.2890         9.02
      0.2900         8.88
      0.2910         8.90
      0.2920         8.90
      0.2930         8.91
      0.2940         8.92
      0.2950         8.92
      0.2960         8.96
      0.2970         9.00
      0.2980         8.98
      0.2990         9.10
      0.3000         9.06
      0.3010         9.06
      0.3020         9.16
      0.3030         9.27
      0.3040         9.31
      0.3050         9.27
      0.3060         9.21
      0.3070         9.30
      0.3080         9.27
      0.3090         9.23
      0.3100         9.30
      0.3110         9.30
      0.3120         9.31
      0.3130         9.31
      0.3140         9.25
      0.3150         9.19
      0.3160         9.17
      0.3170         9.13
      0.3180         9.11
      0.3190         9.06
      0.3200         9.11
      0.3210         9.13
      0.3220         9.07
      0.3230         9.09
      0.3240         9.03
      0.3250         9.06
      0.3260         9.10
      0.3270         9.13
      0.3280         9.13
      0.3290         9.15
      0.3300         9.17
      0.3310         9.22
      0.3320         9.23
      0.3330         9.19
      0.3340         9.26
      0.3350         9.27
      0.3360         9.27
      0.3370         9.21
      0.3380         9.26
      0.3390         9.26
      0.3400         9.22
      0.3410         9.22
      0.3420         9.19
      0.3430         9.10
      0.3440         9.18
      0.3450         9.17
      0.3460         9.14
      0.3470         9.06
      0.3480         8.97
      0.3490         8.91
      0.3500         8.90
      0.3510         8.86
      0.3520         8.80
      0.3530         8.89
      0.3540         8.90
      0.3550         8.90
      0.3560         8.95
      0.3570         9.03
      0.3580         9.02
      0.3590         9.05
      0.3600         9.09
      0.3610         9.10
      0.3620         9.04
      0.3630         9.06
      0.3640         9.03
      0.3650         9.04
      0.3660         9.04
      0.3670         9.06
      0.3680         9.17
      0.3690         9.25
      0.3700         9.23
      0.3710         9.22
      0.3720         9.23
      0.3730         9.19
      0.3740         9.14
      0.3750         9.15
      0.3760         9.11
      0.3770         9.07
      0.3780         9.06
      0.3790         9.07
      0.3800         8.98
      0.3810         8.97
      0.3820         9.01
      0.3830         8.99
      0.3840         9.01
      0.3850         9.05
      0.3860         9.05
      0.3870         9.09
      0.3880         9.11
      0.3890         9.10
      0.3900         9.03
      0.3910         8.98
      0.3920         9.03
      0.3930         9.06
      0.3940         9.03
      0.3950         9.02
      0.3960         8.94
      0.3970         8.91
      0.3980         8.82
      0.3990         8.76
      0.4000         8.80
      0.4010         8.79
      0.4020         8.79
      0.4030         8.83
      0.4040         8.82
      0.4050         8.76
      0.4060         8.71
      0.4070         8.68
      0.4080         8.68
      0.4090         8.64
      0.4100         8.70
      0.4110         8.76
      0.4120         8.71
      0.4130         8.68
      0.4140         8.75
      0.4150         8.75
      0.4160         8.79
      0.4170         8.84
      0.4180         8.94
      0.4190         8.96
      0.4200         8.99
      0.4210         9.00
      0.4220         9.03
      0.4230         8.99
      0.4240         8.96
      0.4250         8.92
      0.4260         9.00
      0.4270         9.03
      0.4280         8.96
      0.4290         8.95
      0.4300         8.90
      0.4310         8.90
      0.4320         8.91
      0.4330         8.88
      0.4340         8.87
      0.4350         8.83
      0.4360         8.88
      0.4370         8.84
      0.4380         8.88
      0.4390         8.87
      0.4400         8.93
      0.4410         8.87
      0.4420         8.83
      0.4430         8.83
      0.4440         8.93
      0.4450         8.98
      0.4460         8.99
      0.4470         9.09
      0.4480         9.13
      0.4490         9.18
      0.4500         9.25
      0.4510         9.27
      0.4520         9.37
      0.4530         9.37
      0.4540         9.40
      0.4550         9.50
      0.4560         9.42
      0.4570         9.40
      0.4580         9.38
      0.4590         9.33
      0.4600         9.22
      0.4610         9.20
      0.4620         9.22
      0.4630         9.22
      0.4640         9.10
      0.4650         9.06
      0.4660         9.02
      0.4670         8.91
      0.4680         8.83
      0.4690         8.83
      0.4700         8.86
      0.4710         8.85
      0.4720         8.83
      0.4730         8.89
      0.4740         8.83
      0.4750         8.77
      0.4760         8.82
      0.4770         8.94
      0.4780         8.91
      0.4790         8.92
      0.4800         8.95
      0.4810         9.06
      0.4820         9.07
      0.4830         9.06
      0.4840         9.11
      0.4850         9.06
      0.4860         9.07
      0.4870         9.04
      0.4880         9.10
      0.4890         9.11
      0.4900         9.08
      0.4910         9.08
      0.4920         9.04
      0.4930         8.98
      0.4940         9.00
      0.4950         9.08
      0.4960         9.16
      0.4970         9.11
      0.4980         9.15
      0.4990         9.16
      0.5000         9.20
      0.5010         9.18
      0.5020         9.20
      0.5030         9.27
      0.5040         9.24
      0.5050         9.34
      0.5060         9.35
      0.5070         9.38
      0.5080         9.35
      0.5090         9.37
      0.5100         9.38
      0.5110         9.30
      0.5120         9.30
      0.5130         9.36
      0.5140         9.42
      0.5150         9.30
      0.5160         9.15
      0.5170         9.12
      0.5180         9.04
      0.5190         9.06
      0.5200         9.04
      0.5210         9.03
      0.5220         8.91
      0.5230         8.90
      0.5240         8.87
      0.5250         8.84
      0.5260         8.88
      0.5270         8.87
      0.5280         8.91
      0.5290         8.92
      0.5300         8.92
      0.5310         8.99
      0.5320         9.10
      0.5330         9.14
      0.5340         9.12
      0.5350         9.14
      0.5360         9.24
      0.5370         9.24
      0.5380         9.26
      0.5390         9.30
      0.5400         9.31
      0.5410         9.28
      0.5420         9.32
      0.5430         9.26
      0.5440         9.31
      0.5450         9.28
      0.5460         9.22
      0.5470         9.28
      0.5480         9.26
      0.5490         9.15
      0.5500         9.15
      0.5510         9.14
      0.5520         9.01
      0.5530         8.96
      0.5540         8.96
      0.5550         8.99
      0.5560         8.95
      0.5570         8.98
      0.5580         8.99
      0.5590         8.98
      0.5600         9.02
      0.5610         9.02
      0.5620         9.10
      0.5630         9.22
      0.5640         9.16
      0.5650         9.23
      0.5660         9.36
      0.5670         9.32
      0.5680         9.30
      0.5690         9.32
      0.5700         9.27
      0.5710         9.24
      0.5720         9.30
      0.5730         9.28
      0.5740         9.22
      0.5750         9.23
      0.5760         9.16
      0.5770         9.16
      0.5780         9.16
      0.5790         9.12
      0.5800         9.07
      0.5810         9.16
      0.5820         9.05
      0.5830         8.97
      0.5840         9.07
      0.5850         9.06
      0.5860         8.92
      0.5870         8.94
      0.5880         8.95
      0.5890         9.03
      0.5900         9.06
      0.5910         9.08
      0.5920         9.11
      0.5930         9.19
      0.5940         9.26
      0.5950         9.22
      0.5960         9.30
      0.5970         9.32
      0.5980         9.28
      0.5990         9.26
      0.6000         9.22
      0.6010         9.20
      0.6020         9.24
      0.6030         9.26
      0.6040         9.26
      0.6050         9.19
      0.6060         9.16
      0.6070         9.13
      0.6080         9.16
      0.6090         9.04
      0.6100         9.11
      0.6110         9.08
      0.6120         9.00
      0.6130         8.97
      0.6140         8.92
      0.6150         8.93
      0.6160         8.92
      0.6170         8.91
      0.6180         8.97
      0.6190         9.05
      0.6200         9.10
      0.6210         9.07
      0.6220         9.12
      0.6230         9.15
      0.6240         9.08
      0.6250         9.16
      0.6260         9.16
      0.6270         9.15
      0.6280         9.12
      0.6290         9.23
      0.6300         9.16
      0.6310         9.19
      0.6320         9.19
      0.6330         9.11
      0.6340         9.05
      0.6350         9.05
      0.6360         9.08
      0.6370         9.02
      0.6380         8.95
      0.6390         8.88
      0.6400         8.87
      0.6410         8.91
      0.6420         8.87
      0.6430         8.88
      0.6440         8.90
      0.6450         8.90
      0.6460         8.96
      0.6470         9.04
      0.6480         9.15
      0.6490         9.19
      0.6500         9.20
      0.6510         9.22
      0.6520         9.28
      0.6530         9.32
      0.6540         9.46
      0.6550         9.46
      0.6560         9.47
      0.6570         9.52
      0.6580         9.54
      0.6590         9.56
      0.6600         9.55
      0.6610         9.52
      0.6620         9.51
      0.6630         9.44
      0.6640         9.44
      0.6650         9.40
      0.6660         9.36
      0.6670         9.37
      0.6680         9.36
      0.6690        10.03
      0.6700        10.75
      0.6710        11.17
      0.6720        11.41
      0.6730        11.75
      0.6740        11.95
      0.6750        12.21
      0.6760        12.46
      0.6770        12.88
      0.6780        13.29
      0.6790        13.58
      0.6800        13.82
      0.6810        14.12
      0.6820        14.38
      0.6830        14.69
      0.6840        15.01
      0.6850        15.30
      0.6860        15.40
      0.6870        15.46
      0.6880        15.37
      0.6890        15.20
      0.6900        15.11
      0.6910        14.87
      0.6920        14.71
      0.6930        14.67
      0.6940        14.68
      0.6950        14.71
      0.6960        14.59
      0.6970        14.49
      0.6980        14.29
      0.6990        14.21
      0.7000        14.22
      0.7010        14.13
      0.7020        14.17
      0.7030        14.14
      0.7040        14.12
      0.7050        14.03
      0.7060        14.12
      0.7070        14.10
      0.7080        14.16
      0.7090        14.26
      0.7100        14.24
      0.7110        14.30
      0.7120        14.44
      0.7130        14.46
      0.7140        14.41
      0.7150        14.37
      0.7160        14.52
      0.7170        14.45
      0.7180        14.52
      0.7190        14.56
      0.7200        14.59
      0.7210        14.56
      0.7220        14.59
      0.7230        14.62
      0.7240        14.57
      0.7250        14.59
      0.7260        14.62
      0.7270        14.53
      0.7280        14.56
      0.7290        14.57
      0.7300        14.54
      0.7310        14.51
      0.7320        14.60
      0.7330        14.52
      0.7340        14.60
      0.7350        14.64
      0.7360        14.58
      0.7370        14.67
      0.7380        14.81
      0.7390        14.94
      0.7400        15.05
      0.7410        15.21
      0.7420        15.19
      0.7430        15.19
      0.7440        15.31
      0.7450        15.47
      0.7460        15.46
      0.7470        15.54
      0.7480        15.52
      0.7490        15.47
      0.7500        15.52
      0.7510        15.65
      0.7520        15.59
      0.7530        15.66
      0.7540        15.62
      0.7550        15.70
      0.7560        15.74
      0.7570        15.74
      0.7580        15.77
      0.7590        15.78
      0.7600        15.70
      0.7610        15.74
      0.7620        15.86
      0.7630        16.00
      0.7640        16.07
      0.7650        16.19
      0.7660        16.31
      0.7670        16.39
      0.7680        16.45
      0.7690        16.55
      0.7700        16.63
      0.7710        16.68
      0.7720        16.77
      0.7730        16.93
      0.7740        17.07
      0.7750        17.20
      0.7760        17.25
      0.7770        17.40
      0.7780        17.49
      0.7790        17.44
      0.7800        17.55
      0.7810        17.59
      0.7820        17.60
      0.7830        17.63
      0.7840        17.56
      0.7850        17.48
      0.7860        17.43
      0.7870        17.53
      0.7880        17.57
      0.7890        17.65
      0.7900        17.79
      0.7910        17.89
      0.7920        17.92
      0.7930        17.95
      0.7940        18.11
      0.7950        18.16
      0.7960        18.18
      0.7970        18.28
      0.7980        18.27
      0.7990        18.42
      0.8000        18.56
      0.8010        18.58
      0.8020        18.68
      0.8030        18.72
      0.8040        18.97
      0.8050        19.04
      0.8060        19.15
      0.8070        19.12
      0.8080        19.28
      0.8090        19.34
      0.8100        19.38
      0.8110        19.31
      0.8120        19.36
      0.8130        19.33
      0.8140        19.24
      0.8150        19.27
      0.8160        19.35
      0.8170        19.41
      0.8180        19.42
      0.8190        19.45
      0.8200        19.49
      0.8210        19.56
      0.8220        19.63
      0.8230        19.61
      0.8240        19.61
      0.8250        19.69
      0.8260        19.83
      0.8270        19.97
      0.8280        20.01
      0.8290        20.09
      0.8300        20.12
      0.8310        20.30
      0.8320        20.33
      0.8330        20.49
      0.8340        20.60
      0.8350        20.68
      0.8360        20.77
      0.8370        20.71
      0.8380        20.84
      0.8390        20.87
      0.8400        20.83
      0.8410        20.84
      0.8420        20.76
      0.8430        20.88
      0.8440        20.79
      0.8450        20.79
      0.8460        20.71
      0.8470        20.69
      0.8480        20.71
      0.8490        20.69
      0.8500        20.73
      0.8510        20.68
      0.8520        20.72
      0.8530        20.84
      0.8540        20.91
      0.8550        20.83
      0.8560        20.93
      0.8570        21.01
      0.8580        21.04
      0.8590        21.11
      0.8600        21.17
      0.8610        21.30
      0.8620        21.45
      0.8630        21.49
      0.8640        21.68
      0.8650        21.73
      0.8660        21.91
      0.8670        21.91
      0.8680        21.96
      0.8690        22.05
      0.8700        22.05
      0.8710        22.09
      0.8720        22.12
      0.8730        22.11
      0.8740        22.07
      0.8750        22.23
      0.8760        22.23
      0.8770        22.25
      0.8780        22.35
      0.8790        22.47
      0.8800        22.56
      0.8810        22.64
      0.8820        22.76
      0.8830        22.80
      0.8840        22.85
      0.8850        22.92
      0.8860        22.95
      0.8870        23.11
      0.8880        23.10
      0.8890        23.11
      0.8900        23.23
      0.8910        23.30
      0.8920        23.43
      0.8930        23.50
      0.8940        23.62
      0.8950        23.61
      0.8960        23.69
      0.8970        23.78
      0.8980        23.72
      0.8990        23.65
      0.9000        23.70
      0.9010        23.69
      0.9020        23.63
      0.9030        23.76
      0.9040        23.75
      0.9050        23.84
      0.9060        23.80
      0.9070        23.87
      0.9080        24.03
      0.9090        24.10
      0.9100        24.23
      0.9110        24.29
      0.9120        24.46
      0.9130        24.55
      0.9140        24.74
      0.9150        24.86
      0.9160        24.89
      0.9170        25.03
      0.9180        25.15
      0.9190        25.42
      0.9200        25.46
      0.9210        25.55
      0.9220        25.75
      0.9230        25.81
      0.9240        25.94
      0.9250        25.90
      0.9260        26.02
      0.9270        26.09
      0.9280        26.16
      0.9290        26.36
      0.9300        26.36
      0.9310        26.44
      0.9320        26.47
      0.9330        26.48
      0.9340        26.49
      0.9350        26.59
      0.9360        26.69
      0.9370        26.74
      0.9380        26.96
      0.9390        27.01
      0.9400        27.27
      0.9410        27.37
      0.9420        27.42
      0.9430        27.50
      0.9440        27.69
      0.9450        27.95
      0.9460        28.07
      0.9470        28.25
      0.9480        28.36
      0.9490        28.41
      0.9500        28.57
      0.9510        28.73
      0.9520        28.73
      0.9530        28.88
      0.9540        28.97
      0.9550        28.97
      0.9560        29.10
      0.9570        29.22
      0.9580        29.21
      0.9590        29.29
      0.9600        29.18
      0.9610        29.21
      0.9620        29.32
      0.9630        29.38
      0.9640        29.46
      0.9650        29.45
      0.9660        29.58
      0.9670        29.57
      0.9680        29.66
      0.9690        29.80
      0.9700        29.79
      0.9710        29.82
      0.9720        30.02
      0.9730        30.07
      0.9740        30.25
      0.9750        30.50
      0.9760        30.59
      0.9770        30.66
      0.9780        30.75
      0.9790        30.82
      0.9800        30.99
      0.9810        31.08
      0.9820        31.22
      0.9830        31.26
      0.9840        31.33
      0.9850        31.45
      0.9860        31.53
      0.9870        31.64
      0.9880        31.82
      0.9890        31.81
      0.9900        31.97
      0.9910        32.17
      0.9920        32.21
      0.9930        32.39
      0.9940        32.46
      0.9950        32.52
      0.9960        32.54
      0.9970        32.67
      0.9980        32.80
      0.9990        32.88
      1.0000        33.10
      1.0010        33.21
      1.0020        33.27
      1.0030        33.48
      1.0040        33.45
      1.0050        33.58
      1.0060        33.58
      1.0070        33.65
      1.0080        33.61
      1.0090        33.69
      1.0100        33.77
      1.0110        33.78
      1.0120        33.85
      1.0130        33.82
      1.0140        33.84
      1.0150        33.74
      1.0160        33.80
      1.0170        33.74
      1.0180        33.73
      1.0190        33.85
      1.0200        33.73
      1.0210        33.80
      1.0220        33.84
      1.0230        33.86
      1.0240        33.96
      1.0250        33.89
      1.0260        34.02
      1.0270        34.13
      1.0280        34.29
      1.0290        34.49
      1.0300        34.51
      1.0310        34.61
      1.0320        34.61
      1.0330        34.70
      1.0340        34.74
      1.0350        34.92
      1.0360        35.15
      1.0370        35.36
      1.0380        35.52
      1.0390        35.51
      1.0400        35.63
      1.0410        35.66
      1.0420        35.68
      1.0430        35.70
      1.0440        35.79
      1.0450        35.95
      1.0460        36.01
      1.0470        36.01
      1.0480        35.97
      1.0490        35.87
      1.0500        35.94
      1.0510        35.97
      1.0520        36.18
      1.0530        36.25
      1.0540        36.29
      1.0550        36.27
      1.0560        36.24
      1.0570        36.22
      1.0580        36.36
      1.0590        36.51
      1.0600        36.64
      1.0610        36.75
      1.0620        36.81
      1.0630        36.93
      1.0640        36.99
      1.0650        37.02
      1.0660        37.16
      1.0670        37.28
      1.0680        37.43
      1.0690        37.56
      1.0700        37.67
      1.0710        37.81
      1.0720        37.76
      1.0730        37.87
      1.0740        38.00
      1.0750        38.19
      1.0760        38.27
      1.0770        38.35
      1.0780        38.28
      1.0790        38.22
      1.0800        38.32
      1.0810        38.42
      1.0820        38.42
      1.0830        38.50
      1.0840        38.52
      1.0850        38.70
      1.0860        38.69
      1.0870        38.77
      1.0880        38.84
      1.0890        38.95
      1.0900        39.07
      1.0910        39.05
      1.0920        39.12
      1.0930        39.19
      1.0940        39.27
      1.0950        39.28
      1.0960        39.28
      1.0970        39.35
      1.0980        39.44
      1.0990        39.63
      1.1000        39.59
      1.1010        39.52
      1.1020        39.71
      1.1030        39.65
      1.1040        39.74
      1.1050        39.65
      1.1060        39.71
      1.1070        39.65
      1.1080        39.55
      1.1090        39.54
      1.1100        39.53
      1.1110        39.54
      1.1120        39.70
      1.1130        39.78
      1.1140        39.82
      1.1150        39.91
      1.1160        40.07
      1.1170        40.14
      1.1180        40.17
      1.1190        40.21
      1.1200        40.31
      1.1210        40.43
      1.1220        40.36
      1.1230        40.40
      1.1240        40.36
      1.1250        40.50
      1.1260        40.52
      1.1270        40.60
      1.1280        40.60
      1.1290        40.54
      1.1300        40.50
      1.1310        40.60
      1.1320        40.51
      1.1330        40.40
      1.1340        40.31
      1.1350        40.31
      1.1360        40.20
      1.1370        40.15
      1.1380        40.13
      1.1390        40.05
      1.1400        40.05
      1.1410        40.13
      1.1420        40.19
      1.1430        40.30
      1.1440        40.38
      1.1450        40.39
      1.1460        40.38
      1.1470        40.35
      1.1480        40.38
      1.1490        40.49
      1.1500        40.62
      1.1510        40.55
      1.1520        40.57
      1.1530        40.70
      1.1540        40.82
      1.1550        40.85
      1.1560        40.94
      1.1570        41.02
      1.1580        41.06
      1.1590        41.21
      1.1600        41.25
      1.1610        41.26
      1.1620        41.34
      1.1630        41.26
      1.1640        41.26
      1.1650        41.28
      1.1660        41.33
      1.1670        41.49
      1.1680        41.67
      1.1690        41.76
      1.1700        41.69
      1.1710        41.85
      1.1720        41.97
      1.1730        41.94
      1.1740        42.05
      1.1750        42.05
      1.1760        42.02
      1.1770        42.17
      1.1780        42.28
      1.1790        42.34
      1.1800        42.36
      1.1810        42.46
      1.1820        42.60
      1.1830        42.76
      1.1840        43.00
      1.1850        43.11
      1.1860        43.22
      1.1870        43.31
      1.1880        43.41
      1.1890        43.46
      1.1900        43.69
      1.1910        43.71
      1.1920        43.79
      1.1930        43.91
      1.1940        43.93
      1.1950        44.03
      1.1960        44.08
      1.1970        44.10
      1.1980        44.24
      1.1990        44.38
      1.2000        44.48
      1.2010        44.53
      1.2020        44.51
      1.2030        44.67
      1.2040        44.65
      1.2050        44.74
      1.2060        44.79
      1.2070        44.93
      1.2080        45.00
      1.2090        45.20
      1.2100        45.31
      1.2110        45.47
      1.2120        45.64
      1.2130        45.71
      1.2140        45.89
      1.2150        46.07
      1.2160        46.27
      1.2170        46.38
      1.2180        46.21
      1.2190        46.24
      1.2200        46.34
      1.2210        46.44
      1.2220        46.53
      1.2230        46.56
      1.2240        46.65
      1.2250        46.79
      1.2260        46.92
      1.2270        46.97
      1.2280        47.01
      1.2290        47.01
      1.2300        47.13
      1.2310        47.19
      1.2320        47.32
      1.2330        47.49
      1.2340        47.60
      1.2350        47.66
      1.2360        47.78
      1.2370        47.86
      1.2380        48.29
      1.2390        48.46
      1.2400        48.61
      1.2410        48.68
      1.2420        48.92
      1.2430        49.00
      1.2440        49.08
      1.2450        49.01
      1.2460        49.07
      1.2470        49.03
      1.2480        49.15
      1.2490        49.06
      1.2500        48.90
      1.2510        48.95
      1.2520        48.74
      1.2530        48.71
      1.2540        48.62
      1.2550        48.53
      1.2560        48.54
      1.2570        48.54
      1.2580        48.50
      1.2590        48.38
      1.2600        48.35
      1.2610        48.48
      1.2620        48.47
      1.2630        48.53
      1.2640        48.46
      1.2650        48.61
      1.2660        48.62
      1.2670        48.73
      1.2680        48.75
      1.2690        48.95
      1.2700        49.21
      1.2710        49.31
      1.2720        49.54
      1.2730        49.57
      1.2740        49.61
      1.2750        49.69
      1.2760        49.69
      1.2770        49.72
      1.2780        49.71
      1.2790        49.76
      1.2800        49.77
      1.2810        49.71
      1.2820        49.69
      1.2830        49.69
      1.2840        49.89
      1.2850        49.89
      1.2860        49.93
      1.2870        49.89
      1.2880        49.88
      1.2890        49.87
      1.2900        49.87
      1.2910        49.76
      1.2920        49.71
      1.2930        49.73
      1.2940        49.81
      1.2950        49.92
      1.2960        50.08
      1.2970        50.17
      1.2980        50.13
      1.2990        50.24
      1.3000        50.22
      1.3010        50.28
      1.3020        50.13
      1.3030        50.17
      1.3040        50.09
      1.3050        50.06
      1.3060        50.04
      1.3070        50.13
      1.3080        50.14
      1.3090        50.12
      1.3100        50.05
      1.3110        50.00
      1.3120        50.04
      1.3130        50.03
      1.3140        50.03
      1.3150        50.01
      1.3160        49.88
      1.3170        49.77
      1.3180        49.83
      1.3190        49.66
      1.3200        49.72
      1.3210        49.71
      1.3220        49.84
      1.3230        49.88
      1.3240        49.93
      1.3250        49.97
      1.3260        50.12
      1.3270        50.10
      1.3280        50.13
      1.3290        50.18
      1.3300        50.18
      1.3310        50.30
      1.3320        50.36
      1.3330        50.46
      1.3340        50.47
      1.3350        50.43
      1.3360        50.45
      1.3370        50.58
      1.3380        50.46
      1.3390        50.48
      1.3400        50.57
      1.3410        50.49
      1.3420        50.48
      1.3430        50.36
      1.3440        50.35
      1.3450        50.40
      1.3460        50.39
      1.3470        50.44
      1.3480        50.48
      1.3490        50.50
      1.3500        50.53
      1.3510        50.57
      1.3520        50.61
      1.3530        50.69
      1.3540        50.76
      1.3550        50.79
      1.3560        50.84
      1.3570        50.77
      1.3580        50.93
      1.3590        51.05
      1.3600        50.96
      1.3610        51.05
      1.3620        51.05
      1.3630        51.13
      1.3640        51.20
      1.3650        51.20
      1.3660        51.11
      1.3670        51.03
      1.3680        50.91
      1.3690        50.86
      1.3700        50.76
      1.3710        50.63
      1.3720        50.62
      1.3730        50.50
      1.3740        50.36
      1.3750        50.34
      1.3760        50.28
      1.3770        50.25
      1.3780        50.09
      1.3790        50.06
      1.3800        50.09
      1.3810        50.13
      1.3820        50.09
      1.3830        50.02
      1.3840        49.94
      1.3850        49.85
      1.3860        49.83
      1.3870        49.88
      1.3880        49.91
      1.3890        49.97
      1.3900        50.10
      1.3910        50.22
      1.3920        50.06
      1.3930        50.02
      1.3940        50.01
      1.3950        49.94
      1.3960        49.96
      1.3970        49.96
      1.3980        49.99
      1.3990        49.93
      1.4000        49.97
      1.4010        49.88
      1.4020        49.83
      1.4030        49.90
      1.4040        49.90
      1.4050        49.90
      1.4060        49.83
      1.4070        49.68
      1.4080        49.67
      1.4090        49.61
      1.4100        49.49
      1.4110        49.45
      1.4120        49.53
      1.4130        49.58
      1.4140        49.58
      1.4150        49.62
      1.4160        49.53
      1.4170        49.41
      1.4180        49.48
      1.4190        49.52
      1.4200        49.36
      1.4210        49.34
      1.4220        49.33
      1.4230        49.22
      1.4240        49.18
      1.4250        49.20
      1.4260        49.13
      1.4270        49.09
      1.4280        49.00
      1.4290        48.87
      1.4300        48.79
      1.4310        48.72
      1.4320        48.57
      1.4330        48.41
      1.4340        48.43
      1.4350        48.27
      1.4360        48.28
      1.4370        48.35
      1.4380        48.26
      1.4390        48.13
      1.4400        48.05
      1.4410        47.98
      1.4420        47.89
      1.4430        47.89
      1.4440        47.78
      1.4450        47.66
      1.4460        47.68
      1.4470        47.66
      1.4480        47.66
      1.4490        47.61
      1.4500        47.52
      1.4510        47.38
      1.4520        47.34
      1.4530        47.22
      1.4540        47.05
      1.4550        47.03
      1.4560        46.88
      1.4570        46.67
      1.4580        46.44
      1.4590        46.39
      1.4600        46.31
      1.4610        46.13
      1.4620        46.15
      1.4630        45.95
      1.4640        45.84
      1.4650        45.77
      1.4660        45.71
      1.4670        45.65
      1.4680        45.51
      1.4690        45.47
      1.4700        45.37
      1.4710        45.28
      1.4720        45.14
      1.4730        45.04
      1.4740        44.98
      1.4750        44.85
      1.4760        44.73
      1.4770        44.63
      1.4780        44.59
      1.4790        44.39
      1.4800        44.10
      1.4810        43.99
      1.4820        43.75
      1.4830        43.61
      1.4840        43.45
      1.4850        43.21
      1.4860        42.93
      1.4870        42.72
      1.4880        42.50
      1.4890        42.32
      1.4900        42.05
      1.4910        41.85
      1.4920        41.66
      1.4930        41.50
      1.4940        41.20
      1.4950        41.06
      1.4960        40.85
      1.4970        40.69
      1.4980        40.42
      1.4990        40.30
      1.5000        40.29
      1.5010        40.05
      1.5020        40.03
      1.5030        39.86
      1.5040        39.71
      1.5050        39.54
      1.5060        39.28
      1.5070        39.06
      1.5080        38.89
      1.5090        38.70
      1.5100        38.64
      1.5110        38.44
      1.5120        38.09
      1.5130        37.85
      1.5140        37.67
      1.5150        37.44
      1.5160        37.30
      1.5170        37.04
      1.5180        36.92
      1.5190        36.63
      1.5200        36.38
      1.5210        36.07
      1.5220        35.70
      1.5230        35.46
      1.5240        35.18
      1.5250        34.99
      1.5260        34.91
      1.5270        34.72
      1.5280        34.55
      1.5290        34.28
      1.5300        33.95
      1.5310        33.80
      1.5320        33.73
      1.5330        33.55
      1.5340        33.33
      1.5350        33.05
      1.5360        32.69
      1.5370        32.52
      1.5380        32.23
      1.5390        32.00
      1.5400        31.67
      1.5410        31.51
      1.5420        31.24
      1.5430        31.03
      1.5440        30.81
      1.5450        30.42
      1.5460        30.10
      1.5470        29.73
      1.5480        29.42
      1.5490        29.14
      1.5500        28.95
      1.5510        28.51
      1.5520        28.23
      1.5530        27.97
      1.5540        27.66
      1.5550        27.44
      1.5560        27.27
      1.5570        27.02
      1.5580        26.83
      1.5590        26.63
      1.5600        26.51
      1.5610        26.25
      1.5620        26.06
      1.5630        25.82
      1.5640        25.41
      1.5650        25.27
      1.5660        24.98
      1.5670        24.84
      1.5680        24.63
      1.5690        24.38
      1.5700        24.09
      1.5710        23.78
      1.5720        23.53
      1.5730        23.22
      1.5740        22.99
      1.5750        22.74
      1.5760        22.45
      1.5770        22.20
      1.5780        21.92
      1.5790        21.62
      1.5800        21.27
      1.5810        21.02
      1.5820        20.78
      1.5830        20.51
      1.5840        20.28
      1.5850        20.12
      1.5860        19.98
      1.5870        19.76
      1.5880        19.59
      1.5890        19.35
      1.5900        19.12
      1.5910        19.04
      1.5920        18.80
      1.5930        18.65
      1.5940        18.55
      1.5950        18.31
      1.5960        18.09
      1.5970        17.85
      1.5980        17.65
      1.5990        17.44
      1.6000        17.32
      1.6010        17.17
      1.6020        16.87
      1.6030        16.70
      1.6040        16.58
      1.6050        16.24
      1.6060        16.02
      1.6070        15.82
      1.6080        15.64
      1.6090        15.52
      1.6100        15.39
      1.6110        15.13
      1.6120        15.01
      1.6130        14.81
      1.6140        14.61
      1.6150        14.45
      1.6160        14.37
      1.6170        14.25
      1.6180        13.98
      1.6190        13.93
      1.6200        13.77
      1.6210        13.59
      1.6220        13.49
      1.6230        13.30
      1.6240        13.15
      1.6250        13.13
      1.6260        13.06
      1.6270        12.85
      1.6280        12.58
      1.6290        11.92
      1.6300        11.74
      1.6310        12.10
      1.6320        11.86
      1.6330        11.64
      1.6340        11.46
      1.6350        11.36
      1.6360        11.18
      1.6370        11.05
      1.6380        10.96
      1.6390        10.18
      1.6400        10.02
      1.6410         9.93
      1.6420         9.96
      1.6430         9.89
      1.6440         9.93
      1.6450         9.88
      1.6460         9.80
      1.6470         9.77
      1.6480         9.83
      1.6490         9.28
      1.6500         9.23
      1.6510         9.23
      1.6520         9.75
      1.6530         9.32
      1.6540         9.28
      1.6550         9.26
      1.6560         9.23
      1.6570         9.28
      1.6580         9.28
      1.6590         9.32
      1.6600         9.26
      1.6610         9.24
      1.6620         9.12
      1.6630         9.18
      1.6640         9.16
      1.6650         9.08
      1.6660         9.01
      1.6670         9.03
      1.6680         9.00
      1.6690         8.96
      1.6700         9.06
      1.6710         9.00
      1.6720         8.96
      1.6730         8.89
      1.6740         8.95
      1.6750         8.97
      1.6760         9.04
      1.6770         8.96
      1.6780         9.00
      1.6790         8.99
      1.6800         9.11
      1.6810         9.11
      1.6820         9.19
      1.6830         9.15
      1.6840         9.15
      1.6850         9.22
      1.6860         9.23
      1.6870         9.18
      1.6880         9.18
      1.6890         9.22
      1.6900         9.10
      1.6910         9.12
      1.6920         9.16
      1.6930         9.23
      1.6940         9.16
      1.6950         9.18
      1.6960         9.18
      1.6970         9.19
      1.6980         9.18
      1.6990         9.19
      1.7000         9.13
      1.7010         9.11
      1.7020         9.14
      1.7030         9.19
      1.7040         9.22
      1.7050         9.19
      1.7060         9.25
      1.7070         9.19
      1.7080         9.21
      1.7090         9.23
      1.7100         9.25
      1.7110         9.29
      1.7120         9.21
      1.7130         9.15
      1.7140         9.22
      1.7150         9.11
      1.7160         9.11
      1.7170         9.06
      1.7180         9.07
      1.7190         9.10
      1.7200         9.13
      1.7210         9.21
      1.7220         9.11
      1.7230         9.10
      1.7240         9.05
      1.7250         9.02
      1.7260         9.03
      1.7270         9.09
      1.7280         9.10
      1.7290         9.03
      1.7300         9.05
      1.7310         9.06
      1.7320         9.13
      1.7330         9.19
      1.7340         9.14
      1.7350         9.19
      1.7360         9.13
      1.7370         9.18
      1.7380         9.22
      1.7390         9.25
      1.7400         9.28
      1.7410         9.18
      1.7420         9.25
      1.7430         9.20
      1.7440         9.18
      1.7450         9.18
      1.7460         9.14
      1.7470         9.13
      1.7480         9.09
      1.7490         9.10
      1.7500         9.16
      1.7510         9.14
      1.7520         9.08
      1.7530         9.05
      1.7540         9.02
      1.7550         9.06
      1.7560         9.17
      1.7570         9.16
      1.7580         9.12
      1.7590         9.05
      1.7600         9.05
      1.7610         9.06
      1.7620         9.05
      1.7630         9.09
      1.7640         9.17
      1.7650         9.21
      1.7660         9.20
      1.7670         9.23
      1.7680         9.25
      1.7690         9.24
      1.7700         9.17
      1.7710         9.20
      1.7720         9.31
      1.7730         9.20
      1.7740         9.22
      1.7750         9.06
      1.7760         9.02
      1.7770         8.96
      1.7780         9.00
      1.7790         9.01
      1.7800         8.98
      1.7810         8.94
      1.7820         8.93
      1.7830         8.93
      1.7840         8.92
      1.7850         8.88
      1.7860         8.88
      1.7870         8.89
      1.7880         8.90
      1.7890         8.90
      1.7900         8.98
      1.7910         9.00
      1.7920         8.94
      1.7930         9.03
      1.7940         9.14
      1.7950         9.18
      1.7960         9.14
      1.7970         9.21
      1.7980         9.23
      1.7990         9.21
      1.8000         9.19
      1.8010         9.21
      1.8020         9.15
      1.8030         9.15
      1.8040         9.07
      1.8050         9.07
      1.8060         9.03
      1.8070         9.07
      1.8080         9.09
      1.8090         9.06
      1.8100         9.03
      1.8110         8.99
      1.8120         8.99
      1.8130         8.98
      1.8140         8.91
      1.8150         8.97
      1.8160         9.01
      1.8170         8.99
      1.8180         9.04
      1.8190         9.04
      1.8200         9.05
      1.8210         9.16
      1.8220         9.26
      1.8230         9.26
      1.8240         9.34
      1.8250         9.33
      1.8260         9.40
      1.8270         9.37
      1.8280         9.36
      1.8290         9.38
      1.8300         9.42
      1.8310         9.38
      1.8320         9.42
      1.8330         9.42
      1.8340         9.36
      1.8350         9.38
      1.8360         9.38
      1.8370         9.41
      1.8380         9.33
      1.8390         9.30
      1.8400         9.26
      1.8410         9.10
      1.8420         9.06
      1.8430         9.01
      1.8440         9.00
      1.8450         9.00
      1.8460         8.97
      1.8470         8.94
      1.8480         8.93
      1.8490         8.92
      1.8500         8.86
      1.8510         8.80
      1.8520         8.76
      1.8530         8.84
      1.8540         8.94
      1.8550         8.97
      1.8560         8.96
      1.8570         8.92
      1.8580         8.96
      1.8590         8.98
      1.8600         9.01
      1.8610         9.04
      1.8620         9.06
      1.8630         9.08
      1.8640         9.01
      1.8650         9.02
      1.8660         9.02
      1.8670         8.97
      1.8680         8.93
      1.8690         8.94
      1.8700         8.96
      1.8710         8.98
      1.8720         9.05
      1.8730         8.94
      1.8740         8.86
      1.8750         8.80
      1.8760         8.78
      1.8770         8.77
      1.8780         8.73
      1.8790         8.73
      1.8800         8.78
      1.8810         8.86
      1.8820         8.81
      1.8830         8.77
      1.8840         8.90
      1.8850         8.94
      1.8860         8.90
      1.8870         8.96
      1.8880         9.04
      1.8890         9.08
      1.8900         9.01
      1.8910         9.05
      1.8920         9.04
      1.8930         9.13
      1.8940         9.13
      1.8950         9.18
      1.8960         9.17
      1.8970         9.20
      1.8980         9.21
      1.8990         9.23
      1.9000         9.17
      1.9010         9.17
      1.9020         9.20
      1.9030         9.24
      1.9040         9.10
      1.9050         9.05
      1.9060         9.14
      1.9070         9.14
      1.9080         9.16
      1.9090         9.18
      1.9100         9.32
      1.9110         9.33
      1.9120         9.34
      1.9130         9.32
      1.9140         9.29
      1.9150         9.26
      1.9160         9.24
      1.9170         9.29
      1.9180         9.33
      1.9190         9.28
      1.9200         9.32
      1.9210         9.28
      1.9220         9.26
      1.9230         9.26
      1.9240         9.33
      1.9250         9.34
      1.9260         9.26
      1.9270         9.28
      1.9280         9.22
      1.9290         9.14
      1.9300         9.02
      1.9310         8.98
      1.9320         8.93
      1.9330         8.93
      1.9340         9.05
      1.9350         9.05
      1.9360         9.06
      1.9370         9.05
      1.9380         9.02
      1.9390         9.01
      1.9400         8.95
      1.9410         8.98
      1.9420         8.95
      1.9430         9.01
      1.9440         8.98
      1.9450         9.02
      1.9460         9.05
      1.9470         9.03
      1.9480         9.01
      1.9490         9.06
      1.9500         9.13
      1.9510         9.14
      1.9520         9.13
      1.9530         9.16
      1.9540         9.08
      1.9550         9.08
      1.9560         9.05
      1.9570         8.97
      1.9580         8.88
      1.9590         8.92
      1.9600         8.93
      1.9610         8.90
      1.9620         8.93
      1.9630         8.85
      1.9640         8.84
      1.9650         8.81
      1.9660         8.86
      1.9670         8.89
      1.9680         8.93
      1.9690         8.92
      1.9700         8.94
      1.9710         8.97
      1.9720         8.96
      1.9730         8.97
      1.9740         9.00
      1.9750         9.01
      1.9760         9.08
      1.9770         9.12
      1.9780         9.12
      1.9790         9.16
      1.9800         9.18
      1.9810         9.13
      1.9820         9.14
      1.9830         9.20
      1.9840         9.17
      1.9850         9.20
      1.9860         9.10
      1.9870         9.05
      1.9880         9.02
      1.9890         9.02
      1.9900         8.98
      1.9910         8.94
      1.9920         9.04
      1.9930         8.97
      1.9940         8.98
      1.9950         8.91
      1.9960         9.00
      1.9970         9.04
      1.9980         9.16
      1.9990         9.17
      2.0000         9.20
      2.0010         9.38
      2.0020         9.44
      2.0030         9.42
      2.0040         9.45
      2.0050         9.40
      2.0060         9.45
      2.0070         9.45
      2.0080         9.46
      2.0090         9.44
      2.0100         9.38
      2.0110         9.38
      2.0120         9.26
      2.0130         9.25
      2.0140         9.19
      2.0150         9.21
      2.0160         9.10
      2.0170         9.05
      2.0180         8.98
      2.0190         8.93
      2.0200         8.89
      2.0210         8.79
      2.0220         8.71
      2.0230         8.75
      2.0240         8.75
      2.0250         8.81
      2.0260         8.79
      2.0270         8.89
      2.0280         8.85
      2.0290         8.91
      2.0300         8.99
      2.0310         9.01
      2.0320         9.07
      2.0330         9.10
      2.0340         9.13
      2.0350         9.15
      2.0360         9.27
      2.0370         9.34
      2.0380         9.33
      2.0390         9.35
      2.0400         9.33
      2.0410         9.35
      2.0420         9.34
      2.0430         9.23
      2.0440         9.21
      2.0450         9.18
      2.0460         9.17
      2.0470         9.06
      2.0480         9.11
      2.0490         9.15
      2.0500         9.10
      2.0510         9.13
      2.0520         9.07
      2.0530         9.10
      2.0540         9.14
      2.0550         9.19
      2.0560         9.15
      2.0570         9.18
      2.0580         9.26
      2.0590         9.22
      2.0600         9.25
      2.0610         9.26
      2.0620         9.31
      2.0630         9.38
      2.0640         9.45
      2.0650         9.46
      2.0660         9.53
      2.0670         9.54
      2.0680         9.54
      2.0690         9.42
      2.0700         9.37
      2.0710         9.34
      2.0720         9.34
      2.0730         9.27
      2.0740         9.22
      2.0750         9.19
      2.0760         9.06
      2.0770         8.99
      2.0780         9.05
      2.0790         9.07
      2.0800         9.10
      2.0810         9.06
      2.0820         9.03
      2.0830         9.01
      2.0840         9.05
      2.0850         9.08
      2.0860         9.09
      2.0870         9.16
      2.0880         9.17
      2.0890         9.14
      2.0900         9.20
      2.0910         9.25
      2.0920         9.16
      2.0930         9.09
      2.0940         9.10
      2.0950         9.12
      2.0960         9.24
      2.0970         9.25
      2.0980         9.16
      2.0990         9.09
      2.1000         9.09
      2.1010         9.12
      2.1020         9.12
      2.1030         9.10
      2.1040         9.05
      2.1050         8.98
      2.1060         8.89
      2.1070         8.86
      2.1080         8.86
      2.1090         8.92
      2.1100         8.97
      2.1110         8.94
      2.1120         9.05
      2.1130         9.19
      2.1140         9.23
      2.1150         9.24
      2.1160         9.23
      2.1170         9.23
      2.1180         9.21
      2.1190         9.35
      2.1200         9.36
      2.1210         9.40
      2.1220         9.31
      2.1230         9.32
      2.1240         9.29
      2.1250         9.29
      2.1260         9.32
      2.1270         9.27
      2.1280         9.23
      2.1290         9.28
      2.1300         9.23
      2.1310         9.16
      2.1320         9.16
      2.1330         9.16
      2.1340         9.10
      2.1350         9.12
      2.1360         9.04
      2.1370         9.05
      2.1380         9.02
      2.1390         9.01
      2.1400         8.92
      2.1410         8.89
      2.1420         9.04
      2.1430         9.01
      2.1440         9.01
      2.1450         9.13
      2.1460         9.13
      2.1470         9.13
      2.1480         9.14
      2.1490         9.08
      2.1500         9.10
      2.1510         9.21
      2.1520         9.16
      2.1530         9.08
      2.1540         9.06
      2.1550         9.04
      2.1560         9.09
      2.1570         9.08
      2.1580         9.04
      2.1590         8.92
      2.1600         8.91
      2.1610         8.85
      2.1620         8.75
      2.1630         8.79
      2.1640         8.82
      2.1650         8.70
      2.1660         8.66
      2.1670         8.73
      2.1680         8.69
      2.1690         8.70
      2.1700         8.69
      2.1710         8.69
      2.1720         8.77
      2.1730         8.82
      2.1740         8.88
      2.1750         8.89
      2.1760         8.90
      2.1770         9.00
      2.1780         9.06
      2.1790         9.13
      2.1800         9.20
      2.1810         9.16
      2.1820         9.20
      2.1830         9.21
      2.1840         9.22
      2.1850         9.29
      2.1860         9.30
      2.1870         9.21
      2.1880         9.29
      2.1890         9.21
      2.1900         9.11
      2.1910         9.07
      2.1920         9.02
      2.1930         8.99
      2.1940         8.93
      2.1950         8.89
      2.1960         8.89
      2.1970         8.73
      2.1980         8.69
      2.1990         8.75
      2.2000         8.79
      2.2010         8.93
      2.2020         8.95
      2.2030         9.04
      2.2040         8.96
      2.2050         8.92
      2.2060         8.92
      2.2070         9.02
      2.2080         8.96
      2.2090         9.00
      2.2100         9.09
      2.2110         9.13
      2.2120         9.18
      2.2130         9.20
      2.2140         9.21
      2.2150         9.20
      2.2160         9.17
      2.2170         9.18
      2.2180         9.22
      2.2190         9.18
      2.2200         9.10
      2.2210         9.01
      2.2220         9.00
      2.2230         8.88
      2.2240         8.90
      2.2250         8.98
      2.2260         9.04
      2.2270         9.01
      2.2280         9.01
      2.2290         9.01
      2.2300         9.05
      2.2310         9.00
      2.2320         9.01
      2.2330         9.10
      2.2340         9.14
      2.2350         9.16
      2.2360         9.18
      2.2370         9.29
      2.2380         9.36
      2.2390         9.38
      2.2400         9.36
      2.2410         9.41
      2.2420         9.40
      2.2430         9.44
      2.2440         9.40
      2.2450         9.29
      2.2460         9.29
      2.2470         9.29
      2.2480         9.32
      2.2490         9.33
      2.2500         9.32
      2.2510         9.33
      2.2520         9.27
      2.2530         9.19
      2.2540         9.15
      2.2550         9.12
      2.2560         9.08
      2.2570         9.04
      2.2580         8.99
      2.2590         9.05
      2.2600         9.13
      2.2610         9.13
      2.2620         9.19
      2.2630         9.21
      2.2640         9.20
      2.2650         9.25
      2.2660         9.20
      2.2670         9.20
      2.2680         9.23
      2.2690         9.24
      2.2700         9.23
      2.2710         9.21
      2.2720         9.25
      2.2730         9.19
      2.2740         9.20
      2.2750         9.25
      2.2760         9.24
      2.2770         9.13
      2.2780         9.11
      2.2790         9.01
      2.2800         9.00
      2.2810         8.93
      2.2820         8.85
      2.2830         8.83
      2.2840         8.95
      2.2850         8.84
      2.2860         8.92
      2.2870         8.95
      2.2880         8.93
      2.2890         9.00
      2.2900         8.93
      2.2910         8.97
      2.2920         9.03
      2.2930         9.05
      2.2940         9.04
      2.2950         9.01
      2.2960         9.06
      2.2970         9.17
      2.2980         9.19
      2.2990         9.20
      2.3000         9.21
      2.3010         9.21
      2.3020         9.29
      2.3030         9.24
      2.3040         9.14
      2.3050         9.18
      2.3060         9.17
      2.3070         9.09
      2.3080         9.04
      2.3090         9.00
      2.3100         9.01
      2.3110         8.94
      2.3120         8.86
      2.3130         8.86
      2.3140         8.90
      2.3150         9.04
      2.3160         9.10
      2.3170         9.09
      2.3180         9.13
      2.3190         9.13
      2.3200         9.12
      2.3210         9.17
      2.3220         9.14
      2.3230         9.24
      2.3240         9.34
      2.3250         9.44
      2.3260         9.41
      2.3270         9.44
      2.3280         9.48
      2.3290         9.45
      2.3300         9.45
      2.3310         9.55
      2.3320         9.52
      2.3330         9.56
      2.3340         9.41
      2.3350         9.24
      2.3360         9.09
      2.3370         9.05
      2.3380         9.01
      2.3390         9.00
      2.3400         8.97
      2.3410         8.92
      2.3420         8.93
      2.3430         8.92
      2.3440         8.87
      2.3450         8.89
      2.3460         8.86
      2.3470         8.88
      2.3480         8.89
      2.3490         8.93
      2.3500         9.00
      2.3510         9.00
      2.3520         9.08
      2.3530         9.08
      2.3540         9.21
      2.3550         9.23
      2.3560         9.35
      2.3570         9.41
      2.3580         9.44
      2.3590         9.43
      2.3600         9.43
      2.3610         9.39
      2.3620         9.35
      2.3630         9.28
      2.3640         9.27
      2.3650         9.20
      2.3660         9.17
      2.3670         9.17
      2.3680         9.20
      2.3690         9.12
      2.3700         9.08
      2.3710         9.05
      2.3720         9.04
      2.3730         9.01
      2.3740         9.05
      2.3750         9.15
      2.3760         9.15
      2.3770         9.15
      2.3780         9.19
      2.3790         9.31
      2.3800         9.36
      2.3810         9.45
      2.3820         9.48
      2.3830         9.57
      2.3840         9.57
      2.3850         9.57
      2.3860         9.57
      2.3870         9.52
      2.3880         9.47
      2.3890         9.52
      2.3900         9.55
      2.3910         9.51
      2.3920         9.48
      2.3930         9.48
      2.3940         9.42
      2.3950         9.32
      2.3960         9.32
      2.3970         9.26
      2.3980         9.20
      2.3990         9.10
      2.4000         9.12
      2.4010         9.12
      2.4020         9.12
      2.4030         9.02
      2.4040         9.09
      2.4050         9.01
      2.4060         9.03
      2.4070         9.14
      2.4080         9.15
      2.4090         9.17
      2.4100         9.21
      2.4110         9.23
      2.4120         9.27
      2.4130         9.33
      2.4140         9.29
      2.4150         9.37
      2.4160         9.31
      2.4170         9.34
      2.4180         9.29
      2.4190         9.22
      2.4200         9.19
      2.4210         9.21
      2.4220         9.21
      2.4230         9.26
      2.4240         9.19
      2.4250         9.34
      2.4260         9.27
      2.4270         9.21
      2.4280         9.19
      2.4290         9.19
      2.4300         9.17
      2.4310         9.18
      2.4320         9.22
      2.4330         9.14
      2.4340         9.17
      2.4350         9.17
      2.4360         9.18
      2.4370         9.19
      2.4380         9.21
      2.4390         9.24
      2.4400         9.20
      2.4410         9.14
      2.4420         9.06
      2.4430         9.07
      2.4440         9.11
      2.4450         9.03
      2.4460         9.09
      2.4470         9.03
      2.4480         9.07
      2.4490         9.03
      2.4500         9.03
      2.4510         8.97
      2.4520         8.90
      2.4530         8.99
      2.4540         8.93
      2.4550         8.87
      2.4560         8.82
      2.4570         8.73
      2.4580         8.77
      2.4590         8.79
      2.4600         8.86
      2.4610         8.87
      2.4620         8.91
      2.4630         8.86
      2.4640         8.86
      2.4650         8.93
      2.4660         8.94
      2.4670         9.06
      2.4680         9.02
      2.4690         9.06
      2.4700         9.10
      2.4710         9.14
      2.4720         9.14
      2.4730         9.10
      2.4740         9.16
      2.4750         9.14
      2.4760         9.22
      2.4770         9.30
      2.4780         9.28
      2.4790         9.19
      2.4800         9.08
      2.4810         9.03
      2.4820         9.03
      2.4830         9.00
      2.4840         9.04
      2.4850         8.94
      2.4860         8.88
      2.4870         8.75
      2.4880         8.75
      2.4890         8.74
      2.4900         8.72
      2.4910         8.70
      2.4920         8.67
      2.4930         8.69
      2.4940         8.77
      2.4950         8.82
      2.4960         8.82
      2.4970         8.83
      2.4980         8.90
      2.4990         8.99
      2.5000         9.10
      2.5010         9.21
      2.5020         9.27
      2.5030         9.35
      2.5040         9.33
      2.5050         9.41
      2.5060         9.45
      2.5070         9.50
      2.5080         9.51
      2.5090         9.53
      2.5100         9.47
      2.5110         9.51
      2.5120         9.46
      2.5130         9.42
      2.5140         9.38
      2.5150         9.34
      2.5160         9.29
      2.5170         9.26
      2.5180         9.22
      2.5190         9.25
      2.5200         9.18
      2.5210         9.21
      2.5220         9.17
      2.5230         9.15
      2.5240         9.09
      2.5250         9.06
      2.5260         9.11
      2.5270         9.19
      2.5280         9.26
      2.5290         9.32
      2.5300         9.36
      2.5310         9.36
      2.5320         9.40
      2.5330         9.36
      2.5340         9.29
      2.5350         9.26
      2.5360         9.31
      2.5370         9.25
      2.5380         9.19
      2.5390         9.17
      2.5400         9.22
      2.5410         9.09
      2.5420         9.06
      2.5430         9.05
      2.5440         9.03
      2.5450         9.05
      2.5460         9.01
      2.5470         9.02
      2.5480         8.97
      2.5490         8.89
      2.5500         8.90
      2.5510         8.93
      2.5520         8.93
      2.5530         8.95
      2.5540         9.02
      2.5550         9.06
      2.5560         9.11
      2.5570         9.22
      2.5580         9.29
      2.5590         9.30
      2.5600         9.25
      2.5610         9.36
      2.5620         9.33
      2.5630         9.28
      2.5640         9.32
      2.5650         9.30
      2.5660         9.36
      2.5670         9.29
      2.5680         9.26
      2.5690         9.28
      2.5700         9.24
      2.5710         9.21
      2.5720         9.18
      2.5730         9.21
      2.5740         9.19
      2.5750         9.23
      2.5760         9.04
      2.5770         9.04
      2.5780         9.03
      2.5790         8.97
      2.5800         9.04
      2.5810         9.00
      2.5820         9.16
      2.5830         9.25
      2.5840         9.28
      2.5850         9.31
      2.5860         9.29
      2.5870         9.36
      2.5880         9.37
      2.5890         9.37
      2.5900         9.37
      2.5910         9.40
      2.5920         9.51
      2.5930         9.48
      2.5940         9.49
      2.5950         9.40
      2.5960         9.44
      2.5970         9.35
      2.5980         9.31
      2.5990         9.27
      2.6000         9.21
      2.6010         9.19
      2.6020         9.03
      2.6030         8.99
      2.6040         8.96
      2.6050         8.93
      2.6060         8.89
      2.6070         8.85
      2.6080         8.79
      2.6090         8.77
      2.6100         8.88
      2.6110         8.88
      2.6120         8.88
      2.6130         8.97
      2.6140         8.99
      2.6150         9.11
      2.6160         9.20
      2.6170         9.24
      2.6180         9.28
      2.6190         9.34
      2.6200         9.34
      2.6210         9.29
      2.6220         9.37
      2.6230         9.40
      2.6240         9.39
      2.6250         9.40
      2.6260         9.39
      2.6270         9.39
      2.6280         9.43
      2.6290         9.42
      2.6300         9.31
      2.6310         9.27
      2.6320         9.16
      2.6330         9.13
      2.6340         9.15
      2.6350         9.05
      2.6360         8.92
      2.6370         8.97
      2.6380         9.01
      2.6390         9.12
      2.6400         9.15
      2.6410         9.25
      2.6420         9.28
      2.6430         9.24
      2.6440         9.25
      2.6450         9.29
      2.6460         9.34
      2.6470         9.32
      2.6480         9.33
      2.6490         9.33
      2.6500         9.32
      2.6510         9.33
      2.6520         9.45
      2.6530         9.38
      2.6540         9.34
      2.6550         9.38
      2.6560         9.56
      2.6570         9.49
      2.6580         9.44
      2.6590         9.31
      2.6600         9.29
      2.6610         9.23
      2.6620         9.16
      2.6630         9.19
      2.6640         9.17
      2.6650         9.16
      2.6660         9.16
      2.6670         9.17
      2.6680         9.16
      2.6690         9.16
      2.6700         9.16
      2.6710         9.16
      2.6720         9.19
      2.6730         9.19
      2.6740         9.20
      2.6750         9.19
      2.6760         9.11
      2.6770         9.11
      2.6780         9.16
      2.6790         9.25
      2.6800         9.25
      2.6810         9.24
      2.6820         9.25
      2.6830         9.24
      2.6840         9.17
      2.6850         9.15
      2.6860         9.11
      2.6870         9.07
      2.6880         9.13
      2.6890         9.13
      2.6900         9.12
      2.6910         9.11
      2.6920         9.01
      2.6930         9.05
      2.6940         8.97
      2.6950         8.97
      2.6960         9.00
      2.6970         9.03
      2.6980         9.01
      2.6990         8.90
      2.7000         8.94
      2.7010         8.98
      2.7020         9.05
      2.7030         9.01
      2.7040         9.08
      2.7050         9.07
      2.7060         9.09
      2.7070         9.13
      2.7080         9.07
      2.7090         9.05
      2.7100         9.08
      2.7110         9.11
      2.7120         9.08
      2.7130         9.05
      2.7140         9.11
      2.7150         9.11
      2.7160         9.04
      2.7170         9.04
      2.7180         8.99
      2.7190         9.08
      2.7200         9.04
      2.7210         9.01
      2.7220         8.93
      2.7230         9.01
      2.7240         9.05
      2.7250         9.01
      2.7260         9.00
      2.7270         9.00
      2.7280         8.97
      2.7290         9.07
      2.7300         9.11
      2.7310         9.04
      2.7320         9.11
      2.7330         9.09
      2.7340         9.13
      2.7350         9.20
      2.7360         9.24
      2.7370         9.23
      2.7380         9.24
      2.7390         9.20
      2.7400         9.20
      2.7410         9.18
      2.7420         9.14
      2.7430         9.09
      2.7440         9.02
      2.7450         9.00
      2.7460         8.93
      2.7470         8.88
      2.7480         8.88
      2.7490         8.81
      2.7500         8.74
      2.7510         8.81
      2.7520         8.82
      2.7530         8.92
      2.7540         9.00
      2.7550         8.98
      2.7560         9.01
      2.7570         9.06
      2.7580         9.08
      2.7590         9.10
      2.7600         9.08
      2.7610         9.11
      2.7620         9.20
      2.7630         9.24
      2.7640         9.27
      2.7650         9.32
      2.7660         9.41
      2.7670         9.45
      2.7680         9.53
      2.7690         9.55
      2.7700         9.55
      2.7710         9.53
      2.7720         9.52
      2.7730         9.43
      2.7740         9.29
      2.7750         9.21
      2.7760         9.12
      2.7770         9.07
      2.7780         9.04
      2.7790         9.01
      2.7800         9.04
      2.7810         9.01
      2.7820         8.93
      2.7830         8.92
      2.7840         8.90
      2.7850         8.93
      2.7860         8.89
      2.7870         8.92
      2.7880         8.86
      2.7890         8.84
      2.7900         8.90
      2.7910         8.92
      2.7920         8.89
      2.7930         8.89
      2.7940         8.96
      2.7950         9.00
      2.7960         9.06
      2.7970         9.09
      2.7980         9.12
      2.7990         9.18
