        Time   Palpation Force
      0.0000         1.00
      0.0010         1.00
      0.0020         1.00
      0.0030         1.00
      0.0040         1.00
      0.0050         1.00
      0.0060         1.00
      0.0070         1.00
      0.0080         1.07
      0.0090         1.19
      0.0100         1.24
      0.0110         1.34
      0.0120         1.42
      0.0130         1.51
      0.0140         1.56
      0.0150         1.70
      0.0160         1.77
      0.0170         1.86
      0.0180         1.92
      0.0190         2.04
      0.0200         1.97
      0.0210         1.92
      0.0220         1.91
      0.0230         1.92
      0.0240         1.95
      0.0250         1.93
      0.0260         1.96
      0.0270         1.95
      0.0280         1.96
      0.0290         2.03
      0.0300         2.07
      0.0310         2.05
      0.0320         2.16
      0.0330         2.20
      0.0340         2.27
      0.0350         2.27
      0.0360         2.32
      0.0370         2.36
      0.0380         2.43
      0.0390         2.43
      0.0400         2.48
      0.0410         2.48
      0.0420         2.48
      0.0430         2.51
      0.0440         2.43
      0.0450         2.41
      0.0460         2.35
      0.0470         2.29
      0.0480         2.31
      0.0490         2.23
      0.0500         2.27
      0.0510         2.25
      0.0520         2.17
      0.0530         2.16
      0.0540         2.12
      0.0550         2.01
      0.0560         1.97
      0.0570         1.88
      0.0580         1.84
      0.0590         1.84
      0.0600         1.93
      0.0610         1.93
      0.0620         1.96
      0.0630         1.99
      0.0640         2.08
      0.0650         2.09
      0.0660         2.12
      0.0670         2.08
      0.0680         2.03
      0.0690         2.03
      0.0700         2.01
      0.0710         1.99
      0.0720         1.99
      0.0730         2.00
      0.0740         1.93
      0.0750         1.92
      0.0760         1.89
      0.0770         1.96
      0.0780         1.93
      0.0790         1.89
      0.0800         1.91
      0.0810         1.84
      0.0820         1.77
      0.0830         1.73
      0.0840         1.71
      0.0850         1.75
      0.0860         1.77
      0.0870         1.81
      0.0880         1.81
      0.0890         1.80
      0.0900         1.79
      0.0910         1.87
      0.0920         1.87
      0.0930         1.87
      0.0940         1.89
      0.0950         2.01
      0.0960         2.04
      0.0970         2.04
      0.0980         2.04
      0.0990         1.99
      0.1000         1.93
      0.1010         1.99
      0.1020         1.96
      0.1030         1.92
      0.1040         1.88
      0.1050         1.77
      0.1060         1.74
      0.1070         1.77
      0.1080         1.85
      0.1090         1.82
      0.1100         1.82
      0.1110         1.76
      0.1120         1.69
      0.1130         1.65
      0.1140         1.73
      0.1150         1.68
      0.1160         1.66
      0.1170         1.65
      0.1180         1.72
      0.1190         1.82
      0.1200         1.84
      0.1210         1.88
      0.1220         1.89
      0.1230         1.92
      0.1240         1.86
      0.1250         1.88
      0.1260         1.90
      0.1270         1.88
      0.1280         1.80
      0.1290         1.85
      0.1300         1.88
      0.1310         1.92
      0.1320         1.97
      0.1330         1.96
      0.1340         1.90
      0.1350         1.86
      0.1360         1.89
      0.1370         1.88
      0.1380         1.86
      0.1390         1.80
      0.1400         1.73
      0.1410         1.66
      0.1420         1.69
      0.1430         1.70
      0.1440         1.78
      0.1450         1.87
      0.1460         1.91
      0.1470         1.97
      0.1480         1.97
      0.1490         2.00
      0.1500         1.99
      0.1510         1.97
      0.1520         1.99
      0.1530         1.97
      0.1540         2.03
      0.1550         2.11
      0.1560         2.08
      0.1570         2.05
      0.1580         2.07
      0.1590         2.11
      0.1600         2.12
      0.1610         2.17
      0.1620         2.19
      0.1630         2.12
      0.1640         2.07
      0.1650         2.03
      0.1660         1.97
      0.1670         1.93
      0.1680         1.97
      0.1690         1.93
      0.1700         1.89
      0.1710         1.97
      0.1720         2.01
      0.1730         2.04
      0.1740         2.03
      0.1750         2.03
      0.1760         2.09
      0.1770         2.19
      0.1780         2.21
      0.1790         2.24
      0.1800         2.28
      0.1810         2.23
      0.1820         2.29
      0.1830         2.33
      0.1840         2.39
      0.1850         2.39
      0.1860         2.37
      0.1870         2.40
      0.1880         2.39
      0.1890         2.31
      0.1900         2.31
      0.1910         2.17
      0.1920         2.06
      0.1930         2.05
      0.1940         2.02
      0.1950         2.01
      0.1960         2.00
      0.1970         1.96
      0.1980         1.90
      0.1990         1.89
      0.2000         1.89
      0.2010         1.92
      0.2020         1.85
      0.2030         1.86
      0.2040         1.84
      0.2050         1.85
      0.2060         1.91
      0.2070         1.91
      0.2080         1.93
      0.2090         2.04
      0.2100         2.09
      0.2110         2.13
      0.2120         2.19
      0.2130         2.20
      0.2140         2.25
      0.2150         2.23
      0.2160         2.21
      0.2170         2.19
      0.2180         2.19
      0.2190         2.17
      0.2200         2.12
      0.2210         2.10
      0.2220         2.12
      0.2230         2.05
      0.2240         2.00
      0.2250         2.00
      0.2260         1.93
      0.2270         1.91
      0.2280         1.89
      0.2290         1.86
      0.2300         1.83
      0.2310         1.87
      0.2320         1.87
      0.2330         1.91
      0.2340         1.93
      0.2350         1.93
      0.2360         1.93
      0.2370         1.97
      0.2380         2.02
      0.2390         2.01
      0.2400         2.07
      0.2410         2.13
      0.2420         2.11
      0.2430         2.21
      0.2440         2.23
      0.2450         2.21
      0.2460         2.22
      0.2470         2.18
      0.2480         2.17
      0.2490         2.14
      0.2500         2.13
      0.2510         2.07
      0.2520         2.03
      0.2530         1.98
      0.2540         1.94
      0.2550         1.99
      0.2560         2.01
      0.2570         1.93
      0.2580         1.86
      0.2590         1.81
      0.2600         1.74
      0.2610         1.69
      0.2620         1.66
      0.2630         1.59
      0.2640         1.66
      0.2650         1.70
      0.2660         1.69
      0.2670         1.74
      0.2680         1.74
      0.2690         1.81
      0.2700         1.81
      0.2710         1.91
      0.2720         2.01
      0.2730         2.51
      0.2740         1.98
      0.2750         1.95
      0.2760         1.90
      0.2770         1.95
      0.2780         1.97
      0.2790         2.03
      0.2800         2.10
      0.2810         2.14
      0.2820         2.21
      0.2830         2.21
      0.2840         2.15
      0.2850         2.07
      0.2860         2.10
      0.2870         2.03
      0.2880         2.06
      0.2890         2.04
      0.2900         2.04
      0.2910         2.04
      0.2920         2.07
      0.2930         2.11
      0.2940         2.13
      0.2950         2.11
      0.2960         2.18
      0.2970         2.21
      0.2980         2.23
      0.2990         2.30
      0.3000         2.29
      0.3010         2.24
      0.3020         2.19
      0.3030         2.23
      0.3040         2.25
      0.3050         2.27
      0.3060         2.23
      0.3070         2.22
      0.3080         2.23
      0.3090         2.19
      0.3100         2.22
      0.3110         2.11
      0.3120         2.02
      0.3130         1.98
      0.3140         2.02
      0.3150         2.03
      0.3160         2.03
      0.3170         2.02
      0.3180         1.98
      0.3190         1.91
      0.3200         1.86
      0.3210         1.83
      0.3220         1.79
      0.3230         1.86
      0.3240         1.94
      0.3250         1.95
      0.3260         2.06
      0.3270         2.08
      0.3280         2.02
      0.3290         2.02
      0.3300         2.02
      0.3310         2.04
      0.3320         2.12
      0.3330         2.18
      0.3340         2.18
      0.3350         2.12
      0.3360         2.08
      0.3370         2.07
      0.3380         2.02
      0.3390         1.98
      0.3400         1.96
      0.3410         1.95
      0.3420         1.98
      0.3430         1.90
      0.3440         1.86
      0.3450         1.84
      0.3460         1.79
      0.3470         1.80
      0.3480         1.87
      0.3490         1.88
      0.3500         1.88
      0.3510         1.90
      0.3520         1.87
      0.3530         1.81
      0.3540         1.79
      0.3550         1.85
      0.3560         1.91
      0.3570         1.92
      0.3580         1.94
      0.3590         1.99
      0.3600         2.06
      0.3610         2.06
      0.3620         2.03
      0.3630         2.07
      0.3640         1.99
      0.3650         2.01
      0.3660         2.01
      0.3670         1.95
      0.3680         1.85
      0.3690         1.80
      0.3700         1.79
      0.3710         1.75
      0.3720         1.72
      0.3730         1.71
      0.3740         1.76
      0.3750         1.83
      0.3760         1.73
      0.3770         1.76
      0.3780         1.84
      0.3790         1.84
      0.3800         1.81
      0.3810         1.96
      0.3820         1.99
      0.3830         2.00
      0.3840         2.14
      0.3850         2.14
      0.3860         2.11
      0.3870         2.16
      0.3880         2.20
      0.3890         2.22
      0.3900         2.24
      0.3910         2.28
      0.3920         2.30
      0.3930         2.31
      0.3940         2.19
      0.3950         2.02
      0.3960         2.04
      0.3970         2.00
      0.3980         1.94
      0.3990         1.94
      0.4000         1.96
      0.4010         1.91
      0.4020         1.94
      0.4030         1.94
      0.4040         1.88
      0.4050         1.91
      0.4060         2.02
      0.4070         2.03
      0.4080         2.02
      0.4090         2.08
      0.4100         2.06
      0.4110         2.03
      0.4120         2.08
      0.4130         2.11
      0.4140         2.20
      0.4150         2.27
      0.4160         2.30
      0.4170         2.35
      0.4180         2.42
      0.4190         2.40
      0.4200         2.40
      0.4210         2.34
      0.4220         2.27
      0.4230         2.16
      0.4240         2.13
      0.4250         2.07
      0.4260         1.93
      0.4270         1.95
      0.4280         1.96
      0.4290         1.88
      0.4300         1.92
      0.4310         1.93
      0.4320         1.83
      0.4330         1.83
      0.4340         1.80
      0.4350         1.81
      0.4360         1.81
      0.4370         1.77
      0.4380         1.69
      0.4390         1.69
      0.4400         1.72
      0.4410         1.76
      0.4420         1.81
      0.4430         1.88
      0.4440         1.88
      0.4450         1.93
      0.4460         2.03
      0.4470         2.05
      0.4480         2.04
      0.4490         2.13
      0.4500         2.12
      0.4510         2.19
      0.4520         2.25
      0.4530         2.23
      0.4540         2.17
      0.4550         2.12
      0.4560         2.12
      0.4570         2.16
      0.4580         2.17
      0.4590         2.16
      0.4600         2.13
      0.4610         2.12
      0.4620         2.17
      0.4630         2.11
      0.4640         2.08
      0.4650         2.07
      0.4660         2.07
      0.4670         2.03
      0.4680         2.08
      0.4690         2.07
      0.4700         2.05
      0.4710         1.97
      0.4720         1.96
      0.4730         2.01
      0.4740         2.08
      0.4750         2.13
      0.4760         2.12
      0.4770         2.08
      0.4780         2.11
      0.4790         2.09
      0.4800         2.04
      0.4810         2.00
      0.4820         1.87
      0.4830         1.95
      0.4840         1.97
      0.4850         2.00
      0.4860         1.95
      0.4870         1.89
      0.4880         1.85
      0.4890         1.84
      0.4900         1.78
      0.4910         1.78
      0.4920         1.81
      0.4930         1.81
      0.4940         1.78
      0.4950         1.78
      0.4960         1.80
      0.4970         1.84
      0.4980         1.96
      0.4990         2.04
      0.5000         2.06
      0.5010         2.16
      0.5020         2.32
      0.5030         2.37
      0.5040         2.37
      0.5050         2.37
      0.5060         2.37
      0.5070         2.40
      0.5080         2.36
      0.5090         2.30
      0.5100         2.36
      0.5110         2.33
      0.5120         2.26
      0.5130         2.17
      0.5140         2.12
      0.5150         2.08
      0.5160         2.01
      0.5170         1.98
      0.5180         1.88
      0.5190         1.82
      0.5200         1.85
      0.5210         1.78
      0.5220         1.74
      0.5230         1.70
      0.5240         1.77
      0.5250         1.76
      0.5260         1.84
      0.5270         1.88
      0.5280         1.94
      0.5290         1.97
      0.5300         1.97
      0.5310         2.01
      0.5320         2.04
      0.5330         2.10
      0.5340         2.17
      0.5350         2.22
      0.5360         2.24
      0.5370         2.20
      0.5380         2.18
      0.5390         2.16
      0.5400         2.13
      0.5410         2.13
      0.5420         2.06
      0.5430         2.01
      0.5440         1.87
      0.5450         1.82
      0.5460         1.75
      0.5470         1.74
      0.5480         1.77
      0.5490         1.79
      0.5500         1.78
      0.5510         1.82
      0.5520         1.81
      0.5530         1.82
      0.5540         1.85
      0.5550         1.87
      0.5560         1.87
      0.5570         1.95
      0.5580         2.00
      0.5590         2.05
      0.5600         2.10
      0.5610         2.14
      0.5620         2.10
      0.5630         2.10
      0.5640         2.22
      0.5650         2.29
      0.5660         2.30
      0.5670         2.34
      0.5680         2.29
      0.5690         2.29
      0.5700         2.30
      0.5710         2.28
      0.5720         2.26
      0.5730         2.24
      0.5740         2.21
      0.5750         2.20
      0.5760         2.22
      0.5770         2.14
      0.5780         2.13
      0.5790         2.13
      0.5800         2.05
      0.5810         2.05
      0.5820         2.13
      0.5830         2.17
      0.5840         2.09
      0.5850         2.13
      0.5860         2.12
      0.5870         2.12
      0.5880         2.12
      0.5890         2.09
      0.5900         2.10
      0.5910         2.16
      0.5920         2.17
      0.5930         2.17
      0.5940         2.16
      0.5950         2.08
      0.5960         2.09
      0.5970         2.08
      0.5980         2.06
      0.5990         1.97
      0.6000         2.00
      0.6010         2.00
      0.6020         2.00
      0.6030         2.00
      0.6040         2.04
      0.6050         1.96
      0.6060         2.01
      0.6070         1.94
      0.6080         2.05
      0.6090         2.04
      0.6100         2.01
      0.6110         2.00
      0.6120         1.96
      0.6130         2.00
      0.6140         2.02
      0.6150         2.13
      0.6160         2.20
      0.6170         2.24
      0.6180         2.26
      0.6190         2.34
      0.6200         2.40
      0.6210         2.42
      0.6220         2.36
      0.6230         2.38
      0.6240         2.37
      0.6250         2.42
      0.6260         2.32
      0.6270         2.24
      0.6280         2.16
      0.6290         2.28
      0.6300         2.28
      0.6310         2.20
      0.6320         2.22
      0.6330         2.29
      0.6340         2.33
      0.6350         2.30
      0.6360         2.25
      0.6370         2.21
      0.6380         2.20
      0.6390         2.22
      0.6400         2.21
      0.6410         2.20
      0.6420         2.25
      0.6430         2.17
      0.6440         2.13
      0.6450         2.08
      0.6460         2.16
      0.6470         2.32
      0.6480         2.37
      0.6490         2.30
      0.6500         2.25
      0.6510         2.30
      0.6520         2.34
      0.6530         2.28
      0.6540         2.21
      0.6550         2.16
      0.6560         2.09
      0.6570         2.13
      0.6580         2.14
      0.6590         2.06
      0.6600         2.05
      0.6610         2.02
      0.6620         2.00
      0.6630         2.05
      0.6640         2.02
      0.6650         2.01
      0.6660         1.95
      0.6670         1.87
      0.6680         1.81
      0.6690         1.74
      0.6700         1.75
      0.6710         1.69
      0.6720         1.67
      0.6730         1.71
      0.6740         1.77
      0.6750         1.81
      0.6760         1.87
      0.6770         1.86
      0.6780         1.78
      0.6790         1.83
      0.6800         1.78
      0.6810         1.78
      0.6820         1.79
      0.6830         1.77
      0.6840         1.83
      0.6850         1.82
      0.6860         1.85
      0.6870         1.86
      0.6880         1.89
      0.6890         1.93
      0.6900         1.98
      0.6910         2.04
      0.6920         2.01
      0.6930         1.94
      0.6940         1.90
      0.6950         1.90
      0.6960         1.85
      0.6970         1.81
      0.6980         1.86
      0.6990         1.88
      0.7000         1.93
      0.7010         1.97
      0.7020         2.02
      0.7030         2.02
      0.7040         2.04
      0.7050         2.10
      0.7060         2.10
      0.7070         2.09
      0.7080         2.09
      0.7090         2.10
      0.7100         2.14
      0.7110         2.14
      0.7120         2.14
      0.7130         2.14
      0.7140         2.15
      0.7150         2.11
      0.7160         2.15
      0.7170         2.19
      0.7180         2.17
      0.7190         2.13
      0.7200         2.10
      0.7210         2.09
      0.7220         2.06
      0.7230         2.02
      0.7240         2.01
      0.7250         2.01
      0.7260         2.02
      0.7270         2.06
      0.7280         2.05
      0.7290         2.05
      0.7300         2.01
      0.7310         2.02
      0.7320         2.10
      0.7330         2.07
      0.7340         2.03
      0.7350         2.11
      0.7360         2.13
      0.7370         2.07
      0.7380         2.09
      0.7390         2.13
      0.7400         2.14
      0.7410         2.07
      0.7420         2.07
      0.7430         2.09
      0.7440         2.05
      0.7450         2.02
      0.7460         1.98
      0.7470         1.97
      0.7480         1.98
      0.7490         1.95
      0.7500         1.94
      0.7510         1.93
      0.7520         1.90
      0.7530         1.91
      0.7540         1.98
      0.7550         1.92
      0.7560         1.92
      0.7570         2.00
      0.7580         2.04
      0.7590         1.90
      0.7600         1.96
      0.7610         2.10
      0.7620         2.14
      0.7630         2.25
      0.7640         2.41
      0.7650         2.40
      0.7660         2.44
      0.7670         2.40
      0.7680         2.38
      0.7690         2.40
      0.7700         2.42
      0.7710         2.48
      0.7720         2.42
      0.7730         2.41
      0.7740         2.33
      0.7750         2.27
      0.7760         2.27
      0.7770         2.25
      0.7780         2.21
      0.7790         2.27
      0.7800         2.22
      0.7810         2.13
      0.7820         2.02
      0.7830         1.95
      0.7840         1.82
      0.7850         1.87
      0.7860         1.89
      0.7870         1.91
      0.7880         1.95
      0.7890         1.97
      0.7900         1.99
      0.7910         2.01
      0.7920         2.13
      0.7930         2.16
      0.7940         2.24
      0.7950         2.26
      0.7960         2.29
      0.7970         2.29
      0.7980         2.36
      0.7990         2.37
      0.8000         2.35
      0.8010         2.31
      0.8020         2.33
      0.8030         2.34
      0.8040         2.33
      0.8050         2.23
      0.8060         2.22
      0.8070         2.14
      0.8080         2.06
      0.8090         2.07
      0.8100         1.94
      0.8110         1.89
      0.8120         1.77
      0.8130         1.79
      0.8140         1.74
      0.8150         1.73
      0.8160         1.67
      0.8170         1.67
      0.8180         1.63
      0.8190         1.70
      0.8200         1.69
      0.8210         1.74
      0.8220         1.81
      0.8230         1.79
      0.8240         1.78
      0.8250         1.82
      0.8260         1.79
      0.8270         1.90
      0.8280         1.86
      0.8290         1.82
      0.8300         1.89
      0.8310         1.87
      0.8320         1.83
      0.8330         1.89
      0.8340         1.90
      0.8350         2.01
      0.8360         2.01
      0.8370         2.03
      0.8380         2.01
      0.8390         1.95
      0.8400         1.97
      0.8410         1.95
      0.8420         1.95
      0.8430         1.97
      0.8440         2.01
      0.8450         1.99
      0.8460         1.98
      0.8470         2.04
      0.8480         2.17
      0.8490         2.21
      0.8500         2.25
      0.8510         2.28
      0.8520         2.34
      0.8530         2.17
      0.8540         2.18
      0.8550         2.16
      0.8560         2.17
      0.8570         2.12
      0.8580         2.14
      0.8590         2.14
      0.8600         2.18
      0.8610         2.15
      0.8620         2.11
      0.8630         2.09
      0.8640         2.09
      0.8650         2.09
      0.8660         2.09
      0.8670         1.99
      0.8680         1.90
      0.8690         1.91
      0.8700         1.90
      0.8710         1.93
      0.8720         1.90
      0.8730         1.97
      0.8740         1.94
      0.8750         1.91
      0.8760         1.95
      0.8770         1.99
      0.8780         1.94
      0.8790         1.87
      0.8800         1.85
      0.8810         1.86
      0.8820         1.89
      0.8830         1.98
      0.8840         1.95
      0.8850         1.99
      0.8860         2.03
      0.8870         2.06
      0.8880         2.06
      0.8890         1.99
      0.8900         1.95
      0.8910         1.86
      0.8920         1.83
      0.8930         1.79
      0.8940         1.78
      0.8950         1.75
      0.8960         1.67
      0.8970         1.67
      0.8980         1.69
      0.8990         1.82
      0.9000         1.82
      0.9010         1.83
      0.9020         1.79
      0.9030         1.67
      0.9040         1.66
      0.9050         1.61
      0.9060         1.61
      0.9070         1.62
      0.9080         1.71
      0.9090         1.81
      0.9100         1.87
      0.9110         1.93
      0.9120         1.99
      0.9130         2.06
      0.9140         2.07
      0.9150         2.07
      0.9160         2.13
      0.9170         2.09
      0.9180         2.13
      0.9190         2.05
      0.9200         2.02
      0.9210         1.98
      0.9220         1.99
      0.9230         2.01
      0.9240         2.05
      0.9250         2.05
      0.9260         2.02
      0.9270         2.01
      0.9280         1.94
      0.9290         1.85
      0.9300         1.81
      0.9310         1.77
      0.9320         1.78
      0.9330         1.75
      0.9340         1.74
      0.9350         1.74
      0.9360         1.71
      0.9370         1.77
      0.9380         1.81
      0.9390         1.85
      0.9400         1.90
      0.9410         1.97
      0.9420         2.04
      0.9430         2.09
      0.9440         2.14
      0.9450         2.24
      0.9460         2.25
      0.9470         2.25
      0.9480         2.29
      0.9490         2.33
      0.9500         2.30
      0.9510         2.33
      0.9520         2.28
      0.9530         2.26
      0.9540         2.30
      0.9550         2.30
      0.9560         2.34
      0.9570         2.29
      0.9580         2.26
      0.9590         2.24
      0.9600         2.13
      0.9610         2.04
      0.9620         2.01
      0.9630         2.01
      0.9640         2.01
      0.9650         1.98
      0.9660         1.92
      0.9670         1.94
      0.9680         1.92
      0.9690         1.93
      0.9700         1.94
      0.9710         2.01
      0.9720         2.09
      0.9730         2.14
      0.9740         2.14
      0.9750         2.18
      0.9760         2.14
      0.9770         2.20
      0.9780         2.14
      0.9790         2.12
      0.9800         2.20
      0.9810         2.22
      0.9820         2.14
      0.9830         2.05
      0.9840         1.91
      0.9850         1.87
      0.9860         1.93
      0.9870         1.90
      0.9880         1.93
      0.9890         1.91
      0.9900         1.91
      0.9910         1.81
      0.9920         1.74
      0.9930         1.74
      0.9940         1.70
      0.9950         1.67
      0.9960         1.71
      0.9970         1.78
      0.9980         1.79
      0.9990         1.89
      1.0000         1.90
      1.0010         1.91
      1.0020         2.01
      1.0030         2.06
      1.0040         2.17
      1.0050         2.10
      1.0060         2.10
      1.0070         2.10
      1.0080         2.05
      1.0090         2.01
      1.0100         2.02
      1.0110         2.09
      1.0120         2.07
      1.0130         2.05
      1.0140         2.09
      1.0150         2.13
      1.0160         2.10
      1.0170         2.05
      1.0180         2.10
      1.0190         2.05
      1.0200         2.03
      1.0210         2.03
      1.0220         1.98
      1.0230         2.01
      1.0240         2.01
      1.0250         2.11
      1.0260         2.15
      1.0270         2.18
      1.0280         2.22
      1.0290         2.30
      1.0300         2.27
      1.0310         2.29
      1.0320         2.26
      1.0330         2.33
      1.0340         2.35
      1.0350         2.37
      1.0360         2.35
      1.0370         2.35
      1.0380         2.31
      1.0390         2.35
      1.0400         2.33
      1.0410         2.31
      1.0420         2.31
      1.0430         2.30
      1.0440         2.23
      1.0450         2.19
      1.0460         2.21
      1.0470         2.17
      1.0480         2.13
      1.0490         2.11
      1.0500         2.14
      1.0510         2.10
      1.0520         2.23
      1.0530         2.18
      1.0540         2.19
      1.0550         2.19
      1.0560         2.21
      1.0570         2.18
      1.0580         2.26
      1.0590         2.26
      1.0600         2.31
      1.0610         2.34
      1.0620         2.35
      1.0630         2.34
      1.0640         2.30
      1.0650         2.38
      1.0660         2.31
      1.0670         2.39
      1.0680         2.35
      1.0690         2.33
      1.0700         2.26
      1.0710         2.22
      1.0720         2.17
      1.0730         2.19
      1.0740         2.11
      1.0750         1.98
      1.0760         2.06
      1.0770         2.06
      1.0780         1.93
      1.0790         1.89
      1.0800         1.85
      1.0810         1.79
      1.0820         1.81
      1.0830         1.90
      1.0840         1.97
      1.0850         1.90
      1.0860         1.94
      1.0870         1.89
      1.0880         2.02
      1.0890         1.99
      1.0900         2.09
      1.0910         2.09
      1.0920         2.06
      1.0930         2.05
      1.0940         2.13
      1.0950         2.19
      1.0960         2.10
      1.0970         2.06
      1.0980         2.09
      1.0990         2.09
      1.1000         2.11
      1.1010         2.18
      1.1020         2.13
      1.1030         2.05
      1.1040         2.02
      1.1050         1.97
      1.1060         1.95
      1.1070         1.97
      1.1080         1.87
      1.1090         1.89
      1.1100         1.81
      1.1110         1.89
      1.1120         1.89
      1.1130         1.85
      1.1140         1.82
      1.1150         1.87
      1.1160         1.91
      1.1170         1.95
      1.1180         2.03
      1.1190         2.01
      1.1200         2.07
      1.1210         2.05
      1.1220         2.10
      1.1230         2.10
      1.1240         2.11
      1.1250         2.14
      1.1260         2.14
      1.1270         2.11
      1.1280         2.10
      1.1290         2.13
      1.1300         2.18
      1.1310         2.11
      1.1320         2.07
      1.1330         2.11
      1.1340         2.05
      1.1350         2.07
      1.1360         2.03
      1.1370         2.02
      1.1380         1.97
      1.1390         1.94
      1.1400         1.85
      1.1410         1.87
      1.1420         1.89
      1.1430         1.94
      1.1440         2.01
      1.1450         2.01
      1.1460         2.03
      1.1470         2.02
      1.1480         2.14
      1.1490         2.15
      1.1500         2.15
      1.1510         2.21
      1.1520         2.25
      1.1530         2.27
      1.1540         2.22
      1.1550         2.13
      1.1560         2.11
      1.1570         2.10
      1.1580         2.10
      1.1590         2.21
      1.1600         2.18
      1.1610         2.10
      1.1620         2.06
      1.1630         1.97
      1.1640         1.86
      1.1650         1.90
      1.1660         1.92
      1.1670         1.86
      1.1680         1.81
      1.1690         1.70
      1.1700         1.70
      1.1710         1.73
      1.1720         1.70
      1.1730         1.72
      1.1740         1.88
      1.1750         1.89
      1.1760         1.94
      1.1770         1.98
      1.1780         2.00
      1.1790         1.97
      1.1800         2.01
      1.1810         2.10
      1.1820         2.13
      1.1830         2.09
      1.1840         2.13
      1.1850         2.09
      1.1860         2.02
      1.1870         2.10
      1.1880         2.06
      1.1890         2.10
      1.1900         2.12
      1.1910         2.07
      1.1920         2.16
      1.1930         2.10
      1.1940         1.98
      1.1950         2.01
      1.1960         1.97
      1.1970         1.97
      1.1980         1.95
      1.1990         1.89
      1.2000         1.93
      1.2010         1.92
      1.2020         1.83
      1.2030         1.93
      1.2040         1.97
      1.2050         2.01
      1.2060         2.04
      1.2070         2.02
      1.2080         2.01
      1.2090         2.06
      1.2100         2.04
      1.2110         2.02
      1.2120         1.94
      1.2130         1.97
      1.2140         2.05
      1.2150         2.05
      1.2160         2.04
      1.2170         2.02
      1.2180         2.05
      1.2190         2.05
      1.2200         2.06
      1.2210         2.09
      1.2220         2.20
      1.2230         2.17
      1.2240         2.22
      1.2250         2.26
      1.2260         2.34
      1.2270         2.40
      1.2280         2.46
      1.2290         2.53
      1.2300         2.72
      1.2310         2.78
      1.2320         2.90
      1.2330         3.54
      1.2340         3.72
      1.2350         3.95
      1.2360         4.15
      1.2370         4.39
      1.2380         4.51
      1.2390         5.28
      1.2400         5.36
      1.2410         5.57
      1.2420         5.73
      1.2430         5.88
      1.2440         6.03
      1.2450         6.10
      1.2460         6.10
      1.2470         6.05
      1.2480         6.01
      1.2490         5.95
      1.2500         5.81
      1.2510         5.92
      1.2520         5.90
      1.2530         5.81
      1.2540         5.77
      1.2550         5.70
      1.2560         5.70
      1.2570         5.58
      1.2580         5.65
      1.2590         5.54
      1.2600         5.60
      1.2610         5.59
      1.2620         5.54
      1.2630         5.59
      1.2640         5.64
      1.2650         5.68
      1.2660         5.69
      1.2670         5.69
      1.2680         5.75
      1.2690         5.76
      1.2700         5.85
      1.2710         5.72
      1.2720         5.72
      1.2730         5.82
      1.2740         5.80
      1.2750         5.79
      1.2760         5.82
      1.2770         5.91
      1.2780         5.94
      1.2790         6.01
      1.2800         6.03
      1.2810         6.00
      1.2820         6.10
      1.2830         6.18
      1.2840         6.17
      1.2850         6.15
      1.2860         6.26
      1.2870         6.36
      1.2880         6.42
      1.2890         6.48
      1.2900         6.43
      1.2910         6.54
      1.2920         6.60
      1.2930         6.64
      1.2940         6.72
      1.2950         6.81
      1.2960         6.85
      1.2970         6.98
      1.2980         6.95
      1.2990         7.04
      1.3000         7.07
      1.3010         7.18
      1.3020         7.18
      1.3030         7.12
      1.3040         7.19
      1.3050         7.33
      1.3060         7.34
      1.3070         7.37
      1.3080         7.49
      1.3090         7.54
      1.3100         7.73
      1.3110         7.77
      1.3120         7.86
      1.3130         7.96
      1.3140         8.00
      1.3150         8.03
      1.3160         8.16
      1.3170         8.21
      1.3180         8.37
      1.3190         8.42
      1.3200         8.58
      1.3210         8.65
      1.3220         8.84
      1.3230         9.06
      1.3240         9.13
      1.3250         9.21
      1.3260         9.33
      1.3270         9.48
      1.3280         9.60
      1.3290         9.67
      1.3300         9.63
      1.3310         9.66
      1.3320         9.75
      1.3330         9.87
      1.3340         9.95
      1.3350        10.01
      1.3360        10.05
      1.3370        10.06
      1.3380        10.07
      1.3390        10.21
      1.3400        10.33
      1.3410        10.45
      1.3420        10.48
      1.3430        10.54
      1.3440        10.74
      1.3450        10.82
      1.3460        10.89
      1.3470        11.02
      1.3480        11.10
      1.3490        11.38
      1.3500        11.60
      1.3510        11.90
      1.3520        12.09
      1.3530        12.28
      1.3540        12.44
      1.3550        12.63
      1.3560        12.80
      1.3570        13.05
      1.3580        13.21
      1.3590        13.28
      1.3600        13.32
      1.3610        13.40
      1.3620        13.54
      1.3630        13.56
      1.3640        13.59
      1.3650        13.78
      1.3660        13.93
      1.3670        14.05
      1.3680        14.18
      1.3690        14.10
      1.3700        14.29
      1.3710        14.29
      1.3720        14.41
      1.3730        14.53
      1.3740        14.70
      1.3750        14.82
      1.3760        14.97
      1.3770        15.04
      1.3780        15.26
      1.3790        15.45
      1.3800        15.58
      1.3810        15.80
      1.3820        15.98
      1.3830        16.22
      1.3840        16.38
      1.3850        16.41
      1.3860        16.61
      1.3870        16.66
      1.3880        16.76
      1.3890        16.93
      1.3900        17.00
      1.3910        17.15
      1.3920        17.25
      1.3930        17.31
      1.3940        17.29
      1.3950        17.36
      1.3960        17.48
      1.3970        17.59
      1.3980        17.59
      1.3990        17.63
      1.4000        17.75
      1.4010        17.83
      1.4020        17.90
      1.4030        18.05
      1.4040        18.19
      1.4050        18.43
      1.4060        18.44
      1.4070        18.47
      1.4080        18.56
      1.4090        18.66
      1.4100        18.70
      1.4110        18.81
      1.4120        18.83
      1.4130        18.99
      1.4140        19.11
      1.4150        19.23
      1.4160        19.28
      1.4170        19.33
      1.4180        19.37
      1.4190        19.48
      1.4200        19.59
      1.4210        19.67
      1.4220        19.76
      1.4230        19.64
      1.4240        19.59
      1.4250        19.54
      1.4260        19.71
      1.4270        19.89
      1.4280        19.88
      1.4290        20.02
      1.4300        20.27
      1.4310        20.37
      1.4320        20.46
      1.4330        20.52
      1.4340        20.71
      1.4350        20.83
      1.4360        20.87
      1.4370        21.04
      1.4380        21.26
      1.4390        21.37
      1.4400        21.32
      1.4410        21.36
      1.4420        21.39
      1.4430        21.54
      1.4440        21.78
      1.4450        21.90
      1.4460        21.97
      1.4470        22.09
      1.4480        22.25
      1.4490        22.26
      1.4500        22.17
      1.4510        22.20
      1.4520        22.30
      1.4530        22.28
      1.4540        22.28
      1.4550        22.40
      1.4560        22.55
      1.4570        22.55
      1.4580        22.53
      1.4590        22.61
      1.4600        22.75
      1.4610        22.78
      1.4620        22.86
      1.4630        23.08
      1.4640        23.09
      1.4650        23.21
      1.4660        23.25
      1.4670        23.41
      1.4680        23.43
      1.4690        23.50
      1.4700        23.62
      1.4710        23.86
      1.4720        23.93
      1.4730        24.04
      1.4740        24.14
      1.4750        24.10
      1.4760        24.11
      1.4770        24.32
      1.4780        24.40
      1.4790        24.48
      1.4800        24.60
      1.4810        24.73
      1.4820        24.85
      1.4830        24.82
      1.4840        24.89
      1.4850        24.92
      1.4860        25.04
      1.4870        24.97
      1.4880        25.05
      1.4890        25.13
      1.4900        25.20
      1.4910        25.10
      1.4920        25.13
      1.4930        25.19
      1.4940        25.21
      1.4950        25.29
      1.4960        25.37
      1.4970        25.39
      1.4980        25.44
      1.4990        25.55
      1.5000        25.71
      1.5010        25.88
      1.5020        26.00
      1.5030        26.18
      1.5040        26.22
      1.5050        26.22
      1.5060        26.22
      1.5070        26.22
      1.5080        26.30
      1.5090        26.42
      1.5100        26.55
      1.5110        26.65
      1.5120        26.83
      1.5130        26.92
      1.5140        27.04
      1.5150        27.18
      1.5160        27.27
      1.5170        27.18
      1.5180        27.30
      1.5190        27.31
      1.5200        27.27
      1.5210        27.35
      1.5220        27.35
      1.5230        27.40
      1.5240        27.46
      1.5250        27.66
      1.5260        27.79
      1.5270        27.99
      1.5280        28.20
      1.5290        28.22
      1.5300        28.31
      1.5310        28.35
      1.5320        28.26
      1.5330        28.35
      1.5340        28.51
      1.5350        28.59
      1.5360        28.77
      1.5370        28.92
      1.5380        29.07
      1.5390        29.11
      1.5400        29.16
      1.5410        29.07
      1.5420        29.13
      1.5430        29.16
      1.5440        29.24
      1.5450        29.30
      1.5460        29.42
      1.5470        29.48
      1.5480        29.57
      1.5490        29.82
      1.5500        29.94
      1.5510        30.07
      1.5520        30.34
      1.5530        30.42
      1.5540        30.43
      1.5550        30.47
      1.5560        30.49
      1.5570        30.72
      1.5580        30.77
      1.5590        30.97
      1.5600        31.04
      1.5610        31.15
      1.5620        31.19
      1.5630        31.25
      1.5640        31.34
      1.5650        31.38
      1.5660        31.27
      1.5670        31.32
      1.5680        31.31
      1.5690        31.19
      1.5700        31.19
      1.5710        31.18
      1.5720        31.17
      1.5730        31.26
      1.5740        31.28
      1.5750        31.24
      1.5760        31.33
      1.5770        31.38
      1.5780        31.42
      1.5790        31.36
      1.5800        31.50
      1.5810        31.53
      1.5820        31.68
      1.5830        31.74
      1.5840        31.86
      1.5850        31.97
      1.5860        32.05
      1.5870        32.16
      1.5880        32.12
      1.5890        32.13
      1.5900        32.14
      1.5910        32.26
      1.5920        32.28
      1.5930        32.20
      1.5940        32.29
      1.5950        32.41
      1.5960        32.31
      1.5970        32.21
      1.5980        32.25
      1.5990        32.27
      1.6000        32.20
      1.6010        32.27
      1.6020        32.30
      1.6030        32.30
      1.6040        32.32
      1.6050        32.38
      1.6060        32.59
      1.6070        32.62
      1.6080        32.79
      1.6090        32.97
      1.6100        33.07
      1.6110        33.10
      1.6120        33.15
      1.6130        33.27
      1.6140        33.28
      1.6150        33.30
      1.6160        33.48
      1.6170        33.51
      1.6180        33.52
      1.6190        33.68
      1.6200        33.76
      1.6210        33.83
      1.6220        33.86
      1.6230        33.89
      1.6240        33.81
      1.6250        33.77
      1.6260        33.71
      1.6270        33.54
      1.6280        33.51
      1.6290        33.43
      1.6300        33.43
      1.6310        33.51
      1.6320        33.58
      1.6330        33.57
      1.6340        33.53
      1.6350        33.58
      1.6360        33.57
      1.6370        33.59
      1.6380        33.58
      1.6390        33.51
      1.6400        33.54
      1.6410        33.55
      1.6420        33.63
      1.6430        33.61
      1.6440        33.67
      1.6450        33.68
      1.6460        33.65
      1.6470        33.80
      1.6480        33.75
      1.6490        33.81
      1.6500        33.79
      1.6510        33.76
      1.6520        33.68
      1.6530        33.71
      1.6540        33.72
      1.6550        33.71
      1.6560        33.56
      1.6570        33.59
      1.6580        33.56
      1.6590        33.50
      1.6600        33.46
      1.6610        33.44
      1.6620        33.34
      1.6630        33.44
      1.6640        33.43
      1.6650        33.48
      1.6660        33.49
      1.6670        33.45
      1.6680        33.59
      1.6690        33.67
      1.6700        33.65
      1.6710        33.57
      1.6720        33.59
      1.6730        33.65
      1.6740        33.71
      1.6750        33.83
      1.6760        33.91
      1.6770        33.95
      1.6780        34.00
      1.6790        34.04
      1.6800        34.04
      1.6810        34.10
      1.6820        34.04
      1.6830        33.99
      1.6840        33.96
      1.6850        33.92
      1.6860        33.82
      1.6870        33.84
      1.6880        33.67
      1.6890        33.56
      1.6900        33.50
      1.6910        33.51
      1.6920        33.55
      1.6930        33.43
      1.6940        33.47
      1.6950        33.39
      1.6960        33.45
      1.6970        33.48
      1.6980        33.47
      1.6990        33.53
      1.7000        33.68
      1.7010        33.68
      1.7020        33.80
      1.7030        33.80
      1.7040        33.89
      1.7050        33.92
      1.7060        33.97
      1.7070        33.97
      1.7080        34.16
      1.7090        34.08
      1.7100        34.11
      1.7110        34.06
      1.7120        33.99
      1.7130        33.94
      1.7140        33.85
      1.7150        33.84
      1.7160        33.71
      1.7170        33.63
      1.7180        33.61
      1.7190        33.61
      1.7200        33.47
      1.7210        33.43
      1.7220        33.39
      1.7230        33.34
      1.7240        33.36
      1.7250        33.37
      1.7260        33.45
      1.7270        33.43
      1.7280        33.38
      1.7290        33.36
      1.7300        33.43
      1.7310        33.56
      1.7320        33.56
      1.7330        33.65
      1.7340        33.72
      1.7350        33.65
      1.7360        33.70
      1.7370        33.69
      1.7380        33.75
      1.7390        33.72
      1.7400        33.79
      1.7410        33.77
      1.7420        33.80
      1.7430        33.78
      1.7440        33.71
      1.7450        33.60
      1.7460        33.48
      1.7470        33.51
      1.7480        33.43
      1.7490        33.52
      1.7500        33.51
      1.7510        33.50
      1.7520        33.50
      1.7530        33.54
      1.7540        33.55
      1.7550        33.66
      1.7560        33.74
      1.7570        33.72
      1.7580        33.72
      1.7590        33.73
      1.7600        33.71
      1.7610        33.69
      1.7620        33.69
      1.7630        33.73
      1.7640        33.82
      1.7650        33.83
      1.7660        33.96
      1.7670        33.93
      1.7680        34.04
      1.7690        33.97
      1.7700        33.92
      1.7710        33.82
      1.7720        33.80
      1.7730        33.69
      1.7740        33.65
      1.7750        33.53
      1.7760        33.45
      1.7770        33.46
      1.7780        33.41
      1.7790        33.41
      1.7800        33.37
      1.7810        33.35
      1.7820        33.31
      1.7830        33.43
      1.7840        33.28
      1.7850        33.37
      1.7860        33.33
      1.7870        33.34
      1.7880        33.32
      1.7890        33.30
      1.7900        33.40
      1.7910        33.40
      1.7920        33.49
      1.7930        33.59
      1.7940        33.69
      1.7950        33.77
      1.7960        33.88
      1.7970        33.91
      1.7980        33.88
      1.7990        33.77
      1.8000        33.64
      1.8010        33.63
      1.8020        33.52
      1.8030        33.37
      1.8040        33.31
      1.8050        33.22
      1.8060        33.08
      1.8070        33.00
      1.8080        32.91
      1.8090        32.92
      1.8100        32.86
      1.8110        32.86
      1.8120        32.76
      1.8130        32.64
      1.8140        32.51
      1.8150        32.39
      1.8160        32.25
      1.8170        32.17
      1.8180        32.14
      1.8190        32.13
      1.8200        32.22
      1.8210        32.33
      1.8220        32.34
      1.8230        32.26
      1.8240        32.33
      1.8250        32.28
      1.8260        32.31
      1.8270        32.31
      1.8280        32.23
      1.8290        32.21
      1.8300        32.15
      1.8310        32.14
      1.8320        32.08
      1.8330        32.09
      1.8340        31.96
      1.8350        31.92
      1.8360        31.77
      1.8370        31.72
      1.8380        31.72
      1.8390        31.73
      1.8400        31.66
      1.8410        31.52
      1.8420        31.52
      1.8430        31.57
      1.8440        31.49
      1.8450        31.45
      1.8460        31.41
      1.8470        31.33
      1.8480        31.38
      1.8490        31.27
      1.8500        31.19
      1.8510        31.15
      1.8520        31.12
      1.8530        31.03
      1.8540        30.92
      1.8550        30.84
      1.8560        30.79
      1.8570        30.71
      1.8580        30.61
      1.8590        30.45
      1.8600        30.25
      1.8610        30.11
      1.8620        29.83
      1.8630        29.64
      1.8640        29.43
      1.8650        29.35
      1.8660        29.18
      1.8670        29.06
      1.8680        28.82
      1.8690        28.75
      1.8700        28.60
      1.8710        28.42
      1.8720        28.20
      1.8730        28.01
      1.8740        28.00
      1.8750        27.99
      1.8760        27.94
      1.8770        27.82
      1.8780        27.76
      1.8790        27.74
      1.8800        27.70
      1.8810        27.50
      1.8820        27.44
      1.8830        27.20
      1.8840        27.12
      1.8850        26.90
      1.8860        26.78
      1.8870        26.54
      1.8880        26.42
      1.8890        26.20
      1.8900        26.00
      1.8910        25.76
      1.8920        25.58
      1.8930        25.48
      1.8940        25.12
      1.8950        24.82
      1.8960        24.48
      1.8970        24.24
      1.8980        23.83
      1.8990        23.52
      1.9000        23.32
      1.9010        23.15
      1.9020        22.97
      1.9030        22.83
      1.9040        22.68
      1.9050        22.45
      1.9060        22.32
      1.9070        22.22
      1.9080        21.99
      1.9090        21.73
      1.9100        21.50
      1.9110        21.26
      1.9120        21.09
      1.9130        20.76
      1.9140        20.65
      1.9150        20.37
      1.9160        20.18
      1.9170        19.89
      1.9180        19.77
      1.9190        19.44
      1.9200        19.08
      1.9210        18.73
      1.9220        18.42
      1.9230        18.16
      1.9240        17.80
      1.9250        17.70
      1.9260        17.39
      1.9270        17.17
      1.9280        16.90
      1.9290        16.73
      1.9300        16.62
      1.9310        16.48
      1.9320        16.31
      1.9330        16.11
      1.9340        15.89
      1.9350        15.80
      1.9360        15.72
      1.9370        15.62
      1.9380        15.41
      1.9390        15.32
      1.9400        15.26
      1.9410        15.04
      1.9420        14.89
      1.9430        14.83
      1.9440        14.73
      1.9450        14.30
      1.9460        14.09
      1.9470        13.81
      1.9480        13.63
      1.9490        13.46
      1.9500        13.17
      1.9510        12.94
      1.9520        12.67
      1.9530        12.51
      1.9540        12.27
      1.9550        12.03
      1.9560        11.80
      1.9570        11.55
      1.9580        11.44
      1.9590        11.26
      1.9600        11.06
      1.9610        11.01
      1.9620        10.87
      1.9630        10.69
      1.9640        10.53
      1.9650        10.50
      1.9660        10.45
      1.9670        10.34
      1.9680        10.11
      1.9690        10.04
      1.9700         9.90
      1.9710         9.74
      1.9720         9.64
      1.9730         9.46
      1.9740         9.32
      1.9750         9.11
      1.9760         8.94
      1.9770         8.72
      1.9780         8.55
      1.9790         8.32
      1.9800         8.06
      1.9810         7.88
      1.9820         7.68
      1.9830         7.36
      1.9840         7.09
      1.9850         6.85
      1.9860         6.53
      1.9870         6.40
      1.9880         6.28
      1.9890         6.02
      1.9900         5.85
      1.9910         5.71
      1.9920         5.50
      1.9930         5.43
      1.9940         5.32
      1.9950         5.18
      1.9960         5.06
      1.9970         4.97
      1.9980         4.74
      1.9990         4.66
      2.0000         4.05
      2.0010         3.91
      2.0020         3.85
      2.0030         3.75
      2.0040         3.66
      2.0050         3.54
      2.0060         3.46
      2.0070         3.37
      2.0080         3.23
      2.0090         3.15
      2.0100         2.54
      2.0110         2.50
      2.0120         2.37
      2.0130         2.29
      2.0140         2.72
      2.0150         2.69
      2.0160         2.57
      2.0170         2.53
      2.0180         2.07
      2.0190         2.09
      2.0200         2.13
      2.0210         2.21
      2.0220         2.21
      2.0230         2.21
      2.0240         2.26
      2.0250         2.22
      2.0260         2.24
      2.0270         2.20
      2.0280         2.16
      2.0290         2.08
      2.0300         2.10
      2.0310         2.16
      2.0320         2.17
      2.0330         2.21
      2.0340         2.26
      2.0350         2.29
      2.0360         2.28
      2.0370         2.32
      2.0380         2.33
      2.0390         2.25
      2.0400         2.21
      2.0410         2.16
      2.0420         2.06
      2.0430         2.04
      2.0440         2.01
      2.0450         2.10
      2.0460         2.09
      2.0470         2.05
      2.0480         2.12
      2.0490         2.17
      2.0500         2.17
      2.0510         2.12
      2.0520         2.16
      2.0530         2.21
      2.0540         2.20
      2.0550         2.22
      2.0560         2.28
      2.0570         2.21
      2.0580         2.16
      2.0590         2.20
      2.0600         2.17
      2.0610         2.16
      2.0620         2.21
      2.0630         2.18
      2.0640         2.12
      2.0650         2.02
      2.0660         2.04
      2.0670         2.14
      2.0680         2.16
      2.0690         2.14
      2.0700         2.16
      2.0710         2.13
      2.0720         2.14
      2.0730         2.08
      2.0740         2.06
      2.0750         1.98
      2.0760         1.98
      2.0770         2.04
      2.0780         2.04
      2.0790         2.09
      2.0800         2.16
      2.0810         2.12
      2.0820         2.16
      2.0830         2.27
      2.0840         2.32
      2.0850         2.44
      2.0860         2.44
      2.0870         2.31
      2.0880         2.23
      2.0890         2.21
      2.0900         2.21
      2.0910         2.21
      2.0920         2.21
      2.0930         2.15
      2.0940         2.05
      2.0950         2.05
      2.0960         1.97
      2.0970         1.95
      2.0980         1.95
      2.0990         1.88
      2.1000         1.88
      2.1010         1.96
      2.1020         1.91
      2.1030         1.88
      2.1040         1.89
      2.1050         1.83
      2.1060         1.86
      2.1070         1.99
      2.1080         2.08
      2.1090         2.17
      2.1100         2.19
      2.1110         2.32
      2.1120         2.31
      2.1130         2.39
      2.1140         2.45
      2.1150         2.44
      2.1160         2.49
      2.1170         2.48
      2.1180         2.48
      2.1190         2.53
      2.1200         2.48
      2.1210         2.42
      2.1220         2.34
      2.1230         2.28
      2.1240         2.24
      2.1250         2.18
      2.1260         2.12
      2.1270         2.10
      2.1280         2.02
      2.1290         1.92
      2.1300         1.92
      2.1310         1.80
      2.1320         1.78
      2.1330         1.74
      2.1340         1.73
      2.1350         1.76
      2.1360         1.76
      2.1370         1.85
      2.1380         1.91
      2.1390         1.93
      2.1400         1.95
      2.1410         1.97
      2.1420         2.05
      2.1430         2.09
      2.1440         2.01
      2.1450         2.08
      2.1460         2.11
      2.1470         2.09
      2.1480         2.11
      2.1490         2.13
      2.1500         2.05
      2.1510         2.08
      2.1520         2.07
      2.1530         2.07
      2.1540         2.08
      2.1550         2.08
      2.1560         2.04
      2.1570         1.91
      2.1580         1.91
      2.1590         1.83
      2.1600         1.83
      2.1610         1.76
      2.1620         1.76
      2.1630         1.74
      2.1640         1.87
      2.1650         1.84
      2.1660         1.83
      2.1670         1.81
      2.1680         1.81
      2.1690         1.82
      2.1700         1.91
      2.1710         1.88
      2.1720         1.91
      2.1730         2.42
      2.1740         2.42
      2.1750         1.93
      2.1760         1.92
      2.1770         2.00
      2.1780         2.05
      2.1790         2.09
      2.1800         2.12
      2.1810         2.13
      2.1820         2.16
      2.1830         2.05
      2.1840         2.04
      2.1850         1.96
      2.1860         1.95
      2.1870         1.92
      2.1880         1.97
      2.1890         1.96
      2.1900         1.93
      2.1910         1.96
      2.1920         1.97
      2.1930         1.96
      2.1940         1.89
      2.1950         1.87
      2.1960         1.93
      2.1970         1.91
      2.1980         1.81
      2.1990         1.80
      2.2000         1.72
      2.2010         1.77
      2.2020         1.75
      2.2030         1.81
      2.2040         1.73
      2.2050         1.81
      2.2060         1.83
      2.2070         1.81
      2.2080         1.76
      2.2090         1.72
      2.2100         1.64
      2.2110         1.63
      2.2120         1.56
      2.2130         1.59
      2.2140         1.65
      2.2150         1.64
      2.2160         1.58
      2.2170         1.60
      2.2180         1.63
      2.2190         1.61
      2.2200         1.69
      2.2210         1.69
      2.2220         1.71
      2.2230         1.75
      2.2240         1.80
      2.2250         1.84
      2.2260         1.93
      2.2270         1.93
      2.2280         1.97
      2.2290         2.00
      2.2300         2.08
      2.2310         2.15
      2.2320         2.21
      2.2330         2.23
      2.2340         2.20
      2.2350         2.24
      2.2360         2.25
      2.2370         2.25
      2.2380         2.19
      2.2390         2.19
      2.2400         2.19
      2.2410         2.20
      2.2420         2.23
      2.2430         2.25
      2.2440         2.17
      2.2450         2.17
      2.2460         2.05
      2.2470         2.05
      2.2480         2.01
      2.2490         1.98
      2.2500         2.00
      2.2510         1.93
      2.2520         1.94
      2.2530         1.93
      2.2540         1.90
      2.2550         1.96
      2.2560         2.00
      2.2570         1.97
      2.2580         2.00
      2.2590         2.05
      2.2600         2.01
      2.2610         1.96
      2.2620         1.93
      2.2630         1.85
      2.2640         1.90
      2.2650         1.86
      2.2660         1.90
      2.2670         1.89
      2.2680         1.93
      2.2690         1.93
      2.2700         1.88
      2.2710         1.92
      2.2720         1.86
      2.2730         1.93
      2.2740         1.97
      2.2750         1.90
      2.2760         1.94
      2.2770         1.98
      2.2780         1.98
      2.2790         2.01
      2.2800         2.06
      2.2810         2.13
      2.2820         2.12
      2.2830         2.17
      2.2840         2.20
      2.2850         2.28
      2.2860         2.29
      2.2870         2.39
      2.2880         2.39
      2.2890         2.40
      2.2900         2.43
      2.2910         2.41
      2.2920         2.43
      2.2930         2.40
      2.2940         2.45
      2.2950         2.40
      2.2960         2.35
      2.2970         2.32
      2.2980         2.33
      2.2990         2.27
      2.3000         2.21
      2.3010         2.20
      2.3020         2.20
      2.3030         2.17
      2.3040         2.17
      2.3050         2.04
      2.3060         2.00
      2.3070         1.91
      2.3080         1.84
      2.3090         1.88
      2.3100         1.87
      2.3110         1.87
      2.3120         1.88
      2.3130         1.83
      2.3140         1.83
      2.3150         1.89
      2.3160         2.45
      2.3170         2.49
      2.3180         2.53
      2.3190         2.53
      2.3200         2.54
      2.3210         2.54
      2.3220         2.50
      2.3230         2.48
      2.3240         1.99
      2.3250         2.08
      2.3260         2.12
      2.3270         2.15
      2.3280         2.12
      2.3290         2.12
      2.3300         2.11
      2.3310         2.09
      2.3320         2.08
      2.3330         2.05
      2.3340         1.95
      2.3350         1.95
      2.3360         1.96
      2.3370         1.97
      2.3380         1.87
      2.3390         1.85
      2.3400         1.88
      2.3410         1.89
      2.3420         1.89
      2.3430         1.97
      2.3440         2.00
      2.3450         1.97
      2.3460         1.95
      2.3470         1.93
      2.3480         2.00
      2.3490         1.97
      2.3500         2.01
      2.3510         2.00
      2.3520         2.01
      2.3530         2.07
      2.3540         2.09
      2.3550         2.04
      2.3560         2.03
      2.3570         2.04
      2.3580         2.09
      2.3590         2.07
      2.3600         2.05
      2.3610         2.03
      2.3620         2.04
      2.3630         2.05
      2.3640         2.04
      2.3650         2.07
      2.3660         2.07
      2.3670         2.07
      2.3680         2.08
      2.3690         2.13
      2.3700         2.11
      2.3710         2.12
      2.3720         2.07
      2.3730         2.05
      2.3740         2.11
      2.3750         2.22
      2.3760         2.19
      2.3770         2.18
      2.3780         2.18
      2.3790         2.20
      2.3800         2.25
      2.3810         2.19
      2.3820         2.20
      2.3830         2.20
      2.3840         2.15
      2.3850         2.12
      2.3860         2.12
      2.3870         2.15
      2.3880         2.13
      2.3890         2.05
      2.3900         2.03
      2.3910         2.01
      2.3920         2.05
      2.3930         2.09
      2.3940         1.99
      2.3950         1.88
      2.3960         1.89
      2.3970         1.89
      2.3980         1.88
      2.3990         1.91
      2.4000         1.88
      2.4010         1.96
      2.4020         1.92
      2.4030         1.96
      2.4040         2.03
      2.4050         1.99
      2.4060         1.97
      2.4070         2.48
      2.4080         2.48
      2.4090         2.60
      2.4100         2.65
      2.4110         2.61
      2.4120         2.58
      2.4130         1.95
      2.4140         2.08
      2.4150         2.12
      2.4160         2.12
      2.4170         2.09
      2.4180         2.04
      2.4190         1.92
      2.4200         1.85
      2.4210         1.83
      2.4220         1.87
      2.4230         1.75
      2.4240         1.71
      2.4250         1.76
      2.4260         1.81
      2.4270         1.85
      2.4280         1.88
      2.4290         1.91
      2.4300         1.92
      2.4310         1.99
      2.4320         2.03
      2.4330         2.09
      2.4340         2.05
      2.4350         2.05
      2.4360         2.04
      2.4370         1.89
      2.4380         1.96
      2.4390         2.00
      2.4400         2.06
      2.4410         2.12
      2.4420         2.08
      2.4430         2.06
      2.4440         2.04
      2.4450         2.05
      2.4460         1.98
      2.4470         1.93
      2.4480         1.88
      2.4490         1.82
      2.4500         1.78
      2.4510         1.72
      2.4520         1.72
      2.4530         1.70
      2.4540         1.65
      2.4550         1.60
      2.4560         1.54
      2.4570         1.73
      2.4580         1.73
      2.4590         1.78
      2.4600         1.78
      2.4610         1.76
      2.4620         1.84
      2.4630         1.81
      2.4640         1.82
      2.4650         1.73
      2.4660         1.84
      2.4670         1.92
      2.4680         1.96
      2.4690         1.98
      2.4700         1.96
      2.4710         1.93
      2.4720         1.88
      2.4730         1.86
      2.4740         1.89
      2.4750         1.94
      2.4760         1.96
      2.4770         1.86
      2.4780         1.86
      2.4790         1.86
      2.4800         1.80
      2.4810         1.77
      2.4820         1.66
      2.4830         1.81
      2.4840         1.77
      2.4850         1.83
      2.4860         1.79
      2.4870         1.77
      2.4880         1.77
      2.4890         1.85
      2.4900         1.84
      2.4910         1.85
      2.4920         1.92
      2.4930         2.03
      2.4940         2.14
      2.4950         2.16
      2.4960         2.19
      2.4970         2.30
      2.4980         2.31
      2.4990         2.30
      2.5000         2.32
      2.5010         2.28
      2.5020         2.31
      2.5030         2.24
      2.5040         2.32
      2.5050         2.26
      2.5060         2.19
      2.5070         2.21
      2.5080         2.16
      2.5090         1.99
      2.5100         2.09
      2.5110         2.13
      2.5120         2.11
      2.5130         1.93
      2.5140         1.87
      2.5150         1.80
      2.5160         1.81
      2.5170         1.81
      2.5180         1.79
      2.5190         1.77
      2.5200         1.84
      2.5210         1.96
      2.5220         2.03
      2.5230         2.09
      2.5240         2.09
      2.5250         2.17
      2.5260         2.23
      2.5270         2.19
      2.5280         2.23
      2.5290         2.26
      2.5300         2.14
      2.5310         2.08
      2.5320         2.06
      2.5330         2.14
      2.5340         2.04
      2.5350         2.08
      2.5360         2.08
      2.5370         2.08
      2.5380         2.08
      2.5390         2.16
      2.5400         2.09
      2.5410         2.04
      2.5420         1.96
      2.5430         1.93
      2.5440         1.86
      2.5450         1.85
      2.5460         1.88
      2.5470         1.92
      2.5480         1.92
      2.5490         2.00
      2.5500         2.09
      2.5510         2.17
      2.5520         2.21
      2.5530         2.23
      2.5540         2.32
      2.5550         2.35
      2.5560         2.44
      2.5570         2.39
      2.5580         2.36
      2.5590         2.25
      2.5600         2.27
      2.5610         2.21
      2.5620         2.24
      2.5630         2.17
      2.5640         2.17
      2.5650         2.19
      2.5660         2.11
      2.5670         1.99
      2.5680         1.95
      2.5690         1.92
      2.5700         1.85
      2.5710         1.84
      2.5720         1.80
      2.5730         1.79
      2.5740         1.77
      2.5750         1.76
      2.5760         1.65
      2.5770         1.72
      2.5780         1.68
      2.5790         1.72
      2.5800         1.80
      2.5810         1.79
      2.5820         1.77
      2.5830         1.80
      2.5840         1.77
      2.5850         1.75
      2.5860         1.77
      2.5870         1.88
      2.5880         1.91
      2.5890         1.81
      2.5900         1.81
      2.5910         1.80
      2.5920         1.76
      2.5930         1.73
      2.5940         1.65
      2.5950         1.59
      2.5960         1.59
      2.5970         1.51
      2.5980         1.63
      2.5990         1.55
      2.6000         1.45
      2.6010         1.47
      2.6020         1.57
      2.6030         1.64
      2.6040         1.75
      2.6050         1.81
      2.6060         1.85
      2.6070         1.80
      2.6080         1.77
      2.6090         1.85
      2.6100         1.88
      2.6110         1.89
      2.6120         2.00
      2.6130         2.04
      2.6140         2.12
      2.6150         2.17
      2.6160         2.24
      2.6170         2.30
      2.6180         2.17
      2.6190         2.26
      2.6200         2.31
      2.6210         2.35
      2.6220         2.21
      2.6230         2.16
      2.6240         2.05
      2.6250         2.00
      2.6260         1.96
      2.6270         1.99
      2.6280         2.05
      2.6290         2.00
      2.6300         2.06
      2.6310         2.02
      2.6320         2.06
      2.6330         2.08
      2.6340         2.10
      2.6350         2.10
      2.6360         2.12
      2.6370         2.08
      2.6380         2.19
      2.6390         2.16
      2.6400         2.12
      2.6410         2.10
      2.6420         2.19
      2.6430         2.11
      2.6440         2.15
      2.6450         2.14
      2.6460         2.14
      2.6470         2.12
      2.6480         2.12
      2.6490         2.16
      2.6500         2.06
      2.6510         2.02
      2.6520         1.89
      2.6530         1.84
      2.6540         1.84
      2.6550         1.84
      2.6560         1.76
      2.6570         1.78
      2.6580         1.74
      2.6590         1.80
      2.6600         1.75
      2.6610         1.76
      2.6620         1.71
      2.6630         1.75
      2.6640         1.78
      2.6650         1.83
      2.6660         1.90
      2.6670         1.90
      2.6680         1.98
      2.6690         1.98
      2.6700         2.06
      2.6710         2.14
      2.6720         2.22
      2.6730         2.24
      2.6740         2.24
      2.6750         2.22
      2.6760         2.23
      2.6770         2.18
      2.6780         2.20
      2.6790         2.18
      2.6800         2.20
      2.6810         2.18
      2.6820         2.26
      2.6830         2.25
      2.6840         2.22
      2.6850         2.14
      2.6860         2.07
      2.6870         2.07
      2.6880         1.92
      2.6890         1.95
      2.6900         1.94
      2.6910         1.96
      2.6920         1.90
      2.6930         1.94
      2.6940         1.95
      2.6950         1.98
      2.6960         2.02
      2.6970         2.14
      2.6980         2.10
      2.6990         2.11
      2.7000         2.11
      2.7010         2.16
      2.7020         2.07
      2.7030         2.15
      2.7040         2.18
      2.7050         2.26
      2.7060         2.32
      2.7070         2.31
      2.7080         2.39
      2.7090         2.35
      2.7100         2.31
      2.7110         2.23
      2.7120         2.28
      2.7130         2.27
      2.7140         2.24
      2.7150         2.18
      2.7160         2.12
      2.7170         2.03
      2.7180         2.06
      2.7190         2.04
      2.7200         2.03
      2.7210         2.03
      2.7220         2.07
      2.7230         2.03
      2.7240         2.06
      2.7250         2.11
      2.7260         2.07
      2.7270         2.16
      2.7280         2.15
      2.7290         2.18
      2.7300         2.16
      2.7310         2.12
      2.7320         2.07
      2.7330         2.02
      2.7340         2.07
      2.7350         2.15
      2.7360         2.12
      2.7370         2.16
      2.7380         2.11
      2.7390         2.11
      2.7400         2.12
      2.7410         2.11
      2.7420         2.03
      2.7430         2.04
      2.7440         2.07
      2.7450         2.02
      2.7460         2.00
      2.7470         1.91
      2.7480         1.88
      2.7490         1.94
      2.7500         1.99
      2.7510         2.08
      2.7520         2.07
      2.7530         2.03
      2.7540         1.97
      2.7550         2.03
      2.7560         2.13
      2.7570         2.15
      2.7580         2.15
      2.7590         2.15
      2.7600         2.22
      2.7610         2.21
      2.7620         2.26
      2.7630         2.19
      2.7640         2.18
      2.7650         2.15
      2.7660         2.13
      2.7670         2.14
      2.7680         2.11
      2.7690         2.09
      2.7700         2.07
      2.7710         2.10
      2.7720         2.18
      2.7730         2.25
      2.7740         2.27
      2.7750         2.17
      2.7760         2.11
      2.7770         2.06
      2.7780         2.11
      2.7790         2.15
      2.7800         2.22
      2.7810         2.25
      2.7820         2.27
      2.7830         2.33
      2.7840         2.31
      2.7850         2.35
      2.7860         2.34
      2.7870         2.34
      2.7880         2.37
      2.7890         2.33
      2.7900         2.34
      2.7910         2.26
      2.7920         2.17
      2.7930         2.09
      2.7940         2.02
      2.7950         2.02
      2.7960         2.01
      2.7970         2.06
      2.7980         2.06
      2.7990         1.98
      2.8000         1.89
      2.8010         1.89
      2.8020         1.91
      2.8030         1.89
      2.8040         1.79
      2.8050         1.71
      2.8060         1.77
      2.8070         1.81
      2.8080         1.79
      2.8090         1.78
      2.8100         1.79
      2.8110         1.91
      2.8120         2.02
      2.8130         2.06
      2.8140         2.14
      2.8150         2.20
      2.8160         2.21
      2.8170         2.14
      2.8180         2.17
      2.8190         2.18
      2.8200         2.12
      2.8210         2.09
      2.8220         1.97
      2.8230         1.97
      2.8240         1.95
      2.8250         1.97
      2.8260         1.94
      2.8270         1.93
      2.8280         1.95
      2.8290         1.87
      2.8300         1.81
      2.8310         1.70
      2.8320         1.55
      2.8330         1.57
      2.8340         1.50
      2.8350         1.43
      2.8360         1.43
      2.8370         1.51
      2.8380         1.46
      2.8390         1.50
      2.8400         1.50
      2.8410         1.50
      2.8420         1.55
      2.8430         1.51
      2.8440         1.58
      2.8450         1.58
      2.8460         1.61
      2.8470         1.63
      2.8480         1.58
      2.8490         1.66
      2.8500         1.70
      2.8510         1.64
      2.8520         1.66
      2.8530         1.70
      2.8540         1.70
      2.8550         1.67
      2.8560         1.71
      2.8570         1.67
      2.8580         1.63
      2.8590         1.59
      2.8600         1.67
      2.8610         1.63
      2.8620         1.61
      2.8630         1.71
      2.8640         1.71
      2.8650         1.69
      2.8660         1.62
      2.8670         1.54
      2.8680         1.62
      2.8690         1.63
      2.8700         1.62
      2.8710         1.65
      2.8720         1.74
      2.8730         1.73
      2.8740         1.75
      2.8750         1.86
      2.8760         1.83
      2.8770         1.85
      2.8780         1.90
      2.8790         1.86
      2.8800         1.82
      2.8810         1.87
      2.8820         1.95
      2.8830         1.97
      2.8840         1.90
      2.8850         1.90
      2.8860         1.89
      2.8870         1.98
      2.8880         1.96
      2.8890         1.96
      2.8900         2.00
      2.8910         2.06
      2.8920         2.06
      2.8930         2.08
      2.8940         2.10
      2.8950         2.05
      2.8960         2.06
      2.8970         2.01
      2.8980         2.10
      2.8990         2.20
      2.9000         2.21
      2.9010         2.18
      2.9020         2.18
      2.9030         2.17
      2.9040         2.24
      2.9050         2.24
      2.9060         2.29
      2.9070         2.20
      2.9080         2.20
      2.9090         2.20
      2.9100         2.12
      2.9110         2.16
      2.9120         2.16
      2.9130         2.16
      2.9140         2.17
      2.9150         2.17
      2.9160         2.18
      2.9170         2.16
      2.9180         2.12
      2.9190         2.08
      2.9200         2.08
      2.9210         2.08
      2.9220         2.01
      2.9230         1.94
      2.9240         1.96
      2.9250         1.97
      2.9260         2.01
      2.9270         2.02
      2.9280         2.04
      2.9290         2.06
      2.9300         2.20
      2.9310         2.14
      2.9320         2.12
      2.9330         2.10
      2.9340         2.07
      2.9350         2.09
      2.9360         2.09
      2.9370         2.19
      2.9380         2.11
      2.9390         2.08
      2.9400         2.00
      2.9410         2.00
      2.9420         2.04
      2.9430         2.03
      2.9440         1.99
      2.9450         2.07
      2.9460         2.04
      2.9470         2.12
      2.9480         2.11
      2.9490         2.05
      2.9500         2.00
      2.9510         2.04
      2.9520         2.08
      2.9530         2.07
      2.9540         2.09
      2.9550         2.11
      2.9560         2.09
      2.9570         2.00
      2.9580         2.07
      2.9590         2.07
      2.9600         2.15
      2.9610         2.12
      2.9620         2.12
      2.9630         2.16
      2.9640         2.21
      2.9650         2.11
      2.9660         2.09
      2.9670         2.04
      2.9680         2.05
      2.9690         2.07
      2.9700         2.01
      2.9710         2.00
      2.9720         1.97
      2.9730         2.00
      2.9740         1.99
      2.9750         1.93
      2.9760         1.84
      2.9770         1.89
      2.9780         1.85
      2.9790         1.87
      2.9800         1.89
      2.9810         1.97
      2.9820         1.97
      2.9830         1.97
      2.9840         1.93
      2.9850         2.04
      2.9860         2.07
      2.9870         2.07
      2.9880         2.11
      2.9890         2.13
      2.9900         2.17
      2.9910         2.13
      2.9920         2.12
      2.9930         2.09
      2.9940         2.07
      2.9950         2.09
      2.9960         2.20
      2.9970         2.24
      2.9980         2.23
      2.9990         2.25
