        Time   Palpation Force
      0.0000         1.00
      0.0010         1.00
      0.0020         1.00
      0.0030         1.00
      0.0040         1.11
      0.0050         1.32
      0.0060         1.54
      0.0070         1.75
      0.0080         1.94
      0.0090         2.07
      0.0100         2.25
      0.0110         2.47
      0.0120         2.65
      0.0130         2.91
      0.0140         3.11
      0.0150         3.26
      0.0160         3.45
      0.0170         3.61
      0.0180         3.84
      0.0190         4.04
      0.0200         4.03
      0.0210         4.07
      0.0220         3.92
      0.0230         3.84
      0.0240         3.90
      0.0250         3.83
      0.0260         3.82
      0.0270         3.82
      0.0280         3.84
      0.0290         3.96
      0.0300         4.04
      0.0310         4.03
      0.0320         4.11
      0.0330         4.04
      0.0340         4.08
      0.0350         4.18
      0.0360         4.18
      0.0370         4.18
      0.0380         4.19
      0.0390         4.15
      0.0400         4.15
      0.0410         4.16
      0.0420         4.28
      0.0430         4.27
      0.0440         4.14
      0.0450         4.18
      0.0460         4.12
      0.0470         4.06
      0.0480         4.06
      0.0490         4.02
      0.0500         3.96
      0.0510         3.96
      0.0520         3.87
      0.0530         3.86
      0.0540         3.79
      0.0550         3.78
      0.0560         3.83
      0.0570         3.87
      0.0580         3.82
      0.0590         3.88
      0.0600         3.94
      0.0610         3.87
      0.0620         3.84
      0.0630         3.91
      0.0640         3.91
      0.0650         3.95
      0.0660         4.06
      0.0670         4.15
      0.0680         4.04
      0.0690         4.06
      0.0700         4.06
      0.0710         4.04
      0.0720         4.03
      0.0730         4.04
      0.0740         4.03
      0.0750         3.99
      0.0760         3.90
      0.0770         3.84
      0.0780         3.79
      0.0790         3.76
      0.0800         3.67
      0.0810         3.63
      0.0820         3.60
      0.0830         3.60
      0.0840         3.64
      0.0850         3.67
      0.0860         3.59
      0.0870         3.55
      0.0880         3.67
      0.0890         3.64
      0.0900         3.64
      0.0910         3.72
      0.0920         3.83
      0.0930         3.86
      0.0940         3.98
      0.0950         4.02
      0.0960         4.07
      0.0970         4.16
      0.0980         4.23
      0.0990         4.23
      0.1000         4.31
      0.1010         4.40
      0.1020         4.39
      0.1030         4.44
      0.1040         4.48
      0.1050         4.47
      0.1060         4.48
      0.1070         4.48
      0.1080         4.42
      0.1090         4.40
      0.1100         4.43
      0.1110         4.38
      0.1120         4.30
      0.1130         4.27
      0.1140         4.23
      0.1150         4.23
      0.1160         4.28
      0.1170         4.20
      0.1180         4.26
      0.1190         4.30
      0.1200         4.28
      0.1210         4.28
      0.1220         4.28
      0.1230         4.23
      0.1240         4.24
      0.1250         4.19
      0.1260         4.19
      0.1270         4.23
      0.1280         4.28
      0.1290         4.31
      0.1300         4.22
      0.1310         4.11
      0.1320         4.10
      0.1330         4.06
      0.1340         4.03
      0.1350         3.96
      0.1360         3.88
      0.1370         3.91
      0.1380         3.83
      0.1390         3.75
      0.1400         3.70
      0.1410         3.68
      0.1420         3.70
      0.1430         3.72
      0.1440         3.71
      0.1450         3.75
      0.1460         3.80
      0.1470         3.80
      0.1480         3.80
      0.1490         3.78
      0.1500         3.86
      0.1510         3.99
      0.1520         4.07
      0.1530         4.18
      0.1540         3.61
      0.1550         3.67
      0.1560         3.73
      0.1570         4.30
      0.1580         4.39
      0.1590         4.35
      0.1600         4.34
      0.1610         4.32
      0.1620         4.30
      0.1630         4.16
      0.1640         4.07
      0.1650         4.03
      0.1660         3.94
      0.1670         3.82
      0.1680         3.77
      0.1690         3.73
      0.1700         3.71
      0.1710         3.72
      0.1720         3.69
      0.1730         3.61
      0.1740         3.60
      0.1750         3.55
      0.1760         3.48
      0.1770         3.49
      0.1780         3.47
      0.1790         3.53
      0.1800         3.61
      0.1810         3.61
      0.1820         3.67
      0.1830         3.76
      0.1840         3.88
      0.1850         3.87
      0.1860         3.90
      0.1870         4.02
      0.1880         4.03
      0.1890         4.06
      0.1900         4.08
      0.1910         4.03
      0.1920         3.98
      0.1930         4.02
      0.1940         3.96
      0.1950         3.99
      0.1960         3.98
      0.1970         3.88
      0.1980         3.88
      0.1990         3.91
      0.2000         3.94
      0.2010         3.94
      0.2020         3.99
      0.2030         3.98
      0.2040         3.94
      0.2050         4.02
      0.2060         4.14
      0.2070         4.12
      0.2080         4.11
      0.2090         4.14
      0.2100         4.16
      0.2110         4.11
      0.2120         4.22
      0.2130         4.20
      0.2140         4.26
      0.2150         4.28
      0.2160         4.35
      0.2170         4.44
      0.2180         4.38
      0.2190         4.34
      0.2200         4.23
      0.2210         4.26
      0.2220         4.16
      0.2230         4.14
      0.2240         4.07
      0.2250         4.03
      0.2260         3.92
      0.2270         3.88
      0.2280         3.94
      0.2290         3.92
      0.2300         3.87
      0.2310         3.88
      0.2320         3.79
      0.2330         3.72
      0.2340         3.72
      0.2350         3.70
      0.2360         3.71
      0.2370         3.72
      0.2380         3.74
      0.2390         3.72
      0.2400         3.78
      0.2410         3.76
      0.2420         3.83
      0.2430         3.84
      0.2440         3.87
      0.2450         3.78
      0.2460         3.82
      0.2470         3.75
      0.2480         3.74
      0.2490         3.75
      0.2500         3.74
      0.2510         3.79
      0.2520         3.82
      0.2530         3.84
      0.2540         3.83
      0.2550         3.83
      0.2560         3.80
      0.2570         3.82
      0.2580         3.90
      0.2590         3.91
      0.2600         3.92
      0.2610         3.88
      0.2620         3.87
      0.2630         3.87
      0.2640         4.00
      0.2650         4.12
      0.2660         4.16
      0.2670         4.24
      0.2680         4.24
      0.2690         4.15
      0.2700         4.11
      0.2710         4.07
      0.2720         4.10
      0.2730         4.08
      0.2740         4.11
      0.2750         4.15
      0.2760         4.14
      0.2770         4.00
      0.2780         3.95
      0.2790         3.98
      0.2800         3.94
      0.2810         3.96
      0.2820         3.98
      0.2830         3.96
      0.2840         3.84
      0.2850         3.80
      0.2860         3.72
      0.2870         3.67
      0.2880         3.63
      0.2890         3.75
      0.2900         3.84
      0.2910         3.86
      0.2920         3.83
      0.2930         3.88
      0.2940         3.95
      0.2950         3.90
      0.2960         3.88
      0.2970         3.98
      0.2980         4.04
      0.2990         4.06
      0.3000         4.14
      0.3010         4.12
      0.3020         4.04
      0.3030         4.11
      0.3040         4.12
      0.3050         4.10
      0.3060         4.10
      0.3070         4.18
      0.3080         4.15
      0.3090         4.12
      0.3100         4.06
      0.3110         3.99
      0.3120         3.98
      0.3130         3.88
      0.3140         3.83
      0.3150         3.86
      0.3160         3.87
      0.3170         3.88
      0.3180         3.74
      0.3190         3.72
      0.3200         3.64
      0.3210         3.59
      0.3220         3.66
      0.3230         3.60
      0.3240         3.57
      0.3250         3.63
      0.3260         3.63
      0.3270         3.67
      0.3280         3.79
      0.3290         3.82
      0.3300         3.87
      0.3310         3.96
      0.3320         4.02
      0.3330         4.12
      0.3340         4.14
      0.3350         4.10
      0.3360         3.98
      0.3370         3.92
      0.3380         3.94
      0.3390         3.91
      0.3400         3.92
      0.3410         3.92
      0.3420         3.91
      0.3430         3.92
      0.3440         3.90
      0.3450         3.82
      0.3460         3.87
      0.3470         3.80
      0.3480         3.67
      0.3490         3.67
      0.3500         3.68
      0.3510         3.64
      0.3520         3.60
      0.3530         3.61
      0.3540         3.64
      0.3550         3.69
      0.3560         3.80
      0.3570         3.88
      0.3580         4.00
      0.3590         4.00
      0.3600         3.97
      0.3610         4.07
      0.3620         4.03
      0.3630         4.01
      0.3640         4.03
      0.3650         4.12
      0.3660         3.97
      0.3670         3.93
      0.3680         3.95
      0.3690         3.91
      0.3700         3.91
      0.3710         3.91
      0.3720         3.87
      0.3730         3.84
      0.3740         3.87
      0.3750         3.77
      0.3760         3.73
      0.3770         3.71
      0.3780         3.63
      0.3790         3.68
      0.3800         3.71
      0.3810         3.67
      0.3820         3.69
      0.3830         3.76
      0.3840         3.83
      0.3850         3.73
      0.3860         3.81
      0.3870         3.85
      0.3880         3.94
      0.3890         3.96
      0.3900         3.94
      0.3910         3.88
      0.3920         3.88
      0.3930         3.81
      0.3940         3.79
      0.3950         3.84
      0.3960         3.83
      0.3970         3.77
      0.3980         3.79
      0.3990         3.77
      0.4000         3.79
      0.4010         3.75
      0.4020         3.79
      0.4030         3.75
      0.4040         3.71
      0.4050         3.76
      0.4060         3.76
      0.4070         3.77
      0.4080         3.75
      0.4090         3.76
      0.4100         3.77
      0.4110         3.85
      0.4120         3.84
      0.4130         3.89
      0.4140         3.89
      0.4150         3.92
      0.4160         4.00
      0.4170         4.03
      0.4180         4.08
      0.4190         4.00
      0.4200         3.96
      0.4210         4.03
      0.4220         3.95
      0.4230         3.99
      0.4240         3.95
      0.4250         3.91
      0.4260         3.93
      0.4270         3.87
      0.4280         3.85
      0.4290         3.85
      0.4300         3.77
      0.4310         3.77
      0.4320         3.80
      0.4330         3.79
      0.4340         3.76
      0.4350         3.79
      0.4360         3.75
      0.4370         3.67
      0.4380         3.68
      0.4390         3.78
      0.4400         3.82
      0.4410         3.86
      0.4420         3.96
      0.4430         3.92
      0.4440         4.00
      0.4450         4.04
      0.4460         4.00
      0.4470         4.08
      0.4480         4.06
      0.4490         4.08
      0.4500         4.16
      0.4510         4.20
      0.4520         4.26
      0.4530         4.24
      0.4540         4.27
      0.4550         4.28
      0.4560         4.24
      0.4570         4.30
      0.4580         4.30
      0.4590         4.23
      0.4600         4.22
      0.4610         4.16
      0.4620         4.15
      0.4630         4.12
      0.4640         4.14
      0.4650         4.22
      0.4660         4.23
      0.4670         4.31
      0.4680         4.34
      0.4690         4.30
      0.4700         4.27
      0.4710         4.28
      0.4720         4.24
      0.4730         4.24
      0.4740         4.23
      0.4750         4.24
      0.4760         4.25
      0.4770         4.33
      0.4780         4.27
      0.4790         4.27
      0.4800         4.25
      0.4810         4.23
      0.4820         4.20
      0.4830         4.20
      0.4840         4.19
      0.4850         4.15
      0.4860         4.15
      0.4870         4.00
      0.4880         3.95
      0.4890         3.92
      0.4900         3.93
      0.4910         3.85
      0.4920         3.81
      0.4930         3.87
      0.4940         3.91
      0.4950         3.85
      0.4960         3.89
      0.4970         3.87
      0.4980         3.87
      0.4990         3.92
      0.5000         3.92
      0.5010         3.93
      0.5020         3.91
      0.5030         3.96
      0.5040         4.00
      0.5050         3.96
      0.5060         4.01
      0.5070         4.11
      0.5080         4.17
      0.5090         4.21
      0.5100         4.23
      0.5110         4.19
      0.5120         4.19
      0.5130         4.13
      0.5140         4.09
      0.5150         4.11
      0.5160         4.08
      0.5170         4.01
      0.5180         3.99
      0.5190         3.92
      0.5200         3.97
      0.5210         3.97
      0.5220         3.97
      0.5230         3.95
      0.5240         3.93
      0.5250         3.97
      0.5260         3.95
      0.5270         3.83
      0.5280         3.84
      0.5290         3.81
      0.5300         3.83
      0.5310         3.89
      0.5320         3.99
      0.5330         4.08
      0.5340         4.11
      0.5350         4.05
      0.5360         4.09
      0.5370         4.11
      0.5380         4.16
      0.5390         4.20
      0.5400         4.15
      0.5410         4.12
      0.5420         4.07
      0.5430         4.07
      0.5440         3.97
      0.5450         3.93
      0.5460         3.95
      0.5470         3.93
      0.5480         3.88
      0.5490         3.93
      0.5500         3.89
      0.5510         3.89
      0.5520         3.80
      0.5530         3.73
      0.5540         3.67
      0.5550         3.77
      0.5560         3.76
      0.5570         3.88
      0.5580         3.85
      0.5590         3.87
      0.5600         3.96
      0.5610         4.03
      0.5620         4.05
      0.5630         4.11
      0.5640         4.17
      0.5650         4.25
      0.5660         4.27
      0.5670         4.39
      0.5680         4.40
      0.5690         4.35
      0.5700         4.38
      0.5710         4.39
      0.5720         4.42
      0.5730         4.48
      0.5740         4.56
      0.5750         4.48
      0.5760         4.43
      0.5770         4.35
      0.5780         4.34
      0.5790         4.32
      0.5800         4.23
      0.5810         4.12
      0.5820         4.16
      0.5830         4.11
      0.5840         4.18
      0.5850         4.15
      0.5860         4.15
      0.5870         4.15
      0.5880         4.22
      0.5890         4.23
      0.5900         4.26
      0.5910         4.23
      0.5920         4.23
      0.5930         4.14
      0.5940         4.06
      0.5950         4.01
      0.5960         4.04
      0.5970         3.99
      0.5980         3.97
      0.5990         3.97
      0.6000         3.95
      0.6010         4.00
      0.6020         3.99
      0.6030         4.03
      0.6040         3.96
      0.6050         3.92
      0.6060         3.91
      0.6070         3.89
      0.6080         3.89
      0.6090         3.83
      0.6100         3.85
      0.6110         3.84
      0.6120         3.91
      0.6130         3.89
      0.6140         3.91
      0.6150         3.92
      0.6160         3.93
      0.6170         3.96
      0.6180         4.03
      0.6190         4.04
      0.6200         4.08
      0.6210         4.08
      0.6220         4.05
      0.6230         4.04
      0.6240         4.04
      0.6250         4.00
      0.6260         4.04
      0.6270         3.97
      0.6280         4.01
      0.6290         4.05
      0.6300         3.87
      0.6310         3.83
      0.6320         3.75
      0.6330         3.76
      0.6340         3.83
      0.6350         3.88
      0.6360         3.85
      0.6370         3.88
      0.6380         3.85
      0.6390         3.89
      0.6400         3.84
      0.6410         3.88
      0.6420         3.95
      0.6430         3.93
      0.6440         3.96
      0.6450         4.07
      0.6460         3.97
      0.6470         4.03
      0.6480         3.99
      0.6490         4.06
      0.6500         4.22
      0.6510         4.35
      0.6520         4.40
      0.6530         4.39
      0.6540         4.38
      0.6550         4.36
      0.6560         4.39
      0.6570         4.44
      0.6580         4.44
      0.6590         4.38
      0.6600         4.44
      0.6610         4.39
      0.6620         4.38
      0.6630         4.31
      0.6640         4.21
      0.6650         4.15
      0.6660         4.13
      0.6670         4.24
      0.6680         4.26
      0.6690         4.26
      0.6700         4.22
      0.6710         4.11
      0.6720         4.06
      0.6730         4.11
      0.6740         4.11
      0.6750         4.18
      0.6760         4.22
      0.6770         4.16
      0.6780         4.22
      0.6790         4.23
      0.6800         4.23
      0.6810         4.27
      0.6820         4.26
      0.6830         4.27
      0.6840         4.31
      0.6850         4.34
      0.6860         4.30
      0.6870         4.18
      0.6880         4.07
      0.6890         4.00
      0.6900         3.96
      0.6910         3.96
      0.6920         4.01
      0.6930         4.00
      0.6940         3.99
      0.6950         3.87
      0.6960         3.84
      0.6970         3.89
      0.6980         3.87
      0.6990         3.83
      0.7000         3.80
      0.7010         3.82
      0.7020         3.82
      0.7030         3.86
      0.7040         3.88
      0.7050         3.90
      0.7060         4.06
      0.7070         4.10
      0.7080         4.16
      0.7090         4.19
      0.7100         4.20
      0.7110         4.23
      0.7120         4.24
      0.7130         4.31
      0.7140         4.27
      0.7150         4.36
      0.7160         4.32
      0.7170         4.20
      0.7180         4.16
      0.7190         4.16
      0.7200         4.16
      0.7210         4.16
      0.7220         4.17
      0.7230         4.16
      0.7240         4.16
      0.7250         4.08
      0.7260         4.05
      0.7270         4.05
      0.7280         4.05
      0.7290         4.04
      0.7300         4.05
      0.7310         4.07
      0.7320         4.07
      0.7330         4.05
      0.7340         4.03
      0.7350         4.01
      0.7360         3.99
      0.7370         4.07
      0.7380         4.09
      0.7390         4.16
      0.7400         4.27
      0.7410         4.29
      0.7420         4.21
      0.7430         4.21
      0.7440         4.20
      0.7450         4.21
      0.7460         4.16
      0.7470         4.17
      0.7480         4.17
      0.7490         4.19
      0.7500         4.19
      0.7510         4.17
      0.7520         4.16
      0.7530         4.09
      0.7540         4.17
      0.7550         4.15
      0.7560         4.13
      0.7570         4.15
      0.7580         4.12
      0.7590         4.19
      0.7600         4.13
      0.7610         4.09
      0.7620         4.19
      0.7630         4.20
      0.7640         4.27
      0.7650         4.38
      0.7660         4.38
      0.7670         4.39
      0.7680         4.43
      0.7690         4.52
      0.7700         4.55
      0.7710         4.62
      0.7720         4.67
      0.7730         4.71
      0.7740         4.72
      0.7750         4.78
      0.7760         4.86
      0.7770         4.87
      0.7780         4.92
      0.7790         4.88
      0.7800         4.88
      0.7810         4.95
      0.7820         4.91
      0.7830         4.96
      0.7840         5.02
      0.7850         5.00
      0.7860         5.07
      0.7870         5.00
      0.7880         5.52
      0.7890         5.51
      0.7900         5.64
      0.7910         5.75
      0.7920         5.89
      0.7930         6.05
      0.7940         6.16
      0.7950         6.25
      0.7960         6.37
      0.7970         6.39
      0.7980         6.37
      0.7990         6.35
      0.8000         6.37
      0.8010         6.27
      0.8020         6.40
      0.8030         6.55
      0.8040         6.43
      0.8050         6.43
      0.8060         6.40
      0.8070         6.39
      0.8080         6.29
      0.8090         6.28
      0.8100         6.18
      0.8110         6.07
      0.8120         5.99
      0.8130         5.92
      0.8140         5.79
      0.8150         5.76
      0.8160         5.77
      0.8170         5.83
      0.8180         5.96
      0.8190         6.05
      0.8200         6.04
      0.8210         6.23
      0.8220         6.29
      0.8230         6.20
      0.8240         6.25
      0.8250         6.33
      0.8260         6.35
      0.8270         6.45
      0.8280         6.48
      0.8290         6.56
      0.8300         6.56
      0.8310         6.60
      0.8320         6.56
      0.8330         6.62
      0.8340         6.66
      0.8350         6.67
      0.8360         6.63
      0.8370         6.63
      0.8380         6.63
      0.8390         6.61
      0.8400         6.68
      0.8410         6.66
      0.8420         6.54
      0.8430         6.61
      0.8440         6.70
      0.8450         6.63
      0.8460         6.66
      0.8470         6.74
      0.8480         6.75
      0.8490         6.83
      0.8500         6.90
      0.8510         7.07
      0.8520         7.22
      0.8530         7.30
      0.8540         7.40
      0.8550         7.48
      0.8560         7.60
      0.8570         7.64
      0.8580         7.76
      0.8590         7.83
      0.8600         7.84
      0.8610         7.91
      0.8620         8.04
      0.8630         7.96
      0.8640         7.91
      0.8650         7.94
      0.8660         8.00
      0.8670         7.96
      0.8680         8.08
      0.8690         8.14
      0.8700         8.22
      0.8710         8.10
      0.8720         8.14
      0.8730         8.14
      0.8740         8.20
      0.8750         8.22
      0.8760         8.26
      0.8770         8.31
      0.8780         8.32
      0.8790         8.46
      0.8800         8.56
      0.8810         8.55
      0.8820         8.66
      0.8830         8.87
      0.8840         9.00
      0.8850         9.09
      0.8860         9.09
      0.8870         9.15
      0.8880         9.15
      0.8890         9.09
      0.8900         9.13
      0.8910         9.75
      0.8920         9.68
      0.8930         9.63
      0.8940         9.66
      0.8950         9.68
      0.8960         9.58
      0.8970         9.58
      0.8980         9.52
      0.8990         9.48
      0.9000         8.95
      0.9010         9.49
      0.9020         9.58
      0.9030         9.46
      0.9040         8.91
      0.9050         9.00
      0.9060         9.08
      0.9070         9.15
      0.9080         9.25
      0.9090         9.40
      0.9100         9.39
      0.9110         9.48
      0.9120         9.55
      0.9130         9.72
      0.9140         9.72
      0.9150         9.88
      0.9160        10.02
      0.9170        10.10
      0.9180        10.17
      0.9190        10.16
      0.9200        10.71
      0.9210        10.73
      0.9220        10.65
      0.9230        10.82
      0.9240        10.84
      0.9250        10.74
      0.9260        10.70
      0.9270        10.78
      0.9280        10.89
      0.9290        10.74
      0.9300        10.85
      0.9310        10.82
      0.9320        10.94
      0.9330        11.09
      0.9340        11.17
      0.9350        11.18
      0.9360        11.34
      0.9370        11.43
      0.9380        11.53
      0.9390        11.69
      0.9400        11.69
      0.9410        11.82
      0.9420        11.83
      0.9430        11.89
      0.9440        11.99
      0.9450        12.29
      0.9460        12.35
      0.9470        12.37
      0.9480        12.31
      0.9490        12.51
      0.9500        12.65
      0.9510        12.78
      0.9520        12.70
      0.9530        12.57
      0.9540        12.64
      0.9550        12.54
      0.9560        12.52
      0.9570        12.45
      0.9580        12.48
      0.9590        12.48
      0.9600        12.51
      0.9610        12.48
      0.9620        12.65
      0.9630        12.65
      0.9640        12.76
      0.9650        12.70
      0.9660        12.85
      0.9670        12.97
      0.9680        13.02
      0.9690        13.10
      0.9700        13.06
      0.9710        12.99
      0.9720        13.15
      0.9730        13.24
      0.9740        13.23
      0.9750        13.29
      0.9760        13.31
      0.9770        13.40
      0.9780        13.33
      0.9790        13.36
      0.9800        13.50
      0.9810        13.63
      0.9820        13.58
      0.9830        13.59
      0.9840        13.42
      0.9850        13.35
      0.9860        13.31
      0.9870        13.33
      0.9880        13.37
      0.9890        13.42
      0.9900        13.53
      0.9910        13.55
      0.9920        13.49
      0.9930        13.57
      0.9940        13.61
      0.9950        13.63
      0.9960        13.66
      0.9970        13.75
      0.9980        13.86
      0.9990        14.07
      1.0000        14.14
      1.0010        14.18
      1.0020        14.25
      1.0030        14.37
      1.0040        14.58
      1.0050        14.69
      1.0060        14.77
      1.0070        14.77
      1.0080        14.82
      1.0090        14.69
      1.0100        14.62
      1.0110        14.61
      1.0120        14.66
      1.0130        14.68
      1.0140        14.70
      1.0150        14.69
      1.0160        14.76
      1.0170        14.71
      1.0180        14.72
      1.0190        14.60
      1.0200        14.75
      1.0210        14.72
      1.0220        14.67
      1.0230        14.65
      1.0240        14.62
      1.0250        14.65
      1.0260        14.68
      1.0270        14.69
      1.0280        14.70
      1.0290        14.82
      1.0300        14.95
      1.0310        15.18
      1.0320        15.25
      1.0330        15.22
      1.0340        15.26
      1.0350        15.42
      1.0360        15.54
      1.0370        15.49
      1.0380        15.45
      1.0390        15.45
      1.0400        15.35
      1.0410        15.38
      1.0420        15.42
      1.0430        15.45
      1.0440        15.45
      1.0450        15.52
      1.0460        15.55
      1.0470        15.56
      1.0480        15.52
      1.0490        15.52
      1.0500        15.57
      1.0510        15.47
      1.0520        15.45
      1.0530        15.43
      1.0540        15.45
      1.0550        15.48
      1.0560        15.44
      1.0570        15.65
      1.0580        15.63
      1.0590        15.72
      1.0600        15.68
      1.0610        15.73
      1.0620        15.80
      1.0630        15.80
      1.0640        15.82
      1.0650        15.84
      1.0660        15.80
      1.0670        15.81
      1.0680        15.89
      1.0690        15.92
      1.0700        15.81
      1.0710        15.81
      1.0720        15.87
      1.0730        15.90
      1.0740        15.88
      1.0750        15.75
      1.0760        15.80
      1.0770        15.71
      1.0780        15.91
      1.0790        15.82
      1.0800        16.00
      1.0810        15.99
      1.0820        15.96
      1.0830        15.99
      1.0840        16.07
      1.0850        16.09
      1.0860        16.21
      1.0870        16.27
      1.0880        16.37
      1.0890        16.37
      1.0900        16.35
      1.0910        16.51
      1.0920        16.55
      1.0930        16.61
      1.0940        16.57
      1.0950        16.77
      1.0960        16.73
      1.0970        16.79
      1.0980        16.65
      1.0990        16.74
      1.1000        16.53
      1.1010        16.50
      1.1020        16.54
      1.1030        16.55
      1.1040        16.51
      1.1050        16.36
      1.1060        16.32
      1.1070        16.31
      1.1080        16.27
      1.1090        16.32
      1.1100        16.46
      1.1110        16.34
      1.1120        16.40
      1.1130        16.50
      1.1140        16.63
      1.1150        16.64
      1.1160        16.65
      1.1170        16.57
      1.1180        16.68
      1.1190        16.73
      1.1200        16.76
      1.1210        16.80
      1.1220        16.91
      1.1230        16.93
      1.1240        17.03
      1.1250        17.19
      1.1260        17.25
      1.1270        17.29
      1.1280        17.15
      1.1290        17.19
      1.1300        17.01
      1.1310        16.99
      1.1320        16.95
      1.1330        16.87
      1.1340        16.76
      1.1350        16.68
      1.1360        16.76
      1.1370        16.93
      1.1380        16.92
      1.1390        16.96
      1.1400        17.01
      1.1410        17.05
      1.1420        17.08
      1.1430        17.12
      1.1440        17.17
      1.1450        17.21
      1.1460        17.20
      1.1470        17.22
      1.1480        17.41
      1.1490        17.32
      1.1500        17.45
      1.1510        17.61
      1.1520        17.57
      1.1530        17.49
      1.1540        17.60
      1.1550        17.57
      1.1560        17.60
      1.1570        17.48
      1.1580        17.48
      1.1590        17.47
      1.1600        17.47
      1.1610        17.49
      1.1620        17.42
      1.1630        17.39
      1.1640        17.33
      1.1650        17.27
      1.1660        17.23
      1.1670        17.25
      1.1680        17.18
      1.1690        17.16
      1.1700        17.23
      1.1710        17.29
      1.1720        17.43
      1.1730        17.53
      1.1740        17.57
      1.1750        17.72
      1.1760        17.71
      1.1770        17.73
      1.1780        17.73
      1.1790        17.65
      1.1800        17.80
      1.1810        17.81
      1.1820        17.80
      1.1830        17.84
      1.1840        17.80
      1.1850        17.86
      1.1860        17.88
      1.1870        17.90
      1.1880        17.91
      1.1890        18.01
      1.1900        18.06
      1.1910        17.91
      1.1920        17.82
      1.1930        17.90
      1.1940        17.92
      1.1950        17.84
      1.1960        17.80
      1.1970        17.89
      1.1980        17.94
      1.1990        17.96
      1.2000        17.84
      1.2010        17.93
      1.2020        17.95
      1.2030        17.94
      1.2040        18.04
      1.2050        17.99
      1.2060        18.08
      1.2070        18.22
      1.2080        18.33
      1.2090        18.27
      1.2100        18.13
      1.2110        18.21
      1.2120        18.22
      1.2130        18.25
      1.2140        18.27
      1.2150        18.47
      1.2160        18.37
      1.2170        18.35
      1.2180        18.25
      1.2190        18.24
      1.2200        18.31
      1.2210        18.28
      1.2220        18.27
      1.2230        18.40
      1.2240        18.43
      1.2250        18.42
      1.2260        18.40
      1.2270        18.31
      1.2280        18.28
      1.2290        18.35
      1.2300        18.36
      1.2310        18.36
      1.2320        18.49
      1.2330        18.53
      1.2340        18.49
      1.2350        18.34
      1.2360        18.42
      1.2370        18.49
      1.2380        18.64
      1.2390        18.65
      1.2400        18.59
      1.2410        18.57
      1.2420        18.61
      1.2430        18.59
      1.2440        18.51
      1.2450        18.52
      1.2460        18.44
      1.2470        18.35
      1.2480        18.31
      1.2490        18.33
      1.2500        18.35
      1.2510        18.31
      1.2520        18.19
      1.2530        18.21
      1.2540        18.15
      1.2550        18.13
      1.2560        18.17
      1.2570        18.06
      1.2580        18.05
      1.2590        18.15
      1.2600        18.18
      1.2610        18.24
      1.2620        18.24
      1.2630        18.25
      1.2640        18.31
      1.2650        18.40
      1.2660        18.63
      1.2670        18.71
      1.2680        18.84
      1.2690        18.89
      1.2700        18.90
      1.2710        18.93
      1.2720        18.96
      1.2730        18.81
      1.2740        18.80
      1.2750        18.76
      1.2760        18.79
      1.2770        18.91
      1.2780        18.81
      1.2790        18.75
      1.2800        18.78
      1.2810        18.67
      1.2820        18.78
      1.2830        18.68
      1.2840        18.56
      1.2850        18.52
      1.2860        18.36
      1.2870        18.40
      1.2880        18.23
      1.2890        18.23
      1.2900        18.30
      1.2910        18.40
      1.2920        18.44
      1.2930        18.52
      1.2940        18.72
      1.2950        18.84
      1.2960        18.76
      1.2970        18.76
      1.2980        18.84
      1.2990        18.87
      1.3000        18.95
      1.3010        18.99
      1.3020        18.93
      1.3030        18.96
      1.3040        19.13
      1.3050        19.15
      1.3060        19.06
      1.3070        18.99
      1.3080        19.00
      1.3090        18.94
      1.3100        18.78
      1.3110        18.67
      1.3120        18.67
      1.3130        18.64
      1.3140        18.50
      1.3150        18.52
      1.3160        18.60
      1.3170        18.58
      1.3180        18.68
      1.3190        18.75
      1.3200        18.73
      1.3210        18.74
      1.3220        18.76
      1.3230        18.80
      1.3240        18.84
      1.3250        18.81
      1.3260        18.98
      1.3270        19.02
      1.3280        19.14
      1.3290        19.20
      1.3300        19.31
      1.3310        19.41
      1.3320        19.45
      1.3330        19.38
      1.3340        19.45
      1.3350        19.30
      1.3360        19.30
      1.3370        19.28
      1.3380        19.24
      1.3390        19.20
      1.3400        19.20
      1.3410        19.25
      1.3420        19.19
      1.3430        19.21
      1.3440        19.13
      1.3450        19.21
      1.3460        19.13
      1.3470        19.13
      1.3480        19.07
      1.3490        19.06
      1.3500        19.10
      1.3510        19.06
      1.3520        19.00
      1.3530        19.12
      1.3540        19.10
      1.3550        19.30
      1.3560        19.31
      1.3570        19.39
      1.3580        19.28
      1.3590        19.31
      1.3600        19.16
      1.3610        19.09
      1.3620        19.08
      1.3630        18.99
      1.3640        19.02
      1.3650        19.04
      1.3660        19.06
      1.3670        18.99
      1.3680        19.00
      1.3690        19.00
      1.3700        18.98
      1.3710        18.95
      1.3720        18.93
      1.3730        18.89
      1.3740        18.97
      1.3750        19.02
      1.3760        19.03
      1.3770        19.02
      1.3780        19.06
      1.3790        19.10
      1.3800        19.19
      1.3810        19.26
      1.3820        19.38
      1.3830        19.44
      1.3840        19.28
      1.3850        19.23
      1.3860        19.25
      1.3870        19.28
      1.3880        19.28
      1.3890        19.24
      1.3900        19.25
      1.3910        19.16
      1.3920        19.23
      1.3930        19.22
      1.3940        19.10
      1.3950        18.87
      1.3960        18.81
      1.3970        18.79
      1.3980        18.81
      1.3990        18.69
      1.4000        18.66
      1.4010        18.62
      1.4020        18.54
      1.4030        18.63
      1.4040        18.82
      1.4050        18.83
      1.4060        18.87
      1.4070        18.79
      1.4080        18.73
      1.4090        18.79
      1.4100        18.91
      1.4110        19.11
      1.4120        19.10
      1.4130        19.14
      1.4140        19.27
      1.4150        19.34
      1.4160        19.36
      1.4170        19.34
      1.4180        19.27
      1.4190        19.31
      1.4200        19.38
      1.4210        19.49
      1.4220        19.54
      1.4230        19.38
      1.4240        19.34
      1.4250        19.29
      1.4260        19.27
      1.4270        19.45
      1.4280        19.54
      1.4290        19.50
      1.4300        19.37
      1.4310        19.33
      1.4320        19.31
      1.4330        19.31
      1.4340        19.31
      1.4350        19.36
      1.4360        19.46
      1.4370        19.54
      1.4380        19.59
      1.4390        19.68
      1.4400        19.67
      1.4410        19.65
      1.4420        19.65
      1.4430        19.64
      1.4440        19.73
      1.4450        19.73
      1.4460        19.74
      1.4470        19.64
      1.4480        19.62
      1.4490        19.66
      1.4500        19.63
      1.4510        19.48
      1.4520        19.49
      1.4530        19.39
      1.4540        19.37
      1.4550        19.24
      1.4560        19.14
      1.4570        19.16
      1.4580        19.16
      1.4590        19.05
      1.4600        19.16
      1.4610        19.12
      1.4620        19.17
      1.4630        19.17
      1.4640        19.09
      1.4650        19.14
      1.4660        19.11
      1.4670        19.22
      1.4680        19.27
      1.4690        19.30
      1.4700        19.42
      1.4710        19.56
      1.4720        19.62
      1.4730        19.66
      1.4740        19.73
      1.4750        19.91
      1.4760        19.82
      1.4770        19.72
      1.4780        19.79
      1.4790        19.74
      1.4800        19.48
      1.4810        19.48
      1.4820        19.42
      1.4830        19.49
      1.4840        19.31
      1.4850        19.27
      1.4860        19.23
      1.4870        19.18
      1.4880        19.10
      1.4890        18.95
      1.4900        18.86
      1.4910        18.81
      1.4920        18.66
      1.4930        18.68
      1.4940        18.71
      1.4950        18.63
      1.4960        18.68
      1.4970        18.74
      1.4980        18.73
      1.4990        18.77
      1.5000        18.99
      1.5010        18.99
      1.5020        18.95
      1.5030        18.91
      1.5040        18.96
      1.5050        18.95
      1.5060        18.88
      1.5070        18.84
      1.5080        18.82
      1.5090        18.86
      1.5100        18.80
      1.5110        18.81
      1.5120        18.83
      1.5130        18.81
      1.5140        18.59
      1.5150        18.66
      1.5160        18.65
      1.5170        18.69
      1.5180        18.65
      1.5190        18.68
      1.5200        18.57
      1.5210        18.53
      1.5220        18.54
      1.5230        18.57
      1.5240        18.61
      1.5250        18.69
      1.5260        18.79
      1.5270        18.82
      1.5280        18.84
      1.5290        18.84
      1.5300        18.96
      1.5310        19.00
      1.5320        19.03
      1.5330        19.04
      1.5340        19.15
      1.5350        19.06
      1.5360        19.08
      1.5370        18.99
      1.5380        18.94
      1.5390        18.95
      1.5400        18.90
      1.5410        18.91
      1.5420        18.95
      1.5430        18.93
      1.5440        18.98
      1.5450        18.87
      1.5460        18.89
      1.5470        18.87
      1.5480        18.89
      1.5490        18.86
      1.5500        18.79
      1.5510        18.79
      1.5520        18.81
      1.5530        18.85
      1.5540        18.68
      1.5550        18.69
      1.5560        18.74
      1.5570        18.78
      1.5580        18.80
      1.5590        18.76
      1.5600        18.84
      1.5610        18.80
      1.5620        18.78
      1.5630        18.82
      1.5640        18.74
      1.5650        18.73
      1.5660        18.69
      1.5670        18.59
      1.5680        18.65
      1.5690        18.57
      1.5700        18.51
      1.5710        18.46
      1.5720        18.39
      1.5730        18.40
      1.5740        18.44
      1.5750        18.48
      1.5760        18.43
      1.5770        18.34
      1.5780        18.38
      1.5790        18.40
      1.5800        18.27
      1.5810        18.19
      1.5820        18.19
      1.5830        18.22
      1.5840        18.21
      1.5850        18.16
      1.5860        18.17
      1.5870        18.35
      1.5880        18.25
      1.5890        18.35
      1.5900        18.44
      1.5910        18.41
      1.5920        18.41
      1.5930        18.37
      1.5940        18.36
      1.5950        18.20
      1.5960        18.16
      1.5970        18.10
      1.5980        18.00
      1.5990        17.99
      1.6000        18.06
      1.6010        18.07
      1.6020        17.96
      1.6030        17.87
      1.6040        17.91
      1.6050        17.98
      1.6060        17.96
      1.6070        17.84
      1.6080        17.85
      1.6090        17.83
      1.6100        17.76
      1.6110        17.81
      1.6120        17.77
      1.6130        17.72
      1.6140        17.87
      1.6150        17.92
      1.6160        17.93
      1.6170        18.07
      1.6180        18.04
      1.6190        17.92
      1.6200        17.88
      1.6210        17.85
      1.6220        17.80
      1.6230        17.87
      1.6240        17.86
      1.6250        17.76
      1.6260        17.67
      1.6270        17.63
      1.6280        17.47
      1.6290        17.42
      1.6300        17.39
      1.6310        17.19
      1.6320        16.99
      1.6330        16.93
      1.6340        16.73
      1.6350        16.71
      1.6360        16.51
      1.6370        16.23
      1.6380        16.10
      1.6390        16.03
      1.6400        15.98
      1.6410        15.83
      1.6420        15.77
      1.6430        15.57
      1.6440        15.41
      1.6450        15.32
      1.6460        15.21
      1.6470        15.09
      1.6480        15.00
      1.6490        14.94
      1.6500        14.77
      1.6510        14.61
      1.6520        14.68
      1.6530        14.49
      1.6540        14.34
      1.6550        13.98
      1.6560        13.84
      1.6570        13.72
      1.6580        13.56
      1.6590        13.33
      1.6600        13.14
      1.6610        13.08
      1.6620        12.88
      1.6630        12.66
      1.6640        12.44
      1.6650        12.27
      1.6660        12.09
      1.6670        11.87
      1.6680        11.79
      1.6690        11.54
      1.6700        11.34
      1.6710        11.20
      1.6720        10.60
      1.6730        10.50
      1.6740        10.42
      1.6750        10.45
      1.6760        10.36
      1.6770        10.14
      1.6780        10.10
      1.6790        10.05
      1.6800         9.89
      1.6810         9.74
      1.6820         9.66
      1.6830         9.48
      1.6840         9.28
      1.6850         8.98
      1.6860         8.75
      1.6870         8.59
      1.6880         8.40
      1.6890         8.21
      1.6900         8.05
      1.6910         7.88
      1.6920         7.71
      1.6930         7.59
      1.6940         7.41
      1.6950         7.25
      1.6960         7.21
      1.6970         7.27
      1.6980         7.21
      1.6990         7.12
      1.7000         7.03
      1.7010         6.92
      1.7020         6.88
      1.7030         6.85
      1.7040         6.73
      1.7050         6.85
      1.7060         6.84
      1.7070         6.87
      1.7080         6.73
      1.7090         6.67
      1.7100         6.64
      1.7110         6.62
      1.7120         6.46
      1.7130         6.27
      1.7140         5.71
      1.7150         5.56
      1.7160         5.40
      1.7170         5.28
      1.7180         5.14
      1.7190         5.10
      1.7200         5.10
      1.7210         4.88
      1.7220         4.75
      1.7230         4.63
      1.7240         4.68
      1.7250         4.56
      1.7260         4.47
      1.7270         4.41
      1.7280         4.37
      1.7290         4.36
      1.7300         4.32
      1.7310         4.20
      1.7320         4.20
      1.7330         4.23
      1.7340         4.27
      1.7350         4.44
      1.7360         4.43
      1.7370         4.44
      1.7380         4.46
      1.7390         4.46
      1.7400         4.37
      1.7410         4.41
      1.7420         4.39
      1.7430         4.39
      1.7440         4.31
      1.7450         4.25
      1.7460         4.27
      1.7470         4.20
      1.7480         4.25
      1.7490         4.21
      1.7500         4.23
      1.7510         4.28
      1.7520         4.27
      1.7530         4.28
      1.7540         4.29
      1.7550         4.13
      1.7560         4.21
      1.7570         4.19
      1.7580         4.20
      1.7590         4.19
      1.7600         4.25
      1.7610         4.33
      1.7620         4.35
      1.7630         4.43
      1.7640         4.55
      1.7650         4.56
      1.7660         4.59
      1.7670         4.48
      1.7680         4.43
      1.7690         4.35
      1.7700         4.25
      1.7710         4.24
      1.7720         4.20
      1.7730         4.14
      1.7740         4.09
      1.7750         4.13
      1.7760         4.06
      1.7770         4.09
      1.7780         4.04
      1.7790         3.97
      1.7800         3.92
      1.7810         3.89
      1.7820         3.92
      1.7830         3.88
      1.7840         3.69
      1.7850         3.62
      1.7860         3.61
      1.7870         3.74
      1.7880         3.74
      1.7890         3.77
      1.7900         3.81
      1.7910         3.85
      1.7920         3.95
      1.7930         4.01
      1.7940         4.04
      1.7950         4.07
      1.7960         4.07
      1.7970         4.04
      1.7980         3.99
      1.7990         4.01
      1.8000         4.12
      1.8010         4.09
      1.8020         4.13
      1.8030         4.08
      1.8040         4.16
      1.8050         4.25
      1.8060         4.19
      1.8070         4.13
      1.8080         4.16
      1.8090         4.23
      1.8100         4.25
      1.8110         4.29
      1.8120         4.31
      1.8130         4.31
      1.8140         4.29
      1.8150         4.28
      1.8160         4.32
      1.8170         4.28
      1.8180         4.36
      1.8190         4.43
      1.8200         4.39
      1.8210         4.43
      1.8220         4.41
      1.8230         4.44
      1.8240         4.41
      1.8250         4.48
      1.8260         4.60
      1.8270         4.65
      1.8280         4.69
      1.8290         4.64
      1.8300         4.59
      1.8310         4.44
      1.8320         4.31
      1.8330         4.25
      1.8340         4.24
      1.8350         4.25
      1.8360         4.25
      1.8370         4.21
      1.8380         4.16
      1.8390         4.14
      1.8400         4.16
      1.8410         4.10
      1.8420         4.08
      1.8430         4.16
      1.8440         4.24
      1.8450         4.21
      1.8460         4.12
      1.8470         4.08
      1.8480         4.09
      1.8490         4.09
      1.8500         4.18
      1.8510         4.31
      1.8520         4.43
      1.8530         4.49
      1.8540         4.56
      1.8550         4.59
      1.8560         4.52
      1.8570         4.60
      1.8580         4.64
      1.8590         4.59
      1.8600         4.52
      1.8610         4.49
      1.8620         4.40
      1.8630         4.27
      1.8640         4.23
      1.8650         4.12
      1.8660         4.21
      1.8670         4.28
      1.8680         4.19
      1.8690         4.20
      1.8700         4.09
      1.8710         4.08
      1.8720         4.04
      1.8730         4.05
      1.8740         4.00
      1.8750         3.96
      1.8760         4.01
      1.8770         4.00
      1.8780         4.01
      1.8790         4.01
      1.8800         4.06
      1.8810         4.10
      1.8820         4.17
      1.8830         4.18
      1.8840         4.22
      1.8850         4.35
      1.8860         4.22
      1.8870         4.18
      1.8880         4.20
      1.8890         4.17
      1.8900         4.21
      1.8910         4.16
      1.8920         4.12
      1.8930         4.01
      1.8940         3.92
      1.8950         3.89
      1.8960         3.93
      1.8970         3.93
      1.8980         3.93
      1.8990         3.92
      1.9000         3.90
      1.9010         3.94
      1.9020         3.94
      1.9030         4.00
      1.9040         4.04
      1.9050         4.01
      1.9060         4.06
      1.9070         4.12
      1.9080         4.14
      1.9090         4.19
      1.9100         4.20
      1.9110         4.19
      1.9120         4.17
      1.9130         4.17
      1.9140         4.27
      1.9150         4.33
      1.9160         4.27
      1.9170         4.28
      1.9180         4.29
      1.9190         4.31
      1.9200         4.32
      1.9210         4.32
      1.9220         4.31
      1.9230         4.32
      1.9240         4.23
      1.9250         4.16
      1.9260         4.12
      1.9270         4.11
      1.9280         4.09
      1.9290         4.09
      1.9300         4.09
      1.9310         4.20
      1.9320         4.24
      1.9330         4.31
      1.9340         4.33
      1.9350         4.28
      1.9360         4.36
      1.9370         4.40
      1.9380         4.45
      1.9390         4.51
      1.9400         4.48
      1.9410         4.51
      1.9420         4.55
      1.9430         4.51
      1.9440         4.55
      1.9450         4.55
      1.9460         4.57
      1.9470         4.51
      1.9480         4.48
      1.9490         4.47
      1.9500         4.45
      1.9510         4.36
      1.9520         4.43
      1.9530         4.41
      1.9540         4.39
      1.9550         4.39
      1.9560         4.32
      1.9570         4.29
      1.9580         4.24
      1.9590         4.16
      1.9600         4.19
      1.9610         4.17
      1.9620         4.12
      1.9630         4.17
      1.9640         4.21
      1.9650         4.28
      1.9660         4.28
      1.9670         4.29
      1.9680         4.36
      1.9690         4.41
      1.9700         4.44
      1.9710         4.40
      1.9720         4.31
      1.9730         4.35
      1.9740         4.37
      1.9750         4.37
      1.9760         4.37
      1.9770         4.25
      1.9780         4.19
      1.9790         4.16
      1.9800         4.08
      1.9810         4.04
      1.9820         4.08
      1.9830         4.00
      1.9840         3.92
      1.9850         3.87
      1.9860         3.87
      1.9870         3.92
      1.9880         3.91
      1.9890         3.87
      1.9900         3.88
      1.9910         3.97
      1.9920         4.00
      1.9930         3.99
      1.9940         3.97
      1.9950         3.99
      1.9960         4.04
      1.9970         4.13
      1.9980         4.15
      1.9990         4.23
      2.0000         4.31
      2.0010         4.32
      2.0020         4.29
      2.0030         4.36
      2.0040         4.41
      2.0050         4.40
      2.0060         4.45
      2.0070         4.35
      2.0080         4.27
      2.0090         4.27
      2.0100         4.20
      2.0110         4.17
      2.0120         4.17
      2.0130         4.11
      2.0140         4.09
      2.0150         4.08
      2.0160         4.03
      2.0170         3.95
      2.0180         3.96
      2.0190         3.95
      2.0200         3.93
      2.0210         3.99
      2.0220         4.00
      2.0230         4.00
      2.0240         3.93
      2.0250         3.99
      2.0260         3.92
      2.0270         3.97
      2.0280         3.99
      2.0290         3.99
      2.0300         4.07
      2.0310         4.00
      2.0320         4.00
      2.0330         3.99
      2.0340         3.95
      2.0350         3.96
      2.0360         3.96
      2.0370         4.01
      2.0380         3.99
      2.0390         3.93
      2.0400         3.93
      2.0410         3.83
      2.0420         3.84
      2.0430         3.83
      2.0440         3.87
      2.0450         3.85
      2.0460         3.93
      2.0470         3.95
      2.0480         3.97
      2.0490         3.97
      2.0500         3.95
      2.0510         3.99
      2.0520         4.04
      2.0530         4.07
      2.0540         4.13
      2.0550         4.11
      2.0560         4.13
      2.0570         4.16
      2.0580         4.15
      2.0590         4.27
      2.0600         4.21
      2.0610         4.23
      2.0620         4.23
      2.0630         4.17
      2.0640         4.20
      2.0650         4.15
      2.0660         4.11
      2.0670         4.05
      2.0680         4.07
      2.0690         4.04
      2.0700         4.04
      2.0710         4.07
      2.0720         4.05
      2.0730         4.03
      2.0740         3.97
      2.0750         4.00
      2.0760         3.99
      2.0770         4.03
      2.0780         4.16
      2.0790         4.16
      2.0800         4.16
      2.0810         4.23
      2.0820         4.19
      2.0830         4.25
      2.0840         4.27
      2.0850         4.31
      2.0860         4.35
      2.0870         4.36
      2.0880         4.33
      2.0890         4.37
      2.0900         4.39
      2.0910         4.33
      2.0920         4.29
      2.0930         4.33
      2.0940         4.35
      2.0950         4.33
      2.0960         4.27
      2.0970         4.24
      2.0980         4.15
      2.0990         4.07
      2.1000         4.07
      2.1010         3.96
      2.1020         3.99
      2.1030         3.96
      2.1040         3.85
      2.1050         3.93
      2.1060         3.93
      2.1070         3.99
      2.1080         4.04
      2.1090         4.00
      2.1100         4.03
      2.1110         4.09
      2.1120         4.13
      2.1130         4.11
      2.1140         4.12
      2.1150         4.15
      2.1160         4.21
      2.1170         4.17
      2.1180         4.19
      2.1190         4.17
      2.1200         4.15
      2.1210         4.19
      2.1220         4.19
      2.1230         4.17
      2.1240         4.24
      2.1250         4.15
      2.1260         4.15
      2.1270         4.03
      2.1280         3.96
      2.1290         3.97
      2.1300         3.99
      2.1310         3.96
      2.1320         3.91
      2.1330         3.91
      2.1340         3.93
      2.1350         3.97
      2.1360         4.01
      2.1370         4.05
      2.1380         4.13
      2.1390         4.24
      2.1400         4.32
      2.1410         4.35
      2.1420         4.37
      2.1430         4.47
      2.1440         4.51
      2.1450         4.52
      2.1460         4.49
      2.1470         4.63
      2.1480         4.68
      2.1490         4.67
      2.1500         4.55
      2.1510         4.52
      2.1520         4.53
      2.1530         4.55
      2.1540         4.51
      2.1550         4.44
      2.1560         4.37
      2.1570         4.32
      2.1580         4.24
      2.1590         4.15
      2.1600         4.06
      2.1610         4.05
      2.1620         4.07
      2.1630         3.99
      2.1640         3.96
      2.1650         3.99
      2.1660         3.96
      2.1670         3.95
      2.1680         3.92
      2.1690         3.96
      2.1700         3.97
      2.1710         3.99
      2.1720         4.00
      2.1730         4.01
      2.1740         4.04
      2.1750         4.13
      2.1760         4.17
      2.1770         4.16
      2.1780         4.17
      2.1790         4.13
      2.1800         4.17
      2.1810         4.23
      2.1820         4.19
      2.1830         4.15
      2.1840         4.09
      2.1850         4.11
      2.1860         4.19
      2.1870         4.16
      2.1880         4.13
      2.1890         4.04
      2.1900         4.08
      2.1910         4.05
      2.1920         4.05
      2.1930         3.96
      2.1940         3.96
      2.1950         3.88
      2.1960         3.84
      2.1970         3.92
      2.1980         3.96
      2.1990         4.03
      2.2000         4.07
      2.2010         4.00
      2.2020         4.01
      2.2030         4.03
      2.2040         4.10
      2.2050         4.11
      2.2060         4.00
      2.2070         4.05
      2.2080         4.11
      2.2090         4.17
      2.2100         4.20
      2.2110         4.21
      2.2120         4.23
      2.2130         4.32
      2.2140         4.25
      2.2150         4.24
      2.2160         4.25
      2.2170         4.31
      2.2180         4.28
      2.2190         4.30
      2.2200         4.27
      2.2210         4.33
      2.2220         4.27
      2.2230         4.28
      2.2240         4.27
      2.2250         4.23
      2.2260         4.30
      2.2270         4.30
      2.2280         4.27
      2.2290         4.28
      2.2300         4.24
      2.2310         4.30
      2.2320         4.28
      2.2330         4.27
      2.2340         4.37
      2.2350         4.35
      2.2360         4.33
      2.2370         4.24
      2.2380         4.23
      2.2390         4.23
      2.2400         4.24
      2.2410         4.15
      2.2420         4.20
      2.2430         4.21
      2.2440         4.16
      2.2450         4.16
      2.2460         4.08
      2.2470         4.01
      2.2480         3.96
      2.2490         3.93
      2.2500         3.89
      2.2510         3.89
      2.2520         3.87
      2.2530         3.90
      2.2540         3.79
      2.2550         3.82
      2.2560         3.91
      2.2570         3.90
      2.2580         3.90
      2.2590         3.82
      2.2600         3.76
      2.2610         3.83
      2.2620         3.84
      2.2630         3.83
      2.2640         3.92
      2.2650         3.94
      2.2660         4.02
      2.2670         4.02
      2.2680         4.08
      2.2690         4.12
      2.2700         4.14
      2.2710         4.06
      2.2720         4.07
      2.2730         4.07
      2.2740         4.04
      2.2750         4.03
      2.2760         3.93
      2.2770         3.99
      2.2780         3.91
      2.2790         4.03
      2.2800         4.06
      2.2810         4.04
      2.2820         4.00
      2.2830         4.02
      2.2840         3.91
      2.2850         3.91
      2.2860         3.94
      2.2870         4.02
      2.2880         4.07
      2.2890         4.08
      2.2900         4.12
      2.2910         4.14
      2.2920         4.10
      2.2930         4.06
      2.2940         4.15
      2.2950         4.20
      2.2960         4.22
      2.2970         4.19
      2.2980         4.26
      2.2990         4.20
      2.3000         4.19
      2.3010         4.16
      2.3020         4.20
      2.3030         4.23
      2.3040         4.28
      2.3050         4.24
      2.3060         4.16
      2.3070         4.12
      2.3080         4.06
      2.3090         3.98
      2.3100         3.96
      2.3110         3.99
      2.3120         4.04
      2.3130         4.15
      2.3140         4.16
      2.3150         4.20
      2.3160         4.22
      2.3170         4.19
      2.3180         4.20
      2.3190         4.24
      2.3200         4.30
      2.3210         4.36
      2.3220         4.42
      2.3230         4.47
      2.3240         4.50
      2.3250         4.56
      2.3260         4.60
      2.3270         4.59
      2.3280         4.60
      2.3290         4.60
      2.3300         4.63
      2.3310         4.63
      2.3320         4.60
      2.3330         4.48
      2.3340         4.36
      2.3350         4.26
      2.3360         4.28
      2.3370         4.33
      2.3380         4.35
      2.3390         4.33
      2.3400         4.32
      2.3410         4.32
      2.3420         4.32
      2.3430         4.31
      2.3440         4.31
      2.3450         4.28
      2.3460         4.32
      2.3470         4.35
      2.3480         4.36
      2.3490         4.44
      2.3500         4.43
      2.3510         4.43
      2.3520         4.47
      2.3530         4.48
      2.3540         4.62
      2.3550         4.70
      2.3560         4.68
      2.3570         4.70
      2.3580         4.66
      2.3590         4.55
      2.3600         4.58
      2.3610         4.58
      2.3620         4.50
      2.3630         4.44
      2.3640         4.38
      2.3650         4.40
      2.3660         4.38
      2.3670         4.38
      2.3680         4.42
      2.3690         4.39
      2.3700         4.42
      2.3710         4.47
      2.3720         4.50
      2.3730         4.52
      2.3740         4.50
      2.3750         4.50
      2.3760         4.47
      2.3770         4.40
      2.3780         4.35
      2.3790         4.46
      2.3800         4.44
      2.3810         4.42
      2.3820         4.50
      2.3830         4.48
      2.3840         4.50
      2.3850         4.48
      2.3860         4.50
      2.3870         4.47
      2.3880         4.36
      2.3890         4.36
      2.3900         4.34
      2.3910         4.22
      2.3920         4.20
      2.3930         4.14
      2.3940         4.16
      2.3950         4.09
      2.3960         4.07
      2.3970         4.16
      2.3980         4.23
      2.3990         4.19
      2.4000         4.18
      2.4010         4.16
      2.4020         4.19
      2.4030         4.16
      2.4040         4.20
      2.4050         4.26
      2.4060         4.27
      2.4070         4.30
      2.4080         4.42
      2.4090         4.43
      2.4100         4.46
      2.4110         4.54
      2.4120         4.59
      2.4130         4.68
      2.4140         4.63
      2.4150         4.66
      2.4160         4.66
      2.4170         4.55
      2.4180         4.55
      2.4190         4.50
      2.4200         4.47
      2.4210         4.50
      2.4220         4.39
      2.4230         4.36
      2.4240         4.30
      2.4250         4.26
      2.4260         4.20
      2.4270         4.15
      2.4280         4.07
      2.4290         4.07
      2.4300         4.07
      2.4310         4.07
      2.4320         3.99
      2.4330         3.97
      2.4340         3.98
      2.4350         3.96
      2.4360         3.96
      2.4370         3.93
      2.4380         3.85
      2.4390         3.87
      2.4400         3.85
      2.4410         3.89
      2.4420         3.92
      2.4430         3.92
      2.4440         3.97
      2.4450         3.91
      2.4460         3.89
      2.4470         3.89
      2.4480         3.87
      2.4490         3.84
      2.4500         3.84
      2.4510         3.86
      2.4520         3.84
      2.4530         3.78
      2.4540         3.73
      2.4550         3.71
      2.4560         3.75
      2.4570         3.83
      2.4580         3.94
      2.4590         4.02
      2.4600         4.10
      2.4610         4.03
      2.4620         4.10
      2.4630         4.18
      2.4640         4.28
      2.4650         4.36
      2.4660         4.39
      2.4670         4.34
      2.4680         4.38
      2.4690         4.39
      2.4700         4.34
      2.4710         4.34
      2.4720         4.31
      2.4730         4.34
      2.4740         4.35
      2.4750         4.36
      2.4760         4.34
      2.4770         4.28
      2.4780         4.25
      2.4790         4.13
      2.4800         4.04
      2.4810         4.07
      2.4820         3.96
      2.4830         3.89
      2.4840         3.79
      2.4850         3.85
      2.4860         3.81
      2.4870         3.87
      2.4880         3.87
      2.4890         3.83
      2.4900         3.87
      2.4910         3.85
      2.4920         3.91
      2.4930         3.96
      2.4940         3.99
      2.4950         4.04
      2.4960         4.07
      2.4970         4.15
      2.4980         4.11
      2.4990         4.15
      2.5000         4.20
      2.5010         4.11
      2.5020         4.11
      2.5030         4.16
      2.5040         4.13
      2.5050         4.03
      2.5060         4.03
      2.5070         4.00
      2.5080         3.99
      2.5090         4.04
      2.5100         4.00
      2.5110         4.08
      2.5120         4.03
      2.5130         4.00
      2.5140         3.93
      2.5150         3.91
      2.5160         3.89
      2.5170         3.95
      2.5180         4.00
      2.5190         4.03
      2.5200         4.04
      2.5210         4.11
      2.5220         4.14
      2.5230         4.10
      2.5240         4.16
      2.5250         4.24
      2.5260         4.19
      2.5270         4.24
      2.5280         4.27
      2.5290         4.26
      2.5300         4.30
      2.5310         4.24
      2.5320         4.26
      2.5330         4.27
      2.5340         4.30
      2.5350         4.28
      2.5360         4.30
      2.5370         4.16
      2.5380         4.15
      2.5390         4.12
      2.5400         4.05
      2.5410         4.03
      2.5420         3.99
      2.5430         4.08
      2.5440         4.01
      2.5450         3.93
      2.5460         4.03
      2.5470         4.02
      2.5480         3.95
      2.5490         3.94
      2.5500         3.95
      2.5510         3.95
      2.5520         3.93
      2.5530         3.93
      2.5540         4.03
      2.5550         4.07
      2.5560         4.07
      2.5570         4.12
      2.5580         4.07
      2.5590         4.10
      2.5600         4.10
      2.5610         4.10
      2.5620         4.11
      2.5630         4.03
      2.5640         4.03
      2.5650         4.02
      2.5660         3.99
      2.5670         3.95
      2.5680         4.02
      2.5690         3.96
      2.5700         3.92
      2.5710         3.90
      2.5720         3.98
      2.5730         3.96
      2.5740         3.91
      2.5750         3.76
      2.5760         3.76
      2.5770         3.78
      2.5780         3.86
      2.5790         3.84
      2.5800         3.94
      2.5810         3.96
      2.5820         4.00
      2.5830         4.03
      2.5840         4.12
      2.5850         4.11
      2.5860         4.19
      2.5870         4.20
      2.5880         4.16
      2.5890         4.20
      2.5900         4.27
      2.5910         4.26
      2.5920         4.16
      2.5930         4.19
      2.5940         4.11
      2.5950         4.24
      2.5960         4.24
      2.5970         4.22
      2.5980         4.22
      2.5990         4.30
      2.6000         4.23
      2.6010         4.23
      2.6020         4.20
      2.6030         4.21
      2.6040         4.20
      2.6050         4.28
      2.6060         4.28
      2.6070         4.35
      2.6080         4.39
      2.6090         4.38
      2.6100         4.38
      2.6110         4.36
      2.6120         4.40
      2.6130         4.34
      2.6140         4.39
      2.6150         4.43
      2.6160         4.43
      2.6170         4.38
      2.6180         4.36
      2.6190         4.27
      2.6200         4.24
      2.6210         4.20
      2.6220         4.16
      2.6230         4.10
      2.6240         4.00
      2.6250         3.95
      2.6260         3.83
      2.6270         3.76
      2.6280         3.71
      2.6290         3.75
      2.6300         3.68
      2.6310         3.67
      2.6320         3.66
      2.6330         3.67
      2.6340         3.65
      2.6350         3.61
      2.6360         3.63
      2.6370         3.69
      2.6380         3.68
      2.6390         3.75
      2.6400         3.79
      2.6410         3.86
      2.6420         3.91
      2.6430         4.00
      2.6440         4.06
      2.6450         4.00
      2.6460         4.07
      2.6470         4.08
      2.6480         4.08
      2.6490         4.08
      2.6500         4.06
      2.6510         4.08
      2.6520         4.04
      2.6530         4.07
      2.6540         4.15
      2.6550         4.07
      2.6560         4.02
      2.6570         3.98
      2.6580         3.92
      2.6590         3.88
      2.6600         3.87
      2.6610         3.83
      2.6620         3.84
      2.6630         3.87
      2.6640         3.83
      2.6650         3.88
      2.6660         3.92
      2.6670         3.99
      2.6680         4.03
      2.6690         4.00
      2.6700         3.99
      2.6710         4.03
      2.6720         4.15
      2.6730         4.11
      2.6740         4.10
      2.6750         4.22
      2.6760         4.27
      2.6770         4.35
      2.6780         4.40
      2.6790         4.35
      2.6800         4.27
      2.6810         4.28
      2.6820         4.30
      2.6830         4.26
      2.6840         4.28
      2.6850         4.19
      2.6860         4.12
      2.6870         4.10
      2.6880         4.07
      2.6890         4.06
      2.6900         4.06
      2.6910         3.99
      2.6920         3.92
      2.6930         3.95
      2.6940         3.96
      2.6950         3.87
      2.6960         3.86
      2.6970         3.85
      2.6980         3.88
      2.6990         3.95
      2.7000         4.00
      2.7010         4.04
      2.7020         4.04
      2.7030         4.00
      2.7040         4.00
      2.7050         4.10
      2.7060         4.11
      2.7070         4.11
      2.7080         4.10
      2.7090         4.03
      2.7100         4.04
      2.7110         4.07
      2.7120         4.10
      2.7130         4.11
      2.7140         4.04
      2.7150         4.06
      2.7160         4.05
      2.7170         3.99
      2.7180         3.96
      2.7190         3.94
      2.7200         3.96
      2.7210         3.94
      2.7220         3.98
      2.7230         4.03
      2.7240         4.10
      2.7250         4.12
      2.7260         4.12
      2.7270         4.07
      2.7280         4.11
      2.7290         4.23
      2.7300         4.26
      2.7310         4.26
      2.7320         4.24
      2.7330         4.28
      2.7340         4.31
      2.7350         4.38
      2.7360         4.36
      2.7370         4.38
      2.7380         4.38
      2.7390         4.36
      2.7400         4.36
      2.7410         4.33
      2.7420         4.27
      2.7430         4.24
      2.7440         4.13
      2.7450         4.11
      2.7460         4.11
      2.7470         4.16
      2.7480         4.08
      2.7490         4.11
      2.7500         4.16
      2.7510         4.20
      2.7520         4.20
      2.7530         4.19
      2.7540         4.21
      2.7550         4.19
      2.7560         4.29
      2.7570         4.37
      2.7580         4.40
      2.7590         4.48
      2.7600         4.44
      2.7610         4.54
      2.7620         4.55
      2.7630         4.54
      2.7640         4.53
      2.7650         4.49
      2.7660         4.52
      2.7670         4.44
      2.7680         4.51
      2.7690         4.37
      2.7700         4.36
      2.7710         4.33
      2.7720         4.31
      2.7730         4.24
      2.7740         4.17
      2.7750         4.16
      2.7760         4.11
      2.7770         4.04
      2.7780         4.00
      2.7790         3.92
      2.7800         4.00
      2.7810         3.99
      2.7820         4.00
      2.7830         4.04
      2.7840         4.12
      2.7850         4.11
      2.7860         4.09
      2.7870         4.15
      2.7880         4.16
      2.7890         4.29
      2.7900         4.27
      2.7910         4.26
      2.7920         4.26
      2.7930         4.28
      2.7940         4.32
      2.7950         4.32
      2.7960         4.27
      2.7970         4.25
      2.7980         4.28
      2.7990         4.29
      2.8000         4.21
      2.8010         4.13
      2.8020         4.13
      2.8030         4.15
      2.8040         4.00
      2.8050         4.03
      2.8060         3.99
      2.8070         3.98
      2.8080         3.95
      2.8090         3.96
      2.8100         3.92
      2.8110         4.01
      2.8120         4.04
      2.8130         4.11
      2.8140         4.20
      2.8150         4.31
      2.8160         4.39
      2.8170         4.36
      2.8180         4.36
      2.8190         4.38
      2.8200         4.38
      2.8210         4.36
      2.8220         4.35
      2.8230         4.31
      2.8240         4.36
      2.8250         4.38
      2.8260         4.42
      2.8270         4.39
      2.8280         4.42
      2.8290         4.35
      2.8300         4.36
      2.8310         4.23
      2.8320         4.22
      2.8330         4.18
      2.8340         4.06
      2.8350         3.92
      2.8360         3.83
      2.8370         3.88
      2.8380         3.91
      2.8390         3.90
      2.8400         3.96
      2.8410         4.00
      2.8420         4.04
      2.8430         4.10
      2.8440         4.08
      2.8450         4.14
      2.8460         4.14
      2.8470         4.18
      2.8480         4.18
      2.8490         4.19
      2.8500         4.23
      2.8510         4.24
      2.8520         4.19
      2.8530         4.16
      2.8540         4.13
      2.8550         4.17
      2.8560         4.23
      2.8570         4.13
      2.8580         4.07
      2.8590         4.03
      2.8600         4.01
      2.8610         3.99
      2.8620         3.91
      2.8630         3.83
      2.8640         3.91
      2.8650         3.80
      2.8660         3.76
      2.8670         3.76
      2.8680         3.73
      2.8690         3.75
      2.8700         3.77
      2.8710         3.84
      2.8720         3.85
      2.8730         3.84
      2.8740         3.89
      2.8750         3.92
      2.8760         3.93
      2.8770         4.00
      2.8780         4.00
      2.8790         4.07
      2.8800         4.03
      2.8810         4.09
      2.8820         4.16
      2.8830         4.17
      2.8840         4.19
      2.8850         4.25
      2.8860         4.31
      2.8870         4.24
      2.8880         4.23
      2.8890         4.24
      2.8900         4.19
      2.8910         4.11
      2.8920         4.12
      2.8930         4.04
      2.8940         4.03
      2.8950         4.01
      2.8960         4.04
      2.8970         4.04
      2.8980         4.07
      2.8990         4.06
      2.9000         4.12
      2.9010         4.10
      2.9020         4.10
      2.9030         4.16
      2.9040         4.15
      2.9050         4.14
      2.9060         4.10
      2.9070         4.15
      2.9080         4.16
      2.9090         4.11
      2.9100         4.10
      2.9110         4.18
      2.9120         4.16
      2.9130         4.30
      2.9140         4.27
      2.9150         4.22
      2.9160         4.15
      2.9170         4.16
      2.9180         4.10
      2.9190         4.14
      2.9200         4.14
      2.9210         4.15
      2.9220         4.08
      2.9230         4.03
      2.9240         3.99
      2.9250         4.04
      2.9260         4.06
      2.9270         4.06
      2.9280         4.04
      2.9290         4.07
      2.9300         4.12
      2.9310         4.11
      2.9320         4.20
      2.9330         4.16
      2.9340         4.20
      2.9350         4.24
      2.9360         4.24
      2.9370         4.23
      2.9380         4.28
      2.9390         4.27
      2.9400         4.24
      2.9410         4.24
      2.9420         4.22
      2.9430         4.15
      2.9440         4.16
      2.9450         4.09
      2.9460         4.13
      2.9470         4.11
      2.9480         4.12
      2.9490         4.13
      2.9500         4.07
      2.9510         4.09
      2.9520         4.01
      2.9530         3.95
      2.9540         3.91
      2.9550         3.89
      2.9560         3.93
      2.9570         3.93
      2.9580         3.96
      2.9590         3.97
      2.9600         3.95
      2.9610         3.91
      2.9620         4.00
      2.9630         4.09
      2.9640         4.12
      2.9650         4.12
      2.9660         4.13
      2.9670         4.17
      2.9680         4.17
      2.9690         4.16
      2.9700         4.24
      2.9710         4.20
      2.9720         4.23
      2.9730         4.28
      2.9740         4.34
      2.9750         4.35
      2.9760         4.28
      2.9770         4.28
      2.9780         4.29
      2.9790         4.28
      2.9800         4.25
      2.9810         4.23
      2.9820         4.23
      2.9830         4.26
      2.9840         4.23
      2.9850         4.24
      2.9860         4.18
      2.9870         4.19
      2.9880         4.23
      2.9890         4.24
      2.9900         4.24
      2.9910         4.15
      2.9920         4.19
      2.9930         4.31
      2.9940         4.34
      2.9950         4.35
      2.9960         4.34
      2.9970         4.35
      2.9980         4.27
      2.9990         4.23
