        Time   Palpation Force
      0.0000         1.00
      0.0010         1.00
      0.0020         1.00
      0.0030         1.00
      0.0040         1.00
      0.0050         1.16
      0.0060         1.42
      0.0070         1.62
      0.0080         1.80
      0.0090         1.97
      0.0100         2.18
      0.0110         2.38
      0.0120         2.62
      0.0130         2.86
      0.0140         3.06
      0.0150         3.29
      0.0160         3.52
      0.0170         3.79
      0.0180         4.04
      0.0190         4.22
      0.0200         4.26
      0.0210         4.29
      0.0220         4.23
      0.0230         4.27
      0.0240         4.22
      0.0250         4.29
      0.0260         4.23
      0.0270         4.23
      0.0280         4.27
      0.0290         4.33
      0.0300         4.34
      0.0310         4.34
      0.0320         4.27
      0.0330         4.19
      0.0340         4.25
      0.0350         4.26
      0.0360         4.25
      0.0370         4.19
      0.0380         4.23
      0.0390         4.29
      0.0400         4.27
      0.0410         4.26
      0.0420         4.37
      0.0430         4.39
      0.0440         4.42
      0.0450         4.37
      0.0460         4.33
      0.0470         4.34
      0.0480         4.31
      0.0490         4.26
      0.0500         4.33
      0.0510         4.29
      0.0520         4.34
      0.0530         4.35
      0.0540         4.27
      0.0550         4.14
      0.0560         4.11
      0.0570         4.13
      0.0580         4.07
      0.0590         3.99
      0.0600         3.93
      0.0610         3.90
      0.0620         3.85
      0.0630         3.83
      0.0640         3.81
      0.0650         3.85
      0.0660         3.85
      0.0670         3.81
      0.0680         3.83
      0.0690         3.89
      0.0700         3.74
      0.0710         3.77
      0.0720         3.77
      0.0730         3.86
      0.0740         3.97
      0.0750         4.01
      0.0760         4.06
      0.0770         4.03
      0.0780         3.97
      0.0790         4.06
      0.0800         4.13
      0.0810         4.10
      0.0820         4.07
      0.0830         4.10
      0.0840         4.05
      0.0850         3.98
      0.0860         3.99
      0.0870         4.02
      0.0880         3.93
      0.0890         3.87
      0.0900         3.97
      0.0910         3.97
      0.0920         3.91
      0.0930         3.85
      0.0940         3.81
      0.0950         3.86
      0.0960         3.82
      0.0970         3.82
      0.0980         3.85
      0.0990         3.85
      0.1000         3.77
      0.1010         3.78
      0.1020         3.87
      0.1030         3.82
      0.1040         3.87
      0.1050         3.97
      0.1060         4.02
      0.1070         3.98
      0.1080         4.00
      0.1090         4.09
      0.1100         4.09
      0.1110         4.05
      0.1120         4.10
      0.1130         4.14
      0.1140         4.05
      0.1150         4.10
      0.1160         4.09
      0.1170         4.09
      0.1180         4.02
      0.1190         3.94
      0.1200         3.98
      0.1210         4.02
      0.1220         3.94
      0.1230         3.99
      0.1240         3.97
      0.1250         3.86
      0.1260         3.82
      0.1270         3.89
      0.1280         4.01
      0.1290         4.04
      0.1300         4.04
      0.1310         4.09
      0.1320         4.04
      0.1330         3.93
      0.1340         3.96
      0.1350         3.85
      0.1360         3.89
      0.1370         3.91
      0.1380         4.01
      0.1390         4.05
      0.1400         4.01
      0.1410         3.98
      0.1420         3.97
      0.1430         3.94
      0.1440         3.94
      0.1450         3.94
      0.1460         3.97
      0.1470         3.90
      0.1480         3.82
      0.1490         3.78
      0.1500         3.69
      0.1510         3.67
      0.1520         3.67
      0.1530         3.74
      0.1540         3.87
      0.1550         3.94
      0.1560         3.91
      0.1570         3.86
      0.1580         3.86
      0.1590         3.79
      0.1600         3.90
      0.1610         3.91
      0.1620         3.98
      0.1630         4.04
      0.1640         4.06
      0.1650         4.09
      0.1660         4.02
      0.1670         4.06
      0.1680         4.03
      0.1690         4.03
      0.1700         4.09
      0.1710         4.10
      0.1720         4.07
      0.1730         4.06
      0.1740         3.94
      0.1750         3.87
      0.1760         3.85
      0.1770         3.86
      0.1780         3.82
      0.1790         3.85
      0.1800         3.75
      0.1810         3.73
      0.1820         3.74
      0.1830         3.67
      0.1840         3.69
      0.1850         3.73
      0.1860         3.86
      0.1870         3.90
      0.1880         3.96
      0.1890         3.96
      0.1900         3.96
      0.1910         3.98
      0.1920         4.05
      0.1930         4.00
      0.1940         4.00
      0.1950         4.01
      0.1960         4.04
      0.1970         3.98
      0.1980         3.97
      0.1990         3.94
      0.2000         3.98
      0.2010         3.99
      0.2020         3.95
      0.2030         3.95
      0.2040         3.93
      0.2050         3.87
      0.2060         3.75
      0.2070         3.71
      0.2080         3.74
      0.2090         3.71
      0.2100         3.74
      0.2110         3.67
      0.2120         3.66
      0.2130         3.62
      0.2140         3.66
      0.2150         3.78
      0.2160         3.89
      0.2170         4.01
      0.2180         4.05
      0.2190         4.11
      0.2200         4.13
      0.2210         4.14
      0.2220         4.09
      0.2230         4.14
      0.2240         4.15
      0.2250         4.17
      0.2260         4.21
      0.2270         4.23
      0.2280         4.17
      0.2290         4.11
      0.2300         4.01
      0.2310         4.06
      0.2320         4.06
      0.2330         4.17
      0.2340         4.11
      0.2350         4.03
      0.2360         3.98
      0.2370         3.93
      0.2380         3.90
      0.2390         3.87
      0.2400         3.82
      0.2410         3.82
      0.2420         3.91
      0.2430         3.89
      0.2440         3.93
      0.2450         3.98
      0.2460         4.00
      0.2470         3.94
      0.2480         4.05
      0.2490         4.12
      0.2500         4.20
      0.2510         4.09
      0.2520         4.05
      0.2530         4.01
      0.2540         4.05
      0.2550         4.01
      0.2560         3.94
      0.2570         3.90
      0.2580         3.89
      0.2590         3.89
      0.2600         3.89
      0.2610         3.81
      0.2620         3.76
      0.2630         3.76
      0.2640         3.74
      0.2650         3.74
      0.2660         3.70
      0.2670         3.72
      0.2680         3.57
      0.2690         3.50
      0.2700         3.49
      0.2710         3.61
      0.2720         3.68
      0.2730         3.76
      0.2740         3.77
      0.2750         3.78
      0.2760         3.80
      0.2770         3.86
      0.2780         3.98
      0.2790         3.96
      0.2800         4.04
      0.2810         4.12
      0.2820         4.12
      0.2830         4.09
      0.2840         4.06
      0.2850         4.02
      0.2860         4.01
      0.2870         4.04
      0.2880         4.06
      0.2890         4.08
      0.2900         4.06
      0.2910         3.98
      0.2920         3.94
      0.2930         3.89
      0.2940         3.86
      0.2950         3.93
      0.2960         3.94
      0.2970         3.89
      0.2980         3.83
      0.2990         3.89
      0.3000         3.83
      0.3010         3.97
      0.3020         4.04
      0.3030         4.12
      0.3040         4.14
      0.3050         4.16
      0.3060         4.20
      0.3070         4.21
      0.3080         4.30
      0.3090         4.36
      0.3100         4.41
      0.3110         4.44
      0.3120         4.45
      0.3130         4.42
      0.3140         4.42
      0.3150         4.37
      0.3160         4.32
      0.3170         4.28
      0.3180         4.21
      0.3190         4.21
      0.3200         4.26
      0.3210         4.05
      0.3220         4.02
      0.3230         3.93
      0.3240         3.90
      0.3250         3.93
      0.3260         3.96
      0.3270         3.88
      0.3280         3.84
      0.3290         3.80
      0.3300         3.78
      0.3310         3.84
      0.3320         3.85
      0.3330         3.94
      0.3340         4.01
      0.3350         4.00
      0.3360         4.04
      0.3370         4.14
      0.3380         4.14
      0.3390         4.14
      0.3400         4.12
      0.3410         4.16
      0.3420         4.17
      0.3430         4.22
      0.3440         4.20
      0.3450         4.20
      0.3460         4.10
      0.3470         4.16
      0.3480         4.16
      0.3490         4.16
      0.3500         4.10
      0.3510         4.09
      0.3520         4.09
      0.3530         4.02
      0.3540         3.94
      0.3550         3.96
      0.3560         4.02
      0.3570         3.98
      0.3580         4.01
      0.3590         3.94
      0.3600         3.93
      0.3610         3.97
      0.3620         3.96
      0.3630         3.92
      0.3640         3.98
      0.3650         3.93
      0.3660         4.01
      0.3670         4.06
      0.3680         4.10
      0.3690         4.14
      0.3700         4.21
      0.3710         4.22
      0.3720         4.22
      0.3730         4.25
      0.3740         4.24
      0.3750         4.22
      0.3760         4.09
      0.3770         4.06
      0.3780         4.01
      0.3790         4.01
      0.3800         4.00
      0.3810         4.05
      0.3820         4.04
      0.3830         4.00
      0.3840         3.92
      0.3850         3.93
      0.3860         3.88
      0.3870         3.81
      0.3880         3.77
      0.3890         3.74
      0.3900         3.78
      0.3910         3.76
      0.3920         3.82
      0.3930         3.76
      0.3940         3.81
      0.3950         3.92
      0.3960         3.94
      0.3970         3.97
      0.3980         4.00
      0.3990         4.05
      0.4000         4.10
      0.4010         4.05
      0.4020         4.01
      0.4030         4.06
      0.4040         4.05
      0.4050         4.02
      0.4060         4.00
      0.4070         3.93
      0.4080         3.94
      0.4090         3.93
      0.4100         3.88
      0.4110         3.85
      0.4120         3.77
      0.4130         3.77
      0.4140         3.77
      0.4150         3.73
      0.4160         3.76
      0.4170         3.78
      0.4180         3.85
      0.4190         3.92
      0.4200         3.90
      0.4210         3.93
      0.4220         3.97
      0.4230         4.01
      0.4240         4.09
      0.4250         4.18
      0.4260         4.24
      0.4270         4.33
      0.4280         4.33
      0.4290         4.37
      0.4300         4.41
      0.4310         4.43
      0.4320         4.41
      0.4330         4.47
      0.4340         4.39
      0.4350         4.32
      0.4360         4.28
      0.4370         4.17
      0.4380         4.17
      0.4390         4.16
      0.4400         4.16
      0.4410         4.09
      0.4420         4.08
      0.4430         4.02
      0.4440         4.01
      0.4450         3.94
      0.4460         4.01
      0.4470         4.00
      0.4480         4.02
      0.4490         4.02
      0.4500         4.00
      0.4510         4.01
      0.4520         4.06
      0.4530         4.08
      0.4540         4.12
      0.4550         4.12
      0.4560         4.17
      0.4570         4.24
      0.4580         4.19
      0.4590         4.20
      0.4600         4.16
      0.4610         4.17
      0.4620         4.13
      0.4630         4.13
      0.4640         4.08
      0.4650         4.05
      0.4660         4.01
      0.4670         3.98
      0.4680         3.93
      0.4690         3.89
      0.4700         3.88
      0.4710         3.82
      0.4720         3.81
      0.4730         3.77
      0.4740         3.86
      0.4750         3.85
      0.4760         3.80
      0.4770         3.84
      0.4780         3.86
      0.4790         3.84
      0.4800         3.92
      0.4810         3.94
      0.4820         4.02
      0.4830         4.13
      0.4840         4.17
      0.4850         4.20
      0.4860         4.20
      0.4870         4.20
      0.4880         4.25
      0.4890         4.32
      0.4900         4.33
      0.4910         4.38
      0.4920         4.40
      0.4930         4.40
      0.4940         4.33
      0.4950         4.36
      0.4960         4.44
      0.4970         4.36
      0.4980         4.38
      0.4990         4.39
      0.5000         4.34
      0.5010         4.33
      0.5020         4.29
      0.5030         4.18
      0.5040         4.17
      0.5050         4.14
      0.5060         4.18
      0.5070         4.22
      0.5080         4.20
      0.5090         4.20
      0.5100         4.26
      0.5110         4.30
      0.5120         4.26
      0.5130         4.29
      0.5140         4.28
      0.5150         4.29
      0.5160         4.28
      0.5170         4.34
      0.5180         4.30
      0.5190         4.32
      0.5200         4.25
      0.5210         4.26
      0.5220         4.28
      0.5230         4.25
      0.5240         4.33
      0.5250         4.34
      0.5260         4.30
      0.5270         4.28
      0.5280         4.28
      0.5290         4.21
      0.5300         4.09
      0.5310         4.06
      0.5320         4.14
      0.5330         4.17
      0.5340         4.19
      0.5350         4.20
      0.5360         4.27
      0.5370         4.24
      0.5380         4.36
      0.5390         4.32
      0.5400         4.43
      0.5410         4.51
      0.5420         4.53
      0.5430         4.57
      0.5440         4.45
      0.5450         4.48
      0.5460         4.48
      0.5470         4.52
      0.5480         4.49
      0.5490         4.49
      0.5500         4.46
      0.5510         4.38
      0.5520         4.30
      0.5530         4.30
      0.5540         4.32
      0.5550         4.34
      0.5560         4.28
      0.5570         4.21
      0.5580         4.05
      0.5590         4.02
      0.5600         3.97
      0.5610         3.86
      0.5620         3.84
      0.5630         3.92
      0.5640         3.98
      0.5650         4.00
      0.5660         3.97
      0.5670         4.01
      0.5680         4.06
      0.5690         4.12
      0.5700         4.21
      0.5710         4.29
      0.5720         4.29
      0.5730         4.32
      0.5740         4.29
      0.5750         4.26
      0.5760         4.21
      0.5770         4.29
      0.5780         4.29
      0.5790         4.29
      0.5800         4.28
      0.5810         4.30
      0.5820         4.36
      0.5830         4.33
      0.5840         4.33
      0.5850         4.29
      0.5860         4.36
      0.5870         4.25
      0.5880         4.24
      0.5890         4.18
      0.5900         4.13
      0.5910         4.14
      0.5920         4.17
      0.5930         4.13
      0.5940         4.18
      0.5950         4.24
      0.5960         4.36
      0.5970         4.36
      0.5980         4.44
      0.5990         4.49
      0.6000         4.48
      0.6010         4.48
      0.6020         4.41
      0.6030         4.34
      0.6040         4.37
      0.6050         4.39
      0.6060         4.39
      0.6070         4.44
      0.6080         4.35
      0.6090         4.35
      0.6100         4.36
      0.6110         4.28
      0.6120         4.24
      0.6130         4.20
      0.6140         4.13
      0.6150         4.04
      0.6160         3.93
      0.6170         3.94
      0.6180         3.94
      0.6190         3.93
      0.6200         3.93
      0.6210         3.92
      0.6220         3.99
      0.6230         4.04
      0.6240         4.04
      0.6250         4.04
      0.6260         4.05
      0.6270         4.04
      0.6280         4.12
      0.6290         4.13
      0.6300         4.13
      0.6310         4.17
      0.6320         4.27
      0.6330         4.31
      0.6340         4.32
      0.6350         4.33
      0.6360         4.35
      0.6370         4.33
      0.6380         4.31
      0.6390         4.22
      0.6400         4.28
      0.6410         4.30
      0.6420         4.24
      0.6430         4.20
      0.6440         4.14
      0.6450         4.10
      0.6460         4.05
      0.6470         4.04
      0.6480         4.05
      0.6490         4.02
      0.6500         4.01
      0.6510         4.02
      0.6520         4.02
      0.6530         4.08
      0.6540         4.10
      0.6550         4.14
      0.6560         4.25
      0.6570         4.25
      0.6580         4.22
      0.6590         4.33
      0.6600         4.33
      0.6610         4.28
      0.6620         4.26
      0.6630         4.28
      0.6640         4.36
      0.6650         4.44
      0.6660         4.41
      0.6670         4.44
      0.6680         4.44
      0.6690         4.45
      0.6700         4.40
      0.6710         4.41
      0.6720         4.34
      0.6730         4.28
      0.6740         4.24
      0.6750         4.14
      0.6760         4.02
      0.6770         4.06
      0.6780         4.06
      0.6790         4.05
      0.6800         4.00
      0.6810         4.08
      0.6820         4.13
      0.6830         4.22
      0.6840         4.18
      0.6850         4.20
      0.6860         4.25
      0.6870         4.27
      0.6880         4.16
      0.6890         4.20
      0.6900         4.27
      0.6910         4.21
      0.6920         4.18
      0.6930         4.21
      0.6940         4.25
      0.6950         4.30
      0.6960         4.32
      0.6970         4.24
      0.6980         4.24
      0.6990         4.09
      0.7000         4.09
      0.7010         4.05
      0.7020         4.06
      0.7030         3.96
      0.7040         3.96
      0.7050         3.90
      0.7060         3.84
      0.7070         3.80
      0.7080         3.85
      0.7090         3.76
      0.7100         3.84
      0.7110         3.97
      0.7120         4.04
      0.7130         4.10
      0.7140         4.13
      0.7150         4.18
      0.7160         4.29
      0.7170         4.34
      0.7180         4.37
      0.7190         4.57
      0.7200         4.63
      0.7210         4.65
      0.7220         4.65
      0.7230         4.69
      0.7240         4.68
      0.7250         4.72
      0.7260         4.68
      0.7270         4.73
      0.7280         4.69
      0.7290         4.77
      0.7300         4.62
      0.7310         4.48
      0.7320         4.50
      0.7330         4.42
      0.7340         4.40
      0.7350         4.38
      0.7360         4.32
      0.7370         4.37
      0.7380         4.40
      0.7390         4.37
      0.7400         4.37
      0.7410         4.44
      0.7420         4.44
      0.7430         4.46
      0.7440         4.52
      0.7450         4.59
      0.7460         4.68
      0.7470         4.68
      0.7480         5.27
      0.7490         5.29
      0.7500         5.48
      0.7510         5.56
      0.7520         5.51
      0.7530         5.00
      0.7540         4.99
      0.7550         4.93
      0.7560         4.88
      0.7570         4.81
      0.7580         4.83
      0.7590         4.84
      0.7600         4.75
      0.7610         4.68
      0.7620         4.65
      0.7630         4.61
      0.7640         4.59
      0.7650         4.48
      0.7660         4.45
      0.7670         4.44
      0.7680         4.40
      0.7690         4.32
      0.7700         4.29
      0.7710         4.36
      0.7720         4.33
      0.7730         4.39
      0.7740         4.40
      0.7750         4.51
      0.7760         4.56
      0.7770         4.63
      0.7780         4.57
      0.7790         4.61
      0.7800         4.75
      0.7810         5.29
      0.7820         5.30
      0.7830         5.28
      0.7840         5.28
      0.7850         5.32
      0.7860         5.28
      0.7870         4.79
      0.7880         4.91
      0.7890         5.01
      0.7900         5.00
      0.7910         4.97
      0.7920         4.99
      0.7930         5.00
      0.7940         5.05
      0.7950         5.00
      0.7960         5.05
      0.7970         5.03
      0.7980         5.11
      0.7990         5.07
      0.8000         5.60
      0.8010         5.07
      0.8020         5.61
      0.8030         5.79
      0.8040         5.77
      0.8050         5.81
      0.8060         5.93
      0.8070         6.01
      0.8080         5.95
      0.8090         6.01
      0.8100         6.08
      0.8110         6.00
      0.8120         6.07
      0.8130         6.01
      0.8140         5.93
      0.8150         5.95
      0.8160         5.88
      0.8170         5.89
      0.8180         5.85
      0.8190         5.31
      0.8200         5.27
      0.8210         5.34
      0.8220         5.32
      0.8230         5.88
      0.8240         5.95
      0.8250         5.96
      0.8260         5.91
      0.8270         5.85
      0.8280         5.95
      0.8290         5.95
      0.8300         6.01
      0.8310         6.17
      0.8320         6.17
      0.8330         6.23
      0.8340         6.31
      0.8350         6.35
      0.8360         6.43
      0.8370         6.44
      0.8380         6.48
      0.8390         6.49
      0.8400         6.53
      0.8410         6.47
      0.8420         6.49
      0.8430         6.31
      0.8440         6.23
      0.8450         6.20
      0.8460         6.23
      0.8470         6.32
      0.8480         6.32
      0.8490         6.39
      0.8500         6.31
      0.8510         6.23
      0.8520         6.25
      0.8530         6.36
      0.8540         6.43
      0.8550         6.49
      0.8560         6.61
      0.8570         6.64
      0.8580         6.75
      0.8590         6.84
      0.8600         6.89
      0.8610         7.04
      0.8620         7.09
      0.8630         7.21
      0.8640         7.34
      0.8650         7.36
      0.8660         7.37
      0.8670         7.40
      0.8680         7.42
      0.8690         7.37
      0.8700         7.40
      0.8710         7.37
      0.8720         7.36
      0.8730         7.21
      0.8740         7.18
      0.8750         7.13
      0.8760         6.96
      0.8770         7.02
      0.8780         6.98
      0.8790         7.01
      0.8800         6.97
      0.8810         6.90
      0.8820         6.80
      0.8830         6.92
      0.8840         6.88
      0.8850         7.08
      0.8860         7.17
      0.8870         7.16
      0.8880         7.30
      0.8890         7.32
      0.8900         7.40
      0.8910         7.56
      0.8920         7.65
      0.8930         7.81
      0.8940         7.90
      0.8950         8.00
      0.8960         8.12
      0.8970         8.04
      0.8980         8.09
      0.8990         8.08
      0.9000         8.10
      0.9010         8.12
      0.9020         8.20
      0.9030         8.05
      0.9040         8.04
      0.9050         7.98
      0.9060         7.89
      0.9070         7.93
      0.9080         7.89
      0.9090         8.05
      0.9100         8.09
      0.9110         8.00
      0.9120         7.96
      0.9130         8.05
      0.9140         8.09
      0.9150         8.12
      0.9160         8.24
      0.9170         8.33
      0.9180         8.37
      0.9190         8.40
      0.9200         8.48
      0.9210         8.64
      0.9220         8.74
      0.9230         8.90
      0.9240         9.02
      0.9250         9.10
      0.9260         9.20
      0.9270         9.22
      0.9280         9.18
      0.9290         9.14
      0.9300         9.12
      0.9310         9.13
      0.9320         9.16
      0.9330         9.08
      0.9340         9.04
      0.9350         9.51
      0.9360         9.48
      0.9370         9.48
      0.9380         9.44
      0.9390         9.39
      0.9400         9.33
      0.9410         8.76
      0.9420         8.72
      0.9430         8.85
      0.9440         8.94
      0.9450         8.94
      0.9460         8.97
      0.9470         9.02
      0.9480         9.09
      0.9490         9.13
      0.9500         9.22
      0.9510         9.29
      0.9520         9.33
      0.9530         9.35
      0.9540         9.35
      0.9550         9.42
      0.9560         9.38
      0.9570         9.39
      0.9580         9.43
      0.9590         9.47
      0.9600         9.57
      0.9610         9.54
      0.9620         9.58
      0.9630         9.38
      0.9640         9.38
      0.9650         9.36
      0.9660         9.46
      0.9670         9.42
      0.9680         9.42
      0.9690         9.40
      0.9700         9.44
      0.9710         9.48
      0.9720         9.50
      0.9730         9.57
      0.9740         9.70
      0.9750         9.76
      0.9760         9.93
      0.9770        10.08
      0.9780        10.10
      0.9790        10.13
      0.9800        10.15
      0.9810        10.29
      0.9820        10.33
      0.9830        10.41
      0.9840        10.39
      0.9850        10.39
      0.9860        10.41
      0.9870        10.41
      0.9880        10.35
      0.9890        10.39
      0.9900        10.38
      0.9910        10.37
      0.9920        10.43
      0.9930        10.89
      0.9940        10.82
      0.9950        10.91
      0.9960        10.83
      0.9970        10.83
      0.9980        10.92
      0.9990        10.95
      1.0000        10.93
      1.0010        10.93
      1.0020        11.00
      1.0030        11.13
      1.0040        11.13
      1.0050        11.16
      1.0060        11.22
      1.0070        11.33
      1.0080        11.41
      1.0090        11.42
      1.0100        11.44
      1.0110        11.53
      1.0120        11.45
      1.0130        11.57
      1.0140        11.65
      1.0150        11.65
      1.0160        11.13
      1.0170        11.18
      1.0180        11.13
      1.0190        11.09
      1.0200        11.60
      1.0210        11.60
      1.0220        11.51
      1.0230        11.38
      1.0240        11.38
      1.0250        11.35
      1.0260        11.32
      1.0270        11.32
      1.0280        11.39
      1.0290        11.47
      1.0300        10.97
      1.0310        11.04
      1.0320        11.06
      1.0330        11.02
      1.0340        11.53
      1.0350        11.09
      1.0360        11.79
      1.0370        11.79
      1.0380        11.93
      1.0390        12.07
      1.0400        12.13
      1.0410        12.15
      1.0420        12.13
      1.0430        12.18
      1.0440        12.25
      1.0450        12.33
      1.0460        12.36
      1.0470        12.35
      1.0480        12.33
      1.0490        12.21
      1.0500        12.19
      1.0510        12.14
      1.0520        12.15
      1.0530        12.17
      1.0540        12.12
      1.0550        12.06
      1.0560        11.96
      1.0570        12.08
      1.0580        12.00
      1.0590        11.99
      1.0600        11.99
      1.0610        12.01
      1.0620        12.11
      1.0630        12.22
      1.0640        12.29
      1.0650        12.30
      1.0660        12.44
      1.0670        12.48
      1.0680        12.53
      1.0690        12.65
      1.0700        12.64
      1.0710        12.81
      1.0720        12.81
      1.0730        12.96
      1.0740        13.00
      1.0750        12.96
      1.0760        13.08
      1.0770        13.01
      1.0780        13.05
      1.0790        12.97
      1.0800        13.00
      1.0810        12.96
      1.0820        13.12
      1.0830        13.12
      1.0840        13.04
      1.0850        13.07
      1.0860        12.99
      1.0870        13.12
      1.0880        13.12
      1.0890        13.15
      1.0900        13.29
      1.0910        13.11
      1.0920        13.20
      1.0930        13.18
      1.0940        13.26
      1.0950        13.48
      1.0960        13.56
      1.0970        13.65
      1.0980        13.70
      1.0990        13.86
      1.1000        13.93
      1.1010        14.06
      1.1020        13.96
      1.1030        13.93
      1.1040        14.00
      1.1050        14.02
      1.1060        13.96
      1.1070        13.93
      1.1080        13.99
      1.1090        13.95
      1.1100        13.95
      1.1110        14.00
      1.1120        14.02
      1.1130        14.02
      1.1140        13.98
      1.1150        13.90
      1.1160        13.83
      1.1170        13.83
      1.1180        13.84
      1.1190        13.74
      1.1200        13.76
      1.1210        13.75
      1.1220        13.87
      1.1230        13.92
      1.1240        13.91
      1.1250        13.92
      1.1260        14.10
      1.1270        14.08
      1.1280        14.09
      1.1290        14.19
      1.1300        14.12
      1.1310        14.32
      1.1320        14.31
      1.1330        14.28
      1.1340        14.24
      1.1350        14.14
      1.1360        14.11
      1.1370        14.06
      1.1380        14.04
      1.1390        14.08
      1.1400        14.03
      1.1410        13.94
      1.1420        13.91
      1.1430        13.93
      1.1440        13.89
      1.1450        13.92
      1.1460        13.92
      1.1470        13.92
      1.1480        13.88
      1.1490        13.93
      1.1500        14.03
      1.1510        13.95
      1.1520        14.00
      1.1530        14.10
      1.1540        14.24
      1.1550        14.40
      1.1560        14.45
      1.1570        14.48
      1.1580        14.55
      1.1590        14.59
      1.1600        14.61
      1.1610        14.68
      1.1620        14.71
      1.1630        14.67
      1.1640        14.77
      1.1650        14.70
      1.1660        14.51
      1.1670        14.54
      1.1680        14.53
      1.1690        14.41
      1.1700        14.37
      1.1710        14.41
      1.1720        14.35
      1.1730        14.31
      1.1740        14.22
      1.1750        14.15
      1.1760        14.25
      1.1770        14.29
      1.1780        14.23
      1.1790        14.31
      1.1800        14.33
      1.1810        14.47
      1.1820        14.48
      1.1830        14.55
      1.1840        14.63
      1.1850        14.75
      1.1860        14.96
      1.1870        14.96
      1.1880        15.07
      1.1890        15.10
      1.1900        15.22
      1.1910        15.15
      1.1920        15.14
      1.1930        15.13
      1.1940        15.11
      1.1950        15.10
      1.1960        14.97
      1.1970        15.09
      1.1980        15.13
      1.1990        15.09
      1.2000        15.06
      1.2010        15.08
      1.2020        15.06
      1.2030        15.00
      1.2040        14.97
      1.2050        14.92
      1.2060        14.89
      1.2070        14.87
      1.2080        14.89
      1.2090        14.96
      1.2100        14.88
      1.2110        14.96
      1.2120        15.12
      1.2130        15.13
      1.2140        15.19
      1.2150        15.29
      1.2160        15.37
      1.2170        15.36
      1.2180        15.45
      1.2190        15.55
      1.2200        15.61
      1.2210        15.57
      1.2220        15.55
      1.2230        15.67
      1.2240        15.70
      1.2250        15.67
      1.2260        15.66
      1.2270        15.69
      1.2280        15.66
      1.2290        15.63
      1.2300        15.67
      1.2310        15.71
      1.2320        15.67
      1.2330        15.67
      1.2340        15.58
      1.2350        15.54
      1.2360        15.56
      1.2370        15.54
      1.2380        15.52
      1.2390        15.44
      1.2400        15.49
      1.2410        15.45
      1.2420        15.47
      1.2430        15.41
      1.2440        15.34
      1.2450        15.49
      1.2460        15.49
      1.2470        15.52
      1.2480        15.53
      1.2490        15.64
      1.2500        15.65
      1.2510        15.62
      1.2520        15.61
      1.2530        15.76
      1.2540        15.88
      1.2550        15.95
      1.2560        15.87
      1.2570        15.87
      1.2580        15.69
      1.2590        15.74
      1.2600        15.66
      1.2610        15.59
      1.2620        15.73
      1.2630        15.80
      1.2640        15.85
      1.2650        15.85
      1.2660        15.85
      1.2670        15.83
      1.2680        16.10
      1.2690        16.06
      1.2700        16.18
      1.2710        16.26
      1.2720        16.36
      1.2730        16.32
      1.2740        16.34
      1.2750        16.32
      1.2760        16.44
      1.2770        16.48
      1.2780        16.71
      1.2790        16.81
      1.2800        16.83
      1.2810        16.92
      1.2820        16.83
      1.2830        16.81
      1.2840        16.81
      1.2850        16.80
      1.2860        16.92
      1.2870        16.89
      1.2880        16.70
      1.2890        16.69
      1.2900        16.69
      1.2910        16.60
      1.2920        16.64
      1.2930        16.63
      1.2940        16.70
      1.2950        16.74
      1.2960        16.70
      1.2970        16.58
      1.2980        16.65
      1.2990        16.58
      1.3000        16.57
      1.3010        16.63
      1.3020        16.68
      1.3030        16.66
      1.3040        16.66
      1.3050        16.66
      1.3060        16.67
      1.3070        16.74
      1.3080        16.66
      1.3090        16.66
      1.3100        16.57
      1.3110        16.65
      1.3120        16.45
      1.3130        16.43
      1.3140        16.41
      1.3150        16.38
      1.3160        16.48
      1.3170        16.60
      1.3180        16.57
      1.3190        16.55
      1.3200        16.60
      1.3210        16.57
      1.3220        16.60
      1.3230        16.67
      1.3240        16.60
      1.3250        16.47
      1.3260        16.46
      1.3270        16.46
      1.3280        16.56
      1.3290        16.54
      1.3300        16.57
      1.3310        16.54
      1.3320        16.66
      1.3330        16.67
      1.3340        16.63
      1.3350        16.73
      1.3360        16.62
      1.3370        16.54
      1.3380        16.38
      1.3390        16.43
      1.3400        16.31
      1.3410        16.25
      1.3420        16.24
      1.3430        16.18
      1.3440        16.26
      1.3450        16.37
      1.3460        16.32
      1.3470        16.38
      1.3480        16.33
      1.3490        16.38
      1.3500        16.37
      1.3510        16.33
      1.3520        16.38
      1.3530        16.34
      1.3540        16.41
      1.3550        16.37
      1.3560        16.38
      1.3570        16.45
      1.3580        16.58
      1.3590        16.55
      1.3600        16.66
      1.3610        16.77
      1.3620        16.71
      1.3630        16.71
      1.3640        16.78
      1.3650        16.78
      1.3660        16.63
      1.3670        16.50
      1.3680        16.54
      1.3690        16.46
      1.3700        16.45
      1.3710        16.42
      1.3720        16.38
      1.3730        16.40
      1.3740        16.34
      1.3750        16.29
      1.3760        16.32
      1.3770        16.29
      1.3780        16.19
      1.3790        16.16
      1.3800        16.21
      1.3810        16.20
      1.3820        16.18
      1.3830        16.24
      1.3840        16.26
      1.3850        16.32
      1.3860        16.50
      1.3870        16.62
      1.3880        16.54
      1.3890        16.58
      1.3900        16.63
      1.3910        16.67
      1.3920        16.62
      1.3930        16.59
      1.3940        16.65
      1.3950        16.71
      1.3960        16.58
      1.3970        16.50
      1.3980        16.61
      1.3990        16.61
      1.4000        16.55
      1.4010        16.49
      1.4020        16.48
      1.4030        16.40
      1.4040        16.25
      1.4050        16.17
      1.4060        16.06
      1.4070        15.97
      1.4080        16.00
      1.4090        15.97
      1.4100        15.90
      1.4110        15.94
      1.4120        16.05
      1.4130        16.05
      1.4140        16.01
      1.4150        16.07
      1.4160        16.15
      1.4170        16.28
      1.4180        16.17
      1.4190        16.20
      1.4200        16.23
      1.4210        16.37
      1.4220        16.53
      1.4230        16.59
      1.4240        16.69
      1.4250        16.73
      1.4260        16.78
      1.4270        16.86
      1.4280        16.79
      1.4290        16.71
      1.4300        16.67
      1.4310        16.68
      1.4320        16.55
      1.4330        16.69
      1.4340        16.58
      1.4350        16.48
      1.4360        16.48
      1.4370        16.36
      1.4380        16.46
      1.4390        16.45
      1.4400        16.46
      1.4410        16.33
      1.4420        16.30
      1.4430        16.34
      1.4440        16.34
      1.4450        16.39
      1.4460        16.43
      1.4470        16.51
      1.4480        16.77
      1.4490        16.94
      1.4500        17.10
      1.4510        17.10
      1.4520        17.15
      1.4530        17.13
      1.4540        17.34
      1.4550        17.38
      1.4560        17.38
      1.4570        17.56
      1.4580        17.50
      1.4590        17.50
      1.4600        17.44
      1.4610        17.43
      1.4620        17.37
      1.4630        17.31
      1.4640        17.35
      1.4650        17.32
      1.4660        17.29
      1.4670        17.15
      1.4680        17.07
      1.4690        17.09
      1.4700        17.05
      1.4710        16.96
      1.4720        17.04
      1.4730        17.01
      1.4740        17.01
      1.4750        17.03
      1.4760        17.06
      1.4770        17.07
      1.4780        17.15
      1.4790        17.28
      1.4800        17.34
      1.4810        17.43
      1.4820        17.49
      1.4830        17.50
      1.4840        17.42
      1.4850        17.39
      1.4860        17.39
      1.4870        17.50
      1.4880        17.41
      1.4890        17.41
      1.4900        17.34
      1.4910        17.33
      1.4920        17.35
      1.4930        17.37
      1.4940        17.38
      1.4950        17.36
      1.4960        17.45
      1.4970        17.39
      1.4980        17.37
      1.4990        17.32
      1.5000        17.36
      1.5010        17.40
      1.5020        17.37
      1.5030        17.51
      1.5040        17.61
      1.5050        17.65
      1.5060        17.77
      1.5070        17.79
      1.5080        17.95
      1.5090        17.91
      1.5100        17.93
      1.5110        18.10
      1.5120        17.92
      1.5130        17.96
      1.5140        17.79
      1.5150        17.79
      1.5160        17.78
      1.5170        17.88
      1.5180        17.81
      1.5190        17.70
      1.5200        17.70
      1.5210        17.62
      1.5220        17.60
      1.5230        17.53
      1.5240        17.40
      1.5250        17.41
      1.5260        17.28
      1.5270        17.24
      1.5280        17.22
      1.5290        17.22
      1.5300        17.28
      1.5310        17.22
      1.5320        17.38
      1.5330        17.33
      1.5340        17.56
      1.5350        17.62
      1.5360        17.65
      1.5370        17.58
      1.5380        17.69
      1.5390        17.81
      1.5400        17.85
      1.5410        17.91
      1.5420        17.97
      1.5430        17.84
      1.5440        17.91
      1.5450        17.80
      1.5460        17.83
      1.5470        17.77
      1.5480        17.64
      1.5490        17.59
      1.5500        17.53
      1.5510        17.48
      1.5520        17.45
      1.5530        17.41
      1.5540        17.26
      1.5550        17.28
      1.5560        17.28
      1.5570        17.16
      1.5580        17.10
      1.5590        17.21
      1.5600        17.14
      1.5610        17.29
      1.5620        17.23
      1.5630        17.43
      1.5640        17.47
      1.5650        17.57
      1.5660        17.59
      1.5670        17.59
      1.5680        17.67
      1.5690        17.75
      1.5700        17.78
      1.5710        17.78
      1.5720        17.70
      1.5730        17.73
      1.5740        17.76
      1.5750        17.71
      1.5760        17.61
      1.5770        17.73
      1.5780        17.68
      1.5790        17.46
      1.5800        17.44
      1.5810        17.14
      1.5820        17.08
      1.5830        17.03
      1.5840        17.00
      1.5850        16.93
      1.5860        16.83
      1.5870        16.80
      1.5880        16.83
      1.5890        16.87
      1.5900        16.85
      1.5910        16.78
      1.5920        16.81
      1.5930        16.90
      1.5940        16.73
      1.5950        16.73
      1.5960        16.74
      1.5970        16.74
      1.5980        16.79
      1.5990        16.81
      1.6000        16.75
      1.6010        16.86
      1.6020        16.85
      1.6030        16.78
      1.6040        16.69
      1.6050        16.73
      1.6060        16.70
      1.6070        16.69
      1.6080        16.57
      1.6090        16.48
      1.6100        16.34
      1.6110        16.33
      1.6120        16.26
      1.6130        16.04
      1.6140        16.08
      1.6150        15.93
      1.6160        15.78
      1.6170        15.58
      1.6180        15.50
      1.6190        15.45
      1.6200        15.46
      1.6210        15.45
      1.6220        15.42
      1.6230        15.41
      1.6240        15.38
      1.6250        15.23
      1.6260        15.35
      1.6270        15.27
      1.6280        15.23
      1.6290        15.10
      1.6300        15.21
      1.6310        15.06
      1.6320        15.01
      1.6330        15.01
      1.6340        14.97
      1.6350        14.87
      1.6360        14.85
      1.6370        14.77
      1.6380        14.65
      1.6390        14.53
      1.6400        14.44
      1.6410        14.35
      1.6420        14.23
      1.6430        14.06
      1.6440        13.97
      1.6450        13.78
      1.6460        13.53
      1.6470        13.46
      1.6480        13.31
      1.6490        13.17
      1.6500        12.86
      1.6510        12.92
      1.6520        12.92
      1.6530        12.90
      1.6540        12.82
      1.6550        12.82
      1.6560        12.67
      1.6570        12.68
      1.6580        12.71
      1.6590        12.58
      1.6600        12.50
      1.6610        12.34
      1.6620        12.24
      1.6630        12.07
      1.6640        11.95
      1.6650        11.89
      1.6660        11.74
      1.6670        11.54
      1.6680        11.44
      1.6690        11.37
      1.6700        11.36
      1.6710        11.17
      1.6720        10.90
      1.6730        10.69
      1.6740        10.55
      1.6750        10.41
      1.6760        10.30
      1.6770        10.14
      1.6780         9.39
      1.6790         9.40
      1.6800         9.25
      1.6810         9.15
      1.6820         9.15
      1.6830         9.13
      1.6840         9.05
      1.6850         8.97
      1.6860         8.96
      1.6870         8.89
      1.6880         8.84
      1.6890         8.68
      1.6900         8.51
      1.6910         8.42
      1.6920         8.35
      1.6930         8.18
      1.6940         8.08
      1.6950         7.95
      1.6960         7.87
      1.6970         7.82
      1.6980         7.74
      1.6990         7.63
      1.7000         7.44
      1.7010         7.32
      1.7020         7.11
      1.7030         6.92
      1.7040         6.76
      1.7050         6.67
      1.7060         6.54
      1.7070         6.44
      1.7080         6.40
      1.7090         6.32
      1.7100         6.28
      1.7110         6.19
      1.7120         6.07
      1.7130         6.11
      1.7140         5.87
      1.7150         5.80
      1.7160         5.71
      1.7170         5.62
      1.7180         5.02
      1.7190         4.92
      1.7200         4.84
      1.7210         4.79
      1.7220         4.70
      1.7230         4.63
      1.7240         4.62
      1.7250         4.60
      1.7260         4.54
      1.7270         4.52
      1.7280         4.43
      1.7290         4.38
      1.7300         4.35
      1.7310         4.35
      1.7320         4.31
      1.7330         4.16
      1.7340         4.16
      1.7350         4.11
      1.7360         4.14
      1.7370         4.11
      1.7380         4.06
      1.7390         3.99
      1.7400         4.00
      1.7410         3.95
      1.7420         4.03
      1.7430         4.04
      1.7440         4.03
      1.7450         4.10
      1.7460         4.11
      1.7470         4.04
      1.7480         4.08
      1.7490         4.07
      1.7500         4.07
      1.7510         4.01
      1.7520         3.96
      1.7530         4.02
      1.7540         4.06
      1.7550         4.10
      1.7560         4.00
      1.7570         3.97
      1.7580         4.00
      1.7590         3.99
      1.7600         4.04
      1.7610         4.04
      1.7620         4.07
      1.7630         4.04
      1.7640         4.04
      1.7650         4.01
      1.7660         4.05
      1.7670         4.08
      1.7680         4.05
      1.7690         4.12
      1.7700         4.12
      1.7710         4.13
      1.7720         4.21
      1.7730         4.23
      1.7740         4.20
      1.7750         4.16
      1.7760         4.19
      1.7770         4.21
      1.7780         4.29
      1.7790         4.32
      1.7800         4.25
      1.7810         4.27
      1.7820         4.20
      1.7830         4.23
      1.7840         4.17
      1.7850         4.11
      1.7860         4.07
      1.7870         4.09
      1.7880         4.08
      1.7890         4.01
      1.7900         4.05
      1.7910         4.04
      1.7920         4.00
      1.7930         4.00
      1.7940         4.05
      1.7950         4.11
      1.7960         4.16
      1.7970         4.16
      1.7980         4.07
      1.7990         4.11
      1.8000         4.08
      1.8010         4.17
      1.8020         4.25
      1.8030         4.25
      1.8040         4.33
      1.8050         4.36
      1.8060         4.37
      1.8070         4.35
      1.8080         4.32
      1.8090         4.32
      1.8100         4.28
      1.8110         4.29
      1.8120         4.25
      1.8130         4.28
      1.8140         4.27
      1.8150         4.21
      1.8160         4.09
      1.8170         4.04
      1.8180         4.08
      1.8190         3.99
      1.8200         4.07
      1.8210         4.07
      1.8220         4.09
      1.8230         4.13
      1.8240         4.16
      1.8250         4.15
      1.8260         4.20
      1.8270         4.19
      1.8280         4.27
      1.8290         4.31
      1.8300         4.36
      1.8310         4.42
      1.8320         4.50
      1.8330         4.43
      1.8340         4.40
      1.8350         4.44
      1.8360         4.52
      1.8370         4.60
      1.8380         4.59
      1.8390         4.63
      1.8400         4.59
      1.8410         4.47
      1.8420         4.39
      1.8430         4.42
      1.8440         4.36
      1.8450         4.42
      1.8460         4.37
      1.8470         4.33
      1.8480         4.28
      1.8490         4.27
      1.8500         4.23
      1.8510         4.24
      1.8520         4.23
      1.8530         4.24
      1.8540         4.25
      1.8550         4.20
      1.8560         4.19
      1.8570         4.19
      1.8580         4.24
      1.8590         4.24
      1.8600         4.24
      1.8610         4.29
      1.8620         4.29
      1.8630         4.23
      1.8640         4.28
      1.8650         4.28
      1.8660         4.29
      1.8670         4.33
      1.8680         4.29
      1.8690         4.27
      1.8700         4.17
      1.8710         4.03
      1.8720         3.99
      1.8730         4.07
      1.8740         4.08
      1.8750         4.13
      1.8760         4.16
      1.8770         4.11
      1.8780         4.07
      1.8790         4.13
      1.8800         4.16
      1.8810         4.19
      1.8820         4.15
      1.8830         4.20
      1.8840         4.16
      1.8850         4.15
      1.8860         4.12
      1.8870         4.13
      1.8880         4.16
      1.8890         4.17
      1.8900         4.25
      1.8910         4.29
      1.8920         4.35
      1.8930         4.25
      1.8940         4.24
      1.8950         4.24
      1.8960         4.25
      1.8970         4.24
      1.8980         4.21
      1.8990         4.11
      1.9000         4.03
      1.9010         3.96
      1.9020         3.97
      1.9030         3.88
      1.9040         3.88
      1.9050         3.87
      1.9060         3.88
      1.9070         3.87
      1.9080         3.85
      1.9090         3.84
      1.9100         3.83
      1.9110         3.88
      1.9120         3.81
      1.9130         3.81
      1.9140         3.85
      1.9150         3.84
      1.9160         3.79
      1.9170         3.81
      1.9180         3.91
      1.9190         3.95
      1.9200         4.05
      1.9210         4.04
      1.9220         4.04
      1.9230         4.07
      1.9240         4.04
      1.9250         4.08
      1.9260         4.07
      1.9270         4.08
      1.9280         4.15
      1.9290         4.20
      1.9300         4.23
      1.9310         4.21
      1.9320         4.25
      1.9330         4.23
      1.9340         4.16
      1.9350         4.19
      1.9360         4.17
      1.9370         4.09
      1.9380         3.99
      1.9390         4.01
      1.9400         3.99
      1.9410         4.04
      1.9420         4.00
      1.9430         4.07
      1.9440         4.12
      1.9450         4.07
      1.9460         4.08
      1.9470         4.03
      1.9480         4.00
      1.9490         3.92
      1.9500         3.93
      1.9510         3.88
      1.9520         3.81
      1.9530         3.81
      1.9540         3.80
      1.9550         3.76
      1.9560         3.79
      1.9570         3.87
      1.9580         3.87
      1.9590         3.84
      1.9600         3.83
      1.9610         3.79
      1.9620         3.87
      1.9630         3.81
      1.9640         3.76
      1.9650         3.80
      1.9660         3.84
      1.9670         3.92
      1.9680         3.95
      1.9690         3.95
      1.9700         3.92
      1.9710         3.95
      1.9720         4.07
      1.9730         4.15
      1.9740         4.21
      1.9750         4.27
      1.9760         4.31
      1.9770         4.23
      1.9780         4.25
      1.9790         4.32
      1.9800         4.32
      1.9810         4.36
      1.9820         4.31
      1.9830         4.33
      1.9840         4.39
      1.9850         4.40
      1.9860         4.35
      1.9870         4.31
      1.9880         4.28
      1.9890         4.28
      1.9900         4.28
      1.9910         4.32
      1.9920         4.27
      1.9930         4.23
      1.9940         4.23
      1.9950         4.21
      1.9960         4.24
      1.9970         4.29
      1.9980         4.31
      1.9990         4.28
      2.0000         4.27
      2.0010         4.28
      2.0020         4.31
      2.0030         4.37
      2.0040         4.36
      2.0050         4.35
      2.0060         4.35
      2.0070         4.36
      2.0080         4.33
      2.0090         4.36
      2.0100         4.37
      2.0110         4.37
      2.0120         4.35
      2.0130         4.36
      2.0140         4.36
      2.0150         4.29
      2.0160         4.16
      2.0170         4.13
      2.0180         4.05
      2.0190         3.98
      2.0200         4.04
      2.0210         3.97
      2.0220         3.96
      2.0230         3.84
      2.0240         3.85
      2.0250         3.85
      2.0260         3.86
      2.0270         3.85
      2.0280         3.93
      2.0290         3.94
      2.0300         4.00
      2.0310         4.02
      2.0320         4.05
      2.0330         4.04
      2.0340         3.98
      2.0350         3.97
      2.0360         4.13
      2.0370         4.21
      2.0380         4.27
      2.0390         4.28
      2.0400         4.24
      2.0410         4.32
      2.0420         4.29
      2.0430         4.27
      2.0440         4.21
      2.0450         4.16
      2.0460         4.16
      2.0470         4.20
      2.0480         4.08
      2.0490         4.08
      2.0500         3.97
      2.0510         3.92
      2.0520         3.96
      2.0530         4.01
      2.0540         4.00
      2.0550         4.03
      2.0560         3.89
      2.0570         3.85
      2.0580         3.91
      2.0590         3.95
      2.0600         3.95
      2.0610         3.95
      2.0620         4.01
      2.0630         4.11
      2.0640         4.13
      2.0650         4.19
      2.0660         4.12
      2.0670         4.09
      2.0680         4.25
      2.0690         4.25
      2.0700         4.33
      2.0710         4.36
      2.0720         4.31
      2.0730         4.25
      2.0740         4.29
      2.0750         4.23
      2.0760         4.25
      2.0770         4.20
      2.0780         4.15
      2.0790         4.12
      2.0800         4.11
      2.0810         4.05
      2.0820         4.05
      2.0830         4.04
      2.0840         4.06
      2.0850         4.06
      2.0860         4.13
      2.0870         4.15
      2.0880         4.06
      2.0890         4.08
      2.0900         4.00
      2.0910         3.98
      2.0920         3.98
      2.0930         4.04
      2.0940         4.01
      2.0950         4.10
      2.0960         4.12
      2.0970         4.17
      2.0980         4.20
      2.0990         4.17
      2.1000         4.17
      2.1010         4.23
      2.1020         4.19
      2.1030         4.08
      2.1040         4.09
      2.1050         4.06
      2.1060         4.05
      2.1070         4.05
      2.1080         4.01
      2.1090         4.01
      2.1100         4.02
      2.1110         4.00
      2.1120         4.05
      2.1130         4.01
      2.1140         4.09
      2.1150         4.06
      2.1160         4.09
      2.1170         4.13
      2.1180         4.13
      2.1190         4.24
      2.1200         4.26
      2.1210         4.33
      2.1220         4.36
      2.1230         4.42
      2.1240         4.42
      2.1250         4.44
      2.1260         4.45
      2.1270         4.42
      2.1280         4.44
      2.1290         4.45
      2.1300         4.42
      2.1310         4.42
      2.1320         4.38
      2.1330         4.37
      2.1340         4.22
      2.1350         4.24
      2.1360         4.17
      2.1370         4.10
      2.1380         4.12
      2.1390         4.01
      2.1400         4.01
      2.1410         3.96
      2.1420         4.00
      2.1430         4.01
      2.1440         4.00
      2.1450         4.07
      2.1460         4.04
      2.1470         4.04
      2.1480         4.05
      2.1490         4.13
      2.1500         4.25
      2.1510         4.27
      2.1520         4.29
      2.1530         4.37
      2.1540         4.47
      2.1550         4.49
      2.1560         4.56
      2.1570         4.53
      2.1580         4.48
      2.1590         4.59
      2.1600         4.49
      2.1610         4.40
      2.1620         4.35
      2.1630         4.29
      2.1640         4.31
      2.1650         4.27
      2.1660         4.29
      2.1670         4.25
      2.1680         4.16
      2.1690         4.13
      2.1700         4.12
      2.1710         4.12
      2.1720         4.05
      2.1730         3.95
      2.1740         3.96
      2.1750         3.92
      2.1760         3.93
      2.1770         3.97
      2.1780         4.04
      2.1790         4.00
      2.1800         4.07
      2.1810         4.16
      2.1820         4.13
      2.1830         4.21
      2.1840         4.23
      2.1850         4.19
      2.1860         4.20
      2.1870         4.28
      2.1880         4.33
      2.1890         4.31
      2.1900         4.23
      2.1910         4.27
      2.1920         4.24
      2.1930         4.23
      2.1940         4.15
      2.1950         4.15
      2.1960         4.17
      2.1970         4.15
      2.1980         4.11
      2.1990         4.13
      2.2000         4.12
      2.2010         4.07
      2.2020         4.11
      2.2030         4.09
      2.2040         4.07
      2.2050         4.08
      2.2060         4.12
      2.2070         4.04
      2.2080         4.05
      2.2090         4.04
      2.2100         4.07
      2.2110         4.04
      2.2120         4.11
      2.2130         4.15
      2.2140         4.19
      2.2150         4.20
      2.2160         4.16
      2.2170         4.20
      2.2180         4.16
      2.2190         4.12
      2.2200         4.13
      2.2210         4.15
      2.2220         4.13
      2.2230         4.15
      2.2240         4.16
      2.2250         4.12
      2.2260         4.09
      2.2270         4.05
      2.2280         4.11
      2.2290         4.07
      2.2300         4.09
      2.2310         4.07
      2.2320         4.08
      2.2330         4.13
      2.2340         4.13
      2.2350         4.17
      2.2360         4.21
      2.2370         4.20
      2.2380         4.28
      2.2390         4.32
      2.2400         4.31
      2.2410         4.32
      2.2420         4.33
      2.2430         4.32
      2.2440         4.28
      2.2450         4.29
      2.2460         4.28
      2.2470         4.33
      2.2480         4.28
      2.2490         4.33
      2.2500         4.35
      2.2510         4.41
      2.2520         4.37
      2.2530         4.28
      2.2540         4.28
      2.2550         4.25
      2.2560         4.20
      2.2570         4.19
      2.2580         4.17
      2.2590         4.16
      2.2600         4.20
      2.2610         4.22
      2.2620         4.23
      2.2630         4.24
      2.2640         4.26
      2.2650         4.34
      2.2660         4.35
      2.2670         4.46
      2.2680         4.51
      2.2690         4.50
      2.2700         4.47
      2.2710         4.39
      2.2720         4.48
      2.2730         4.58
      2.2740         4.64
      2.2750         4.63
      2.2760         4.60
      2.2770         4.63
      2.2780         4.59
      2.2790         4.50
      2.2800         4.52
      2.2810         4.46
      2.2820         4.43
      2.2830         4.38
      2.2840         4.34
      2.2850         4.27
      2.2860         4.26
      2.2870         4.19
      2.2880         4.15
      2.2890         4.17
      2.2900         4.12
      2.2910         4.12
      2.2920         4.01
      2.2930         4.03
      2.2940         3.93
      2.2950         3.99
      2.2960         4.03
      2.2970         4.03
      2.2980         4.07
      2.2990         4.05
      2.3000         4.05
      2.3010         4.08
      2.3020         4.08
      2.3030         4.12
      2.3040         4.11
      2.3050         4.15
      2.3060         4.11
      2.3070         4.08
      2.3080         4.01
      2.3090         3.91
      2.3100         3.99
      2.3110         3.95
      2.3120         4.01
      2.3130         4.00
      2.3140         4.08
      2.3150         4.02
      2.3160         3.98
      2.3170         4.00
      2.3180         4.00
      2.3190         4.11
      2.3200         4.08
      2.3210         4.12
      2.3220         4.15
      2.3230         4.19
      2.3240         4.23
      2.3250         4.23
      2.3260         4.28
      2.3270         4.35
      2.3280         4.44
      2.3290         4.54
      2.3300         4.51
      2.3310         4.51
      2.3320         4.50
      2.3330         4.51
      2.3340         4.51
      2.3350         4.56
      2.3360         4.62
      2.3370         4.59
      2.3380         4.54
      2.3390         4.47
      2.3400         4.43
      2.3410         4.46
      2.3420         4.40
      2.3430         4.36
      2.3440         4.40
      2.3450         4.35
      2.3460         4.30
      2.3470         4.20
      2.3480         4.19
      2.3490         4.15
      2.3500         4.16
      2.3510         4.22
      2.3520         4.17
      2.3530         4.16
      2.3540         4.15
      2.3550         4.11
      2.3560         4.04
      2.3570         4.04
      2.3580         4.12
      2.3590         4.17
      2.3600         4.24
      2.3610         4.16
      2.3620         4.17
      2.3630         4.13
      2.3640         4.07
      2.3650         4.08
      2.3660         4.09
      2.3670         4.16
      2.3680         4.08
      2.3690         4.05
      2.3700         4.00
      2.3710         4.03
      2.3720         4.09
      2.3730         4.04
      2.3740         4.05
      2.3750         4.08
      2.3760         4.09
      2.3770         4.09
      2.3780         4.05
      2.3790         4.05
      2.3800         4.04
      2.3810         4.11
      2.3820         4.13
      2.3830         4.20
      2.3840         4.21
      2.3850         4.23
      2.3860         4.20
      2.3870         4.25
      2.3880         4.37
      2.3890         4.39
      2.3900         4.41
      2.3910         4.35
      2.3920         4.28
      2.3930         4.27
      2.3940         4.17
      2.3950         4.15
      2.3960         4.19
      2.3970         4.13
      2.3980         4.13
      2.3990         4.11
      2.4000         4.11
      2.4010         4.07
      2.4020         4.08
      2.4030         4.05
      2.4040         4.08
      2.4050         4.03
      2.4060         4.03
      2.4070         3.93
      2.4080         3.92
      2.4090         4.01
      2.4100         4.05
      2.4110         4.12
      2.4120         4.16
      2.4130         4.20
      2.4140         4.29
      2.4150         4.28
      2.4160         4.27
      2.4170         4.32
      2.4180         4.34
      2.4190         4.27
      2.4200         4.23
      2.4210         4.26
      2.4220         4.19
      2.4230         4.19
      2.4240         4.11
      2.4250         4.16
      2.4260         4.09
      2.4270         4.15
      2.4280         4.09
      2.4290         4.01
      2.4300         3.96
      2.4310         3.95
      2.4320         3.97
      2.4330         3.93
      2.4340         3.91
      2.4350         3.95
      2.4360         3.99
      2.4370         4.01
      2.4380         4.00
      2.4390         4.03
      2.4400         3.99
      2.4410         4.03
      2.4420         4.05
      2.4430         4.07
      2.4440         4.20
      2.4450         4.23
      2.4460         4.39
      2.4470         4.39
      2.4480         4.43
      2.4490         4.46
      2.4500         4.44
      2.4510         4.35
      2.4520         4.27
      2.4530         4.29
      2.4540         4.28
      2.4550         4.23
      2.4560         4.19
      2.4570         4.12
      2.4580         4.15
      2.4590         4.20
      2.4600         4.20
      2.4610         4.12
      2.4620         4.14
      2.4630         4.14
      2.4640         4.04
      2.4650         3.97
      2.4660         3.89
      2.4670         3.91
      2.4680         3.88
      2.4690         3.83
      2.4700         3.88
      2.4710         3.96
      2.4720         4.06
      2.4730         4.07
      2.4740         4.07
      2.4750         4.15
      2.4760         4.16
      2.4770         4.21
      2.4780         4.17
      2.4790         4.09
      2.4800         4.09
      2.4810         4.08
      2.4820         4.05
      2.4830         4.04
      2.4840         4.07
      2.4850         4.01
      2.4860         4.04
      2.4870         4.01
      2.4880         4.04
      2.4890         4.03
      2.4900         3.93
      2.4910         3.93
      2.4920         3.91
      2.4930         3.91
      2.4940         3.95
      2.4950         3.87
      2.4960         3.83
      2.4970         3.87
      2.4980         3.87
      2.4990         3.95
      2.5000         3.99
      2.5010         4.00
      2.5020         4.03
      2.5030         4.04
      2.5040         4.00
      2.5050         4.08
      2.5060         4.02
      2.5070         3.98
      2.5080         3.91
      2.5090         3.97
      2.5100         4.00
      2.5110         4.02
      2.5120         3.99
      2.5130         3.92
      2.5140         3.87
      2.5150         3.95
      2.5160         3.99
      2.5170         3.88
      2.5180         3.81
      2.5190         3.80
      2.5200         3.79
      2.5210         3.82
      2.5220         3.79
      2.5230         3.75
      2.5240         3.84
      2.5250         3.91
      2.5260         4.00
      2.5270         4.00
      2.5280         4.10
      2.5290         4.04
      2.5300         4.12
      2.5310         4.16
      2.5320         4.19
      2.5330         4.26
      2.5340         4.27
      2.5350         4.22
      2.5360         4.22
      2.5370         4.31
      2.5380         4.40
      2.5390         4.38
      2.5400         4.40
      2.5410         4.38
      2.5420         4.39
      2.5430         4.46
      2.5440         4.43
      2.5450         4.30
      2.5460         4.24
      2.5470         4.19
      2.5480         4.19
      2.5490         4.22
      2.5500         4.27
      2.5510         4.23
      2.5520         4.19
      2.5530         4.12
      2.5540         4.16
      2.5550         4.19
      2.5560         4.14
      2.5570         4.06
      2.5580         4.07
      2.5590         4.12
      2.5600         4.10
      2.5610         4.15
      2.5620         4.15
      2.5630         4.18
      2.5640         4.15
      2.5650         4.24
      2.5660         4.27
      2.5670         4.42
      2.5680         4.34
      2.5690         4.32
      2.5700         4.24
      2.5710         4.20
      2.5720         4.23
      2.5730         4.34
      2.5740         4.26
      2.5750         4.27
      2.5760         4.35
      2.5770         4.46
      2.5780         4.43
      2.5790         4.40
      2.5800         4.44
      2.5810         4.36
      2.5820         4.38
      2.5830         4.34
      2.5840         4.32
      2.5850         4.30
      2.5860         4.28
      2.5870         4.26
      2.5880         4.31
      2.5890         4.30
      2.5900         4.30
      2.5910         4.40
      2.5920         4.39
      2.5930         4.34
      2.5940         4.39
      2.5950         4.32
      2.5960         4.24
      2.5970         4.10
      2.5980         4.11
      2.5990         4.08
      2.6000         4.08
      2.6010         4.12
      2.6020         4.12
      2.6030         4.07
      2.6040         4.04
      2.6050         4.00
      2.6060         3.99
      2.6070         3.91
      2.6080         3.87
      2.6090         3.93
      2.6100         3.84
      2.6110         3.73
      2.6120         3.75
      2.6130         3.80
      2.6140         3.83
      2.6150         3.92
      2.6160         4.04
      2.6170         4.06
      2.6180         4.06
      2.6190         4.10
      2.6200         4.04
      2.6210         4.03
      2.6220         3.97
      2.6230         3.99
      2.6240         4.03
      2.6250         4.04
      2.6260         4.11
      2.6270         4.20
      2.6280         4.24
      2.6290         4.19
      2.6300         4.27
      2.6310         4.24
      2.6320         4.16
      2.6330         4.13
      2.6340         4.08
      2.6350         4.03
      2.6360         3.91
      2.6370         4.03
      2.6380         4.04
      2.6390         4.03
      2.6400         4.11
      2.6410         4.15
      2.6420         4.23
      2.6430         4.31
      2.6440         4.30
      2.6450         4.39
      2.6460         4.38
      2.6470         4.34
      2.6480         4.32
      2.6490         4.27
      2.6500         4.26
      2.6510         4.34
      2.6520         4.40
      2.6530         4.39
      2.6540         4.48
      2.6550         4.46
      2.6560         4.47
      2.6570         4.38
      2.6580         4.35
      2.6590         4.31
      2.6600         4.24
      2.6610         4.22
      2.6620         4.23
      2.6630         4.18
      2.6640         4.19
      2.6650         4.15
      2.6660         4.11
      2.6670         4.10
      2.6680         4.10
      2.6690         4.12
      2.6700         4.14
      2.6710         4.18
      2.6720         4.19
      2.6730         4.15
      2.6740         4.08
      2.6750         4.14
      2.6760         4.19
      2.6770         4.26
      2.6780         4.26
      2.6790         4.31
      2.6800         4.34
      2.6810         4.36
      2.6820         4.30
      2.6830         4.26
      2.6840         4.24
      2.6850         4.19
      2.6860         4.16
      2.6870         4.12
      2.6880         4.12
      2.6890         4.16
      2.6900         4.19
      2.6910         4.08
      2.6920         4.04
      2.6930         4.07
      2.6940         4.10
      2.6950         4.08
      2.6960         4.06
      2.6970         3.98
      2.6980         3.99
      2.6990         4.00
      2.7000         4.06
      2.7010         4.02
      2.7020         4.02
      2.7030         4.06
      2.7040         4.04
      2.7050         4.09
      2.7060         4.20
      2.7070         4.30
      2.7080         4.26
      2.7090         4.28
      2.7100         4.25
      2.7110         4.35
      2.7120         4.39
      2.7130         4.35
      2.7140         4.31
      2.7150         4.27
      2.7160         4.27
      2.7170         4.31
      2.7180         4.27
      2.7190         4.24
      2.7200         4.13
      2.7210         4.11
      2.7220         4.11
      2.7230         4.13
      2.7240         4.18
      2.7250         4.16
      2.7260         4.12
      2.7270         4.06
      2.7280         4.08
      2.7290         4.00
      2.7300         4.01
      2.7310         3.99
      2.7320         3.97
      2.7330         4.00
      2.7340         4.08
      2.7350         4.13
      2.7360         4.12
      2.7370         4.13
      2.7380         4.19
      2.7390         4.21
      2.7400         4.24
      2.7410         4.21
      2.7420         4.25
      2.7430         4.28
      2.7440         4.25
      2.7450         4.24
      2.7460         4.15
      2.7470         4.24
      2.7480         4.29
      2.7490         4.35
      2.7500         4.34
      2.7510         4.31
      2.7520         4.30
      2.7530         4.30
      2.7540         4.27
      2.7550         4.18
      2.7560         4.18
      2.7570         4.19
      2.7580         4.14
      2.7590         4.07
      2.7600         4.08
      2.7610         4.14
      2.7620         4.10
      2.7630         4.06
      2.7640         4.03
      2.7650         4.12
      2.7660         4.22
      2.7670         4.14
      2.7680         4.04
      2.7690         4.04
      2.7700         4.04
      2.7710         4.07
      2.7720         4.11
      2.7730         4.17
      2.7740         4.16
      2.7750         4.23
      2.7760         4.24
      2.7770         4.25
      2.7780         4.24
      2.7790         4.28
      2.7800         4.31
      2.7810         4.33
      2.7820         4.31
      2.7830         4.25
      2.7840         4.25
      2.7850         4.13
      2.7860         4.12
      2.7870         4.12
      2.7880         4.16
      2.7890         4.12
      2.7900         4.07
      2.7910         4.09
      2.7920         4.07
      2.7930         4.01
      2.7940         4.01
      2.7950         4.01
      2.7960         4.01
      2.7970         3.99
      2.7980         4.03
      2.7990         4.07
