        Time   Palpation Force
      0.0000         1.00
      0.0010         1.00
      0.0020         1.00
      0.0030         1.00
      0.0040         1.14
      0.0050         1.34
      0.0060         1.63
      0.0070         1.83
      0.0080         1.99
      0.0090         2.24
      0.0100         2.38
      0.0110         2.58
      0.0120         2.85
      0.0130         3.08
      0.0140         3.31
      0.0150         3.48
      0.0160         3.74
      0.0170         3.93
      0.0180         4.13
      0.0190         4.40
      0.0200         4.37
      0.0210         4.38
      0.0220         4.33
      0.0230         4.30
      0.0240         4.25
      0.0250         4.26
      0.0260         4.17
      0.0270         4.20
      0.0280         4.30
      0.0290         4.30
      0.0300         4.36
      0.0310         4.38
      0.0320         4.36
      0.0330         4.30
      0.0340         4.29
      0.0350         4.33
      0.0360         4.36
      0.0370         4.42
      0.0380         4.45
      0.0390         4.45
      0.0400         4.48
      0.0410         4.45
      0.0420         4.52
      0.0430         4.50
      0.0440         4.51
      0.0450         4.52
      0.0460         4.52
      0.0470         4.53
      0.0480         4.45
      0.0490         4.36
      0.0500         4.43
      0.0510         4.40
      0.0520         4.37
      0.0530         4.53
      0.0540         4.57
      0.0550         4.61
      0.0560         4.59
      0.0570         4.53
      0.0580         4.61
      0.0590         4.59
      0.0600         4.61
      0.0610         4.65
      0.0620         4.67
      0.0630         4.69
      0.0640         4.69
      0.0650         4.67
      0.0660         4.73
      0.0670         4.76
      0.0680         4.80
      0.0690         4.81
      0.0700         4.83
      0.0710         4.77
      0.0720         4.83
      0.0730         4.72
      0.0740         4.68
      0.0750         4.65
      0.0760         4.71
      0.0770         4.83
      0.0780         4.79
      0.0790         4.76
      0.0800         4.76
      0.0810         4.72
      0.0820         4.79
      0.0830         4.81
      0.0840         4.87
      0.0850         4.89
      0.0860         4.91
      0.0870         4.89
      0.0880         4.91
      0.0890         4.96
      0.0900         4.91
      0.0910         5.00
      0.0920         4.97
      0.0930         4.91
      0.0940         4.96
      0.0950         4.88
      0.0960         4.83
      0.0970         4.65
      0.0980         4.53
      0.0990         4.53
      0.1000         4.48
      0.1010         4.56
      0.1020         4.41
      0.1030         4.33
      0.1040         4.25
      0.1050         4.18
      0.1060         4.13
      0.1070         4.06
      0.1080         4.05
      0.1090         4.11
      0.1100         4.17
      0.1110         4.16
      0.1120         4.17
      0.1130         4.32
      0.1140         4.33
      0.1150         4.43
      0.1160         4.37
      0.1170         4.47
      0.1180         4.56
      0.1190         4.60
      0.1200         4.63
      0.1210         4.48
      0.1220         4.55
      0.1230         4.59
      0.1240         4.64
      0.1250         4.67
      0.1260         4.59
      0.1270         4.65
      0.1280         4.61
      0.1290         4.55
      0.1300         4.52
      0.1310         4.48
      0.1320         4.53
      0.1330         4.46
      0.1340         4.41
      0.1350         4.40
      0.1360         4.44
      0.1370         4.55
      0.1380         4.63
      0.1390         4.60
      0.1400         4.68
      0.1410         4.81
      0.1420         4.79
      0.1430         4.87
      0.1440         4.96
      0.1450         4.96
      0.1460         5.09
      0.1470         5.07
      0.1480         5.12
      0.1490         5.07
      0.1500         5.09
      0.1510         5.13
      0.1520         4.99
      0.1530         4.93
      0.1540         4.91
      0.1550         4.89
      0.1560         4.88
      0.1570         4.75
      0.1580         4.65
      0.1590         4.65
      0.1600         4.61
      0.1610         4.55
      0.1620         4.53
      0.1630         4.44
      0.1640         4.37
      0.1650         4.40
      0.1660         4.40
      0.1670         4.36
      0.1680         4.33
      0.1690         4.44
      0.1700         4.30
      0.1710         4.32
      0.1720         4.41
      0.1730         4.52
      0.1740         4.56
      0.1750         4.57
      0.1760         4.54
      0.1770         4.56
      0.1780         4.50
      0.1790         4.53
      0.1800         4.42
      0.1810         4.37
      0.1820         4.44
      0.1830         4.46
      0.1840         4.42
      0.1850         4.45
      0.1860         4.38
      0.1870         4.42
      0.1880         4.44
      0.1890         4.45
      0.1900         4.45
      0.1910         4.43
      0.1920         4.39
      0.1930         4.36
      0.1940         4.35
      0.1950         4.33
      0.1960         4.36
      0.1970         4.40
      0.1980         4.47
      0.1990         4.49
      0.2000         4.60
      0.2010         4.60
      0.2020         4.53
      0.2030         4.53
      0.2040         4.61
      0.2050         4.57
      0.2060         4.64
      0.2070         4.71
      0.2080         4.75
      0.2090         4.64
      0.2100         4.71
      0.2110         4.68
      0.2120         4.73
      0.2130         4.69
      0.2140         4.66
      0.2150         4.64
      0.2160         4.62
      0.2170         4.69
      0.2180         4.70
      0.2190         4.65
      0.2200         4.62
      0.2210         4.65
      0.2220         4.68
      0.2230         4.62
      0.2240         4.58
      0.2250         4.65
      0.2260         4.60
      0.2270         4.56
      0.2280         4.52
      0.2290         4.56
      0.2300         4.70
      0.2310         4.77
      0.2320         4.74
      0.2330         4.69
      0.2340         4.76
      0.2350         4.81
      0.2360         4.82
      0.2370         4.74
      0.2380         4.70
      0.2390         4.72
      0.2400         4.77
      0.2410         4.84
      0.2420         4.84
      0.2430         4.86
      0.2440         4.88
      0.2450         4.76
      0.2460         4.74
      0.2470         4.72
      0.2480         4.74
      0.2490         4.76
      0.2500         4.66
      0.2510         4.73
      0.2520         4.73
      0.2530         4.77
      0.2540         4.69
      0.2550         4.68
      0.2560         4.68
      0.2570         4.58
      0.2580         4.60
      0.2590         4.64
      0.2600         4.64
      0.2610         4.62
      0.2620         4.66
      0.2630         4.74
      0.2640         4.70
      0.2650         4.77
      0.2660         4.82
      0.2670         4.81
      0.2680         4.77
      0.2690         4.82
      0.2700         4.80
      0.2710         4.66
      0.2720         4.60
      0.2730         4.58
      0.2740         4.61
      0.2750         4.64
      0.2760         4.54
      0.2770         4.57
      0.2780         4.57
      0.2790         4.56
      0.2800         4.52
      0.2810         4.53
      0.2820         4.53
      0.2830         4.52
      0.2840         4.48
      0.2850         4.56
      0.2860         4.48
      0.2870         4.49
      0.2880         4.52
      0.2890         4.52
      0.2900         4.57
      0.2910         4.67
      0.2920         4.72
      0.2930         4.77
      0.2940         4.77
      0.2950         4.77
      0.2960         4.88
      0.2970         4.87
      0.2980         4.84
      0.2990         4.85
      0.3000         4.81
      0.3010         4.83
      0.3020         4.81
      0.3030         4.79
      0.3040         4.76
      0.3050         4.72
      0.3060         4.81
      0.3070         4.84
      0.3080         4.76
      0.3090         4.77
      0.3100         4.75
      0.3110         4.61
      0.3120         4.68
      0.3130         4.71
      0.3140         4.73
      0.3150         4.73
      0.3160         4.84
      0.3170         4.93
      0.3180         4.95
      0.3190         4.89
      0.3200         4.99
      0.3210         4.95
      0.3220         4.93
      0.3230         4.97
      0.3240         5.11
      0.3250         5.12
      0.3260         5.05
      0.3270         5.03
      0.3280         5.05
      0.3290         5.01
      0.3300         5.01
      0.3310         5.07
      0.3320         4.97
      0.3330         4.96
      0.3340         4.96
      0.3350         4.95
      0.3360         4.80
      0.3370         4.76
      0.3380         4.75
      0.3390         4.75
      0.3400         4.69
      0.3410         4.69
      0.3420         4.72
      0.3430         4.67
      0.3440         4.65
      0.3450         4.67
      0.3460         4.72
      0.3470         4.73
      0.3480         4.75
      0.3490         4.77
      0.3500         4.76
      0.3510         4.75
      0.3520         4.79
      0.3530         4.73
      0.3540         4.73
      0.3550         4.68
      0.3560         4.64
      0.3570         4.68
      0.3580         4.69
      0.3590         4.63
      0.3600         4.65
      0.3610         4.65
      0.3620         4.65
      0.3630         4.55
      0.3640         4.49
      0.3650         4.47
      0.3660         4.44
      0.3670         4.48
      0.3680         4.49
      0.3690         4.43
      0.3700         4.43
      0.3710         4.56
      0.3720         4.53
      0.3730         4.60
      0.3740         4.61
      0.3750         4.65
      0.3760         4.76
      0.3770         4.71
      0.3780         4.77
      0.3790         4.87
      0.3800         4.88
      0.3810         4.91
      0.3820         4.83
      0.3830         4.92
      0.3840         4.88
      0.3850         4.89
      0.3860         4.91
      0.3870         4.84
      0.3880         4.86
      0.3890         4.77
      0.3900         4.77
      0.3910         4.66
      0.3920         4.61
      0.3930         4.53
      0.3940         4.52
      0.3950         4.52
      0.3960         4.53
      0.3970         4.54
      0.3980         4.53
      0.3990         4.56
      0.4000         4.56
      0.4010         4.52
      0.4020         4.53
      0.4030         4.56
      0.4040         4.59
      0.4050         4.56
      0.4060         4.57
      0.4070         4.61
      0.4080         4.64
      0.4090         4.81
      0.4100         4.84
      0.4110         4.88
      0.4120         4.95
      0.4130         5.01
      0.4140         5.07
      0.4150         5.08
      0.4160         5.08
      0.4170         5.04
      0.4180         5.01
      0.4190         4.95
      0.4200         4.88
      0.4210         4.87
      0.4220         4.92
      0.4230         4.88
      0.4240         4.93
      0.4250         4.93
      0.4260         4.96
      0.4270         4.89
      0.4280         4.87
      0.4290         4.91
      0.4300         4.87
      0.4310         4.79
      0.4320         4.87
      0.4330         4.92
      0.4340         4.88
      0.4350         4.83
      0.4360         4.76
      0.4370         4.80
      0.4380         4.76
      0.4390         4.78
      0.4400         4.81
      0.4410         4.85
      0.4420         4.88
      0.4430         4.93
      0.4440         4.89
      0.4450         4.80
      0.4460         4.74
      0.4470         4.84
      0.4480         4.80
      0.4490         4.61
      0.4500         4.57
      0.4510         4.64
      0.4520         4.52
      0.4530         4.38
      0.4540         4.34
      0.4550         4.37
      0.4560         4.46
      0.4570         4.48
      0.4580         4.48
      0.4590         4.44
      0.4600         4.48
      0.4610         4.50
      0.4620         4.56
      0.4630         4.56
      0.4640         4.60
      0.4650         4.73
      0.4660         4.84
      0.4670         4.81
      0.4680         4.88
      0.4690         5.01
      0.4700         5.09
      0.4710         5.09
      0.4720         5.14
      0.4730         5.30
      0.4740         5.37
      0.4750         5.44
      0.4760         5.37
      0.4770         5.36
      0.4780         5.45
      0.4790         5.49
      0.4800         5.42
      0.4810         5.40
      0.4820         5.33
      0.4830         5.33
      0.4840         5.36
      0.4850         5.28
      0.4860         5.25
      0.4870         5.25
      0.4880         5.24
      0.4890         5.26
      0.4900         5.29
      0.4910         5.32
      0.4920         5.41
      0.4930         5.34
      0.4940         5.37
      0.4950         5.30
      0.4960         5.28
      0.4970         5.28
      0.4980         5.28
      0.4990         5.22
      0.5000         5.24
      0.5010         5.22
      0.5020         5.24
      0.5030         5.26
      0.5040         5.22
      0.5050         5.21
      0.5060         5.13
      0.5070         5.06
      0.5080         5.04
      0.5090         5.06
      0.5100         5.02
      0.5110         4.97
      0.5120         4.85
      0.5130         4.82
      0.5140         4.80
      0.5150         4.84
      0.5160         4.89
      0.5170         4.92
      0.5180         4.84
      0.5190         5.01
      0.5200         5.02
      0.5210         5.08
      0.5220         5.04
      0.5230         5.05
      0.5240         5.09
      0.5250         5.22
      0.5260         5.34
      0.5270         5.48
      0.5280         6.04
      0.5290         6.04
      0.5300         6.13
      0.5310         6.20
      0.5320         6.20
      0.5330         6.28
      0.5340         6.20
      0.5350         6.20
      0.5360         6.17
      0.5370         5.69
      0.5380         5.70
      0.5390         5.54
      0.5400         5.60
      0.5410         5.52
      0.5420         5.55
      0.5430         5.55
      0.5440         5.53
      0.5450         5.53
      0.5460         5.49
      0.5470         5.45
      0.5480         6.04
      0.5490         5.97
      0.5500         6.05
      0.5510         6.09
      0.5520         6.09
      0.5530         6.04
      0.5540         6.21
      0.5550         6.22
      0.5560         6.28
      0.5570         6.29
      0.5580         6.37
      0.5590         6.42
      0.5600         6.39
      0.5610         6.50
      0.5620         6.58
      0.5630         6.50
      0.5640         6.54
      0.5650         6.50
      0.5660         6.44
      0.5670         6.45
      0.5680         6.42
      0.5690         6.49
      0.5700         6.32
      0.5710         6.22
      0.5720         6.30
      0.5730         6.42
      0.5740         6.42
      0.5750         6.50
      0.5760         6.56
      0.5770         6.61
      0.5780         6.56
      0.5790         6.77
      0.5800         6.80
      0.5810         6.81
      0.5820         6.84
      0.5830         6.90
      0.5840         6.90
      0.5850         6.93
      0.5860         7.01
      0.5870         7.05
      0.5880         7.00
      0.5890         7.02
      0.5900         7.10
      0.5910         7.14
      0.5920         7.10
      0.5930         6.91
      0.5940         6.85
      0.5950         6.83
      0.5960         6.75
      0.5970         6.78
      0.5980         6.82
      0.5990         6.69
      0.6000         6.72
      0.6010         6.78
      0.6020         6.76
      0.6030         6.73
      0.6040         6.74
      0.6050         6.73
      0.6060         6.75
      0.6070         6.81
      0.6080         6.82
      0.6090         6.95
      0.6100         7.13
      0.6110         7.25
      0.6120         7.27
      0.6130         7.46
      0.6140         7.62
      0.6150         7.65
      0.6160         7.81
      0.6170         7.83
      0.6180         7.95
      0.6190         7.99
      0.6200         8.05
      0.6210         8.02
      0.6220         8.03
      0.6230         8.13
      0.6240         8.11
      0.6250         8.10
      0.6260         8.03
      0.6270         7.94
      0.6280         8.01
      0.6290         7.90
      0.6300         7.82
      0.6310         7.85
      0.6320         8.00
      0.6330         7.97
      0.6340         7.96
      0.6350         7.94
      0.6360         7.89
      0.6370         7.92
      0.6380         7.98
      0.6390         8.07
      0.6400         8.14
      0.6410         8.26
      0.6420         8.33
      0.6430         8.38
      0.6440         8.46
      0.6450         8.50
      0.6460         8.57
      0.6470         8.65
      0.6480         8.73
      0.6490         8.69
      0.6500         8.67
      0.6510         8.59
      0.6520         8.54
      0.6530         8.51
      0.6540         8.46
      0.6550         8.46
      0.6560         8.47
      0.6570         8.53
      0.6580         8.46
      0.6590         8.41
      0.6600         8.42
      0.6610         8.37
      0.6620         8.38
      0.6630         8.34
      0.6640         8.27
      0.6650         8.42
      0.6660         8.51
      0.6670         8.55
      0.6680         8.49
      0.6690         8.66
      0.6700         8.81
      0.6710         8.83
      0.6720         8.89
      0.6730         8.97
      0.6740         8.97
      0.6750         9.06
      0.6760         9.14
      0.6770         9.13
      0.6780         9.11
      0.6790         9.17
      0.6800         9.07
      0.6810         9.07
      0.6820         9.02
      0.6830         9.06
      0.6840         9.58
      0.6850         9.48
      0.6860         9.49
      0.6870         9.44
      0.6880         9.51
      0.6890         9.55
      0.6900         9.49
      0.6910         9.48
      0.6920         9.46
      0.6930         9.49
      0.6940         9.57
      0.6950         9.15
      0.6960         9.19
      0.6970         9.22
      0.6980         9.26
      0.6990         9.33
      0.7000         9.42
      0.7010         9.46
      0.7020         9.57
      0.7030         9.62
      0.7040         9.75
      0.7050         9.83
      0.7060         9.86
      0.7070         9.94
      0.7080        10.01
      0.7090         9.90
      0.7100         9.91
      0.7110         9.95
      0.7120         9.91
      0.7130         9.82
      0.7140         9.86
      0.7150         9.67
      0.7160         9.57
      0.7170         9.65
      0.7180         9.65
      0.7190         9.54
      0.7200         9.52
      0.7210         9.54
      0.7220         9.57
      0.7230         9.61
      0.7240         9.64
      0.7250         9.68
      0.7260         9.72
      0.7270         9.77
      0.7280         9.76
      0.7290         9.82
      0.7300         9.96
      0.7310        10.04
      0.7320        10.12
      0.7330        10.17
      0.7340        10.14
      0.7350        10.18
      0.7360        10.21
      0.7370        10.68
      0.7380        10.73
      0.7390        10.87
      0.7400        11.01
      0.7410        11.01
      0.7420        10.91
      0.7430        10.81
      0.7440        10.80
      0.7450        10.85
      0.7460        10.85
      0.7470        10.85
      0.7480        10.84
      0.7490        10.84
      0.7500        10.89
      0.7510        10.84
      0.7520        10.88
      0.7530        10.92
      0.7540        10.97
      0.7550        11.12
      0.7560        11.20
      0.7570        10.75
      0.7580        11.42
      0.7590        11.47
      0.7600        11.44
      0.7610        11.01
      0.7620        11.57
      0.7630        11.68
      0.7640        11.74
      0.7650        11.22
      0.7660        11.74
      0.7670        11.24
      0.7680        11.78
      0.7690        11.66
      0.7700        11.54
      0.7710        11.46
      0.7720        11.44
      0.7730        11.38
      0.7740        11.32
      0.7750        11.33
      0.7760        11.28
      0.7770        11.27
      0.7780        11.16
      0.7790        10.65
      0.7800        10.59
      0.7810        10.59
      0.7820        10.63
      0.7830        10.69
      0.7840        10.70
      0.7850        10.75
      0.7860        10.89
      0.7870        11.46
      0.7880        10.99
      0.7890        11.18
      0.7900        11.25
      0.7910        11.82
      0.7920        11.90
      0.7930        12.04
      0.7940        12.17
      0.7950        12.10
      0.7960        12.21
      0.7970        12.28
      0.7980        12.29
      0.7990        12.31
      0.8000        12.40
      0.8010        12.44
      0.8020        12.47
      0.8030        12.52
      0.8040        12.40
      0.8050        12.36
      0.8060        12.38
      0.8070        12.40
      0.8080        12.54
      0.8090        12.58
      0.8100        12.71
      0.8110        12.76
      0.8120        12.75
      0.8130        12.87
      0.8140        12.92
      0.8150        12.96
      0.8160        13.11
      0.8170        13.16
      0.8180        13.22
      0.8190        13.28
      0.8200        13.32
      0.8210        13.36
      0.8220        13.38
      0.8230        13.40
      0.8240        13.60
      0.8250        13.58
      0.8260        13.53
      0.8270        13.54
      0.8280        13.46
      0.8290        13.59
      0.8300        13.43
      0.8310        13.43
      0.8320        13.37
      0.8330        13.32
      0.8340        13.19
      0.8350        13.20
      0.8360        13.03
      0.8370        13.07
      0.8380        13.01
      0.8390        13.19
      0.8400        13.18
      0.8410        13.24
      0.8420        13.26
      0.8430        13.33
      0.8440        13.28
      0.8450        13.40
      0.8460        13.48
      0.8470        13.46
      0.8480        13.50
      0.8490        13.48
      0.8500        13.66
      0.8510        13.76
      0.8520        13.88
      0.8530        13.80
      0.8540        13.92
      0.8550        13.97
      0.8560        13.96
      0.8570        13.93
      0.8580        14.01
      0.8590        13.89
      0.8600        13.93
      0.8610        13.92
      0.8620        13.94
      0.8630        13.86
      0.8640        13.79
      0.8650        13.79
      0.8660        13.81
      0.8670        13.81
      0.8680        13.85
      0.8690        13.80
      0.8700        13.78
      0.8710        13.84
      0.8720        13.84
      0.8730        13.92
      0.8740        13.90
      0.8750        14.02
      0.8760        14.18
      0.8770        14.26
      0.8780        14.26
      0.8790        14.32
      0.8800        14.33
      0.8810        14.29
      0.8820        14.44
      0.8830        14.41
      0.8840        14.46
      0.8850        14.48
      0.8860        14.47
      0.8870        14.37
      0.8880        14.46
      0.8890        14.40
      0.8900        14.28
      0.8910        14.19
      0.8920        14.18
      0.8930        14.23
      0.8940        14.29
      0.8950        14.11
      0.8960        14.06
      0.8970        13.95
      0.8980        14.08
      0.8990        14.10
      0.9000        14.11
      0.9010        14.22
      0.9020        14.15
      0.9030        14.35
      0.9040        14.48
      0.9050        14.56
      0.9060        14.61
      0.9070        14.72
      0.9080        14.76
      0.9090        14.89
      0.9100        14.99
      0.9110        15.07
      0.9120        15.01
      0.9130        15.00
      0.9140        14.97
      0.9150        15.12
      0.9160        14.99
      0.9170        15.03
      0.9180        14.86
      0.9190        14.88
      0.9200        14.80
      0.9210        14.82
      0.9220        14.78
      0.9230        14.71
      0.9240        14.71
      0.9250        14.66
      0.9260        14.67
      0.9270        14.82
      0.9280        14.74
      0.9290        14.77
      0.9300        14.79
      0.9310        14.83
      0.9320        14.96
      0.9330        14.96
      0.9340        14.89
      0.9350        15.00
      0.9360        15.16
      0.9370        15.17
      0.9380        15.24
      0.9390        15.25
      0.9400        15.48
      0.9410        15.49
      0.9420        15.55
      0.9430        15.48
      0.9440        15.46
      0.9450        15.50
      0.9460        15.51
      0.9470        15.39
      0.9480        15.49
      0.9490        15.42
      0.9500        15.43
      0.9510        15.37
      0.9520        15.38
      0.9530        15.42
      0.9540        15.47
      0.9550        15.37
      0.9560        15.47
      0.9570        15.61
      0.9580        15.73
      0.9590        15.70
      0.9600        15.62
      0.9610        15.55
      0.9620        15.62
      0.9630        15.70
      0.9640        15.75
      0.9650        15.72
      0.9660        15.76
      0.9670        15.89
      0.9680        15.80
      0.9690        15.83
      0.9700        15.88
      0.9710        15.91
      0.9720        15.92
      0.9730        16.01
      0.9740        15.97
      0.9750        15.98
      0.9760        15.87
      0.9770        15.75
      0.9780        15.67
      0.9790        15.73
      0.9800        15.65
      0.9810        15.57
      0.9820        15.58
      0.9830        15.59
      0.9840        15.58
      0.9850        15.58
      0.9860        15.54
      0.9870        15.54
      0.9880        15.64
      0.9890        15.67
      0.9900        15.63
      0.9910        15.70
      0.9920        15.69
      0.9930        15.68
      0.9940        15.68
      0.9950        15.77
      0.9960        15.81
      0.9970        15.86
      0.9980        15.87
      0.9990        15.83
      1.0000        15.84
      1.0010        15.99
      1.0020        15.92
      1.0030        15.79
      1.0040        15.67
      1.0050        15.70
      1.0060        15.71
      1.0070        15.67
      1.0080        15.53
      1.0090        15.51
      1.0100        15.54
      1.0110        15.56
      1.0120        15.56
      1.0130        15.48
      1.0140        15.52
      1.0150        15.43
      1.0160        15.43
      1.0170        15.48
      1.0180        15.47
      1.0190        15.55
      1.0200        15.56
      1.0210        15.62
      1.0220        15.70
      1.0230        15.81
      1.0240        15.88
      1.0250        15.97
      1.0260        15.94
      1.0270        15.99
      1.0280        16.09
      1.0290        16.13
      1.0300        16.15
      1.0310        16.02
      1.0320        16.05
      1.0330        16.00
      1.0340        15.97
      1.0350        15.97
      1.0360        15.99
      1.0370        15.92
      1.0380        15.87
      1.0390        15.81
      1.0400        15.93
      1.0410        15.93
      1.0420        15.97
      1.0430        15.92
      1.0440        15.89
      1.0450        15.76
      1.0460        15.88
      1.0470        15.87
      1.0480        15.88
      1.0490        15.95
      1.0500        15.93
      1.0510        16.09
      1.0520        16.02
      1.0530        16.13
      1.0540        16.30
      1.0550        16.28
      1.0560        16.23
      1.0570        16.29
      1.0580        16.37
      1.0590        16.27
      1.0600        16.15
      1.0610        15.96
      1.0620        15.81
      1.0630        15.84
      1.0640        15.92
      1.0650        16.01
      1.0660        15.87
      1.0670        15.79
      1.0680        15.73
      1.0690        15.64
      1.0700        15.67
      1.0710        15.55
      1.0720        15.59
      1.0730        15.63
      1.0740        15.60
      1.0750        15.65
      1.0760        15.78
      1.0770        15.73
      1.0780        15.85
      1.0790        15.89
      1.0800        15.94
      1.0810        16.04
      1.0820        16.10
      1.0830        16.16
      1.0840        16.08
      1.0850        16.06
      1.0860        16.10
      1.0870        16.16
      1.0880        16.17
      1.0890        16.18
      1.0900        16.08
      1.0910        16.05
      1.0920        16.01
      1.0930        15.89
      1.0940        15.79
      1.0950        15.80
      1.0960        15.72
      1.0970        15.63
      1.0980        15.47
      1.0990        15.45
      1.1000        15.39
      1.1010        15.48
      1.1020        15.46
      1.1030        15.50
      1.1040        15.54
      1.1050        15.48
      1.1060        15.57
      1.1070        15.64
      1.1080        15.62
      1.1090        15.57
      1.1100        15.70
      1.1110        15.74
      1.1120        15.86
      1.1130        15.94
      1.1140        16.03
      1.1150        15.98
      1.1160        16.02
      1.1170        16.16
      1.1180        16.08
      1.1190        16.13
      1.1200        16.21
      1.1210        16.23
      1.1220        16.27
      1.1230        16.11
      1.1240        16.09
      1.1250        16.01
      1.1260        15.92
      1.1270        15.84
      1.1280        15.80
      1.1290        15.88
      1.1300        15.85
      1.1310        15.85
      1.1320        15.81
      1.1330        15.73
      1.1340        15.69
      1.1350        15.80
      1.1360        15.89
      1.1370        15.86
      1.1380        15.96
      1.1390        15.95
      1.1400        15.96
      1.1410        15.90
      1.1420        15.90
      1.1430        16.05
      1.1440        16.09
      1.1450        16.22
      1.1460        16.25
      1.1470        16.33
      1.1480        16.32
      1.1490        16.31
      1.1500        16.21
      1.1510        16.19
      1.1520        16.11
      1.1530        16.16
      1.1540        16.23
      1.1550        16.08
      1.1560        15.95
      1.1570        15.95
      1.1580        15.92
      1.1590        15.87
      1.1600        15.80
      1.1610        15.73
      1.1620        15.66
      1.1630        15.62
      1.1640        15.65
      1.1650        15.70
      1.1660        15.78
      1.1670        15.73
      1.1680        15.85
      1.1690        15.85
      1.1700        16.03
      1.1710        15.98
      1.1720        16.04
      1.1730        16.06
      1.1740        15.98
      1.1750        16.08
      1.1760        15.93
      1.1770        15.84
      1.1780        15.85
      1.1790        15.89
      1.1800        15.80
      1.1810        15.76
      1.1820        15.84
      1.1830        15.87
      1.1840        15.77
      1.1850        15.71
      1.1860        15.55
      1.1870        15.49
      1.1880        15.41
      1.1890        15.43
      1.1900        15.24
      1.1910        15.41
      1.1920        15.36
      1.1930        15.34
      1.1940        15.32
      1.1950        15.29
      1.1960        15.48
      1.1970        15.56
      1.1980        15.61
      1.1990        15.69
      1.2000        15.73
      1.2010        15.78
      1.2020        15.75
      1.2030        15.71
      1.2040        15.73
      1.2050        15.61
      1.2060        15.73
      1.2070        15.70
      1.2080        15.64
      1.2090        15.66
      1.2100        15.76
      1.2110        15.70
      1.2120        15.72
      1.2130        15.72
      1.2140        15.66
      1.2150        15.64
      1.2160        15.65
      1.2170        15.76
      1.2180        15.68
      1.2190        15.59
      1.2200        15.68
      1.2210        15.68
      1.2220        15.69
      1.2230        15.72
      1.2240        15.84
      1.2250        15.99
      1.2260        15.96
      1.2270        16.06
      1.2280        16.12
      1.2290        16.01
      1.2300        15.96
      1.2310        15.89
      1.2320        15.82
      1.2330        15.89
      1.2340        15.94
      1.2350        15.93
      1.2360        15.81
      1.2370        15.66
      1.2380        15.69
      1.2390        15.66
      1.2400        15.57
      1.2410        15.51
      1.2420        15.36
      1.2430        15.33
      1.2440        15.16
      1.2450        15.07
      1.2460        14.96
      1.2470        14.84
      1.2480        14.90
      1.2490        14.90
      1.2500        14.89
      1.2510        14.88
      1.2520        14.97
      1.2530        14.98
      1.2540        14.92
      1.2550        14.90
      1.2560        14.99
      1.2570        14.97
      1.2580        15.09
      1.2590        15.06
      1.2600        15.02
      1.2610        15.11
      1.2620        15.27
      1.2630        15.30
      1.2640        15.38
      1.2650        15.45
      1.2660        15.42
      1.2670        15.42
      1.2680        15.34
      1.2690        15.29
      1.2700        15.36
      1.2710        15.36
      1.2720        15.44
      1.2730        15.28
      1.2740        15.31
      1.2750        15.37
      1.2760        15.35
      1.2770        15.47
      1.2780        15.43
      1.2790        15.56
      1.2800        15.72
      1.2810        15.80
      1.2820        15.77
      1.2830        15.73
      1.2840        15.77
      1.2850        15.84
      1.2860        15.95
      1.2870        16.03
      1.2880        16.01
      1.2890        16.07
      1.2900        16.04
      1.2910        16.04
      1.2920        15.97
      1.2930        15.96
      1.2940        15.95
      1.2950        15.88
      1.2960        15.81
      1.2970        15.71
      1.2980        15.68
      1.2990        15.57
      1.3000        15.40
      1.3010        15.27
      1.3020        15.29
      1.3030        15.23
      1.3040        15.24
      1.3050        15.17
      1.3060        15.11
      1.3070        14.99
      1.3080        15.05
      1.3090        15.09
      1.3100        15.08
      1.3110        15.21
      1.3120        15.21
      1.3130        15.18
      1.3140        15.23
      1.3150        15.32
      1.3160        15.46
      1.3170        15.42
      1.3180        15.33
      1.3190        15.31
      1.3200        15.49
      1.3210        15.51
      1.3220        15.38
      1.3230        15.45
      1.3240        15.34
      1.3250        15.31
      1.3260        15.37
      1.3270        15.46
      1.3280        15.48
      1.3290        15.48
      1.3300        15.47
      1.3310        15.27
      1.3320        15.16
      1.3330        15.35
      1.3340        15.19
      1.3350        15.21
      1.3360        15.08
      1.3370        15.17
      1.3380        15.19
      1.3390        15.32
      1.3400        15.25
      1.3410        15.26
      1.3420        15.37
      1.3430        15.28
      1.3440        15.30
      1.3450        15.26
      1.3460        15.23
      1.3470        15.15
      1.3480        15.15
      1.3490        15.06
      1.3500        15.09
      1.3510        15.17
      1.3520        15.29
      1.3530        15.11
      1.3540        15.21
      1.3550        15.13
      1.3560        15.09
      1.3570        14.97
      1.3580        15.00
      1.3590        14.93
      1.3600        14.79
      1.3610        14.71
      1.3620        14.57
      1.3630        14.61
      1.3640        14.65
      1.3650        14.73
      1.3660        14.82
      1.3670        14.91
      1.3680        14.85
      1.3690        14.99
      1.3700        14.86
      1.3710        14.93
      1.3720        14.85
      1.3730        14.89
      1.3740        14.94
      1.3750        14.85
      1.3760        14.98
      1.3770        15.09
      1.3780        15.04
      1.3790        15.01
      1.3800        15.04
      1.3810        14.95
      1.3820        14.88
      1.3830        14.79
      1.3840        14.75
      1.3850        14.55
      1.3860        14.39
      1.3870        14.23
      1.3880        14.12
      1.3890        13.93
      1.3900        13.88
      1.3910        13.80
      1.3920        13.67
      1.3930        13.49
      1.3940        13.39
      1.3950        13.39
      1.3960        13.06
      1.3970        12.94
      1.3980        12.92
      1.3990        12.81
      1.4000        12.75
      1.4010        12.83
      1.4020        12.91
      1.4030        12.91
      1.4040        12.31
      1.4050        12.87
      1.4060        12.73
      1.4070        12.61
      1.4080        12.54
      1.4090        12.48
      1.4100        12.42
      1.4110        12.19
      1.4120        12.06
      1.4130        12.10
      1.4140        11.96
      1.4150        11.88
      1.4160        11.93
      1.4170        11.84
      1.4180        11.73
      1.4190        11.53
      1.4200        11.41
      1.4210        11.21
      1.4220        11.04
      1.4230        10.92
      1.4240        10.81
      1.4250        10.61
      1.4260        10.65
      1.4270        10.19
      1.4280        10.11
      1.4290        10.15
      1.4300        10.11
      1.4310        10.10
      1.4320        10.10
      1.4330        10.04
      1.4340        10.02
      1.4350         9.84
      1.4360         9.80
      1.4370         9.75
      1.4380         9.58
      1.4390         9.58
      1.4400         9.50
      1.4410         9.46
      1.4420         9.32
      1.4430         9.16
      1.4440         9.00
      1.4450         8.83
      1.4460         8.71
      1.4470         8.62
      1.4480         8.48
      1.4490         8.29
      1.4500         8.09
      1.4510         7.99
      1.4520         8.02
      1.4530         7.79
      1.4540         7.82
      1.4550         7.86
      1.4560         7.72
      1.4570         7.60
      1.4580         7.63
      1.4590         7.59
      1.4600         7.57
      1.4610         7.42
      1.4620         7.45
      1.4630         7.50
      1.4640         7.51
      1.4650         7.55
      1.4660         7.38
      1.4670         7.22
      1.4680         7.14
      1.4690         7.03
      1.4700         6.87
      1.4710         6.73
      1.4720         6.49
      1.4730         6.50
      1.4740         6.30
      1.4750         6.14
      1.4760         5.68
      1.4770         5.61
      1.4780         5.48
      1.4790         5.33
      1.4800         5.22
      1.4810         5.17
      1.4820         5.09
      1.4830         5.02
      1.4840         4.93
      1.4850         4.75
      1.4860         4.81
      1.4870         4.82
      1.4880         4.81
      1.4890         4.79
      1.4900         4.81
      1.4910         4.81
      1.4920         4.89
      1.4930         4.96
      1.4940         4.97
      1.4950         4.96
      1.4960         4.87
      1.4970         4.85
      1.4980         4.83
      1.4990         4.87
      1.5000         4.93
      1.5010         4.89
      1.5020         4.83
      1.5030         4.73
      1.5040         4.65
      1.5050         4.71
      1.5060         4.66
      1.5070         4.67
      1.5080         4.59
      1.5090         4.61
      1.5100         4.57
      1.5110         4.57
      1.5120         4.51
      1.5130         4.42
      1.5140         4.34
      1.5150         4.35
      1.5160         4.31
      1.5170         4.33
      1.5180         4.38
      1.5190         4.35
      1.5200         4.37
      1.5210         4.38
      1.5220         4.45
      1.5230         4.47
      1.5240         4.55
      1.5250         4.61
      1.5260         4.57
      1.5270         4.47
      1.5280         4.51
      1.5290         4.42
      1.5300         4.47
      1.5310         4.41
      1.5320         4.45
      1.5330         4.42
      1.5340         4.51
      1.5350         4.46
      1.5360         4.45
      1.5370         4.43
      1.5380         4.38
      1.5390         4.34
      1.5400         4.30
      1.5410         4.31
      1.5420         4.22
      1.5430         4.28
      1.5440         4.29
      1.5450         4.29
      1.5460         4.33
      1.5470         4.40
      1.5480         4.44
      1.5490         4.52
      1.5500         4.49
      1.5510         4.52
      1.5520         4.49
      1.5530         4.53
      1.5540         4.45
      1.5550         4.50
      1.5560         4.54
      1.5570         4.57
      1.5580         4.60
      1.5590         4.64
      1.5600         4.64
      1.5610         4.56
      1.5620         4.61
      1.5630         4.53
      1.5640         4.49
      1.5650         4.44
      1.5660         4.46
      1.5670         4.41
      1.5680         4.34
      1.5690         4.34
      1.5700         4.37
      1.5710         4.37
      1.5720         4.33
      1.5730         4.35
      1.5740         4.39
      1.5750         4.37
      1.5760         4.42
      1.5770         4.39
      1.5780         4.39
      1.5790         4.35
      1.5800         4.42
      1.5810         4.50
      1.5820         4.55
      1.5830         4.58
      1.5840         4.62
      1.5850         4.69
      1.5860         4.65
      1.5870         4.69
      1.5880         4.71
      1.5890         4.63
      1.5900         4.63
      1.5910         4.69
      1.5920         4.74
      1.5930         4.70
      1.5940         4.67
      1.5950         4.71
      1.5960         4.66
      1.5970         4.77
      1.5980         4.79
      1.5990         4.79
      1.6000         4.78
      1.6010         4.77
      1.6020         4.73
      1.6030         4.88
      1.6040         4.96
      1.6050         4.94
      1.6060         4.94
      1.6070         4.98
      1.6080         5.02
      1.6090         5.14
      1.6100         5.17
      1.6110         5.17
      1.6120         5.16
      1.6130         5.24
      1.6140         5.25
      1.6150         5.21
      1.6160         5.16
      1.6170         4.98
      1.6180         4.92
      1.6190         4.90
      1.6200         4.89
      1.6210         4.86
      1.6220         4.83
      1.6230         4.70
      1.6240         4.55
      1.6250         4.46
      1.6260         4.47
      1.6270         4.47
      1.6280         4.49
      1.6290         4.45
      1.6300         4.46
      1.6310         4.37
      1.6320         4.38
      1.6330         4.33
      1.6340         4.35
      1.6350         4.37
      1.6360         4.41
      1.6370         4.49
      1.6380         4.53
      1.6390         4.57
      1.6400         4.53
      1.6410         4.55
      1.6420         4.54
      1.6430         4.54
      1.6440         4.61
      1.6450         4.65
      1.6460         4.55
      1.6470         4.50
      1.6480         4.41
      1.6490         4.39
      1.6500         4.27
      1.6510         4.27
      1.6520         4.26
      1.6530         4.23
      1.6540         4.21
      1.6550         4.15
      1.6560         4.17
      1.6570         4.21
      1.6580         4.18
      1.6590         4.19
      1.6600         4.23
      1.6610         4.27
      1.6620         4.35
      1.6630         4.37
      1.6640         4.41
      1.6650         4.43
      1.6660         4.51
      1.6670         4.54
      1.6680         4.65
      1.6690         4.65
      1.6700         4.70
      1.6710         4.78
      1.6720         4.75
      1.6730         4.77
      1.6740         4.77
      1.6750         4.81
      1.6760         4.82
      1.6770         4.78
      1.6780         4.75
      1.6790         4.73
      1.6800         4.70
      1.6810         4.62
      1.6820         4.61
      1.6830         4.66
      1.6840         4.59
      1.6850         4.49
      1.6860         4.46
      1.6870         4.45
      1.6880         4.45
      1.6890         4.42
      1.6900         4.47
      1.6910         4.43
      1.6920         4.49
      1.6930         4.45
      1.6940         4.47
      1.6950         4.43
      1.6960         4.45
      1.6970         4.50
      1.6980         4.59
      1.6990         4.66
      1.7000         4.69
      1.7010         4.67
      1.7020         4.62
      1.7030         4.57
      1.7040         4.58
      1.7050         4.65
      1.7060         4.65
      1.7070         4.62
      1.7080         4.57
      1.7090         4.65
      1.7100         4.58
      1.7110         4.58
      1.7120         4.50
      1.7130         4.53
      1.7140         4.49
      1.7150         4.55
      1.7160         4.47
      1.7170         4.50
      1.7180         4.45
      1.7190         4.39
      1.7200         4.37
      1.7210         4.43
      1.7220         4.51
      1.7230         4.55
      1.7240         4.59
      1.7250         4.65
      1.7260         4.59
      1.7270         4.63
      1.7280         4.61
      1.7290         4.55
      1.7300         4.61
      1.7310         4.67
      1.7320         4.71
      1.7330         4.77
      1.7340         4.77
      1.7350         4.65
      1.7360         4.69
      1.7370         4.57
      1.7380         4.55
      1.7390         4.51
      1.7400         4.46
      1.7410         4.46
      1.7420         4.42
      1.7430         4.43
      1.7440         4.38
      1.7450         4.39
      1.7460         4.47
      1.7470         4.46
      1.7480         4.46
      1.7490         4.49
      1.7500         4.49
      1.7510         4.46
      1.7520         4.43
      1.7530         4.43
      1.7540         4.54
      1.7550         4.64
      1.7560         4.65
      1.7570         4.70
      1.7580         4.65
      1.7590         4.69
      1.7600         4.81
      1.7610         4.82
      1.7620         4.72
      1.7630         4.58
      1.7640         4.54
      1.7650         4.53
      1.7660         4.51
      1.7670         4.50
      1.7680         4.45
      1.7690         4.37
      1.7700         4.37
      1.7710         4.29
      1.7720         4.31
      1.7730         4.29
      1.7740         4.17
      1.7750         4.15
      1.7760         4.14
      1.7770         4.18
      1.7780         4.30
      1.7790         4.30
      1.7800         4.29
      1.7810         4.30
      1.7820         4.38
      1.7830         4.56
      1.7840         4.60
      1.7850         4.64
      1.7860         4.62
      1.7870         4.62
      1.7880         4.80
      1.7890         4.85
      1.7900         4.80
      1.7910         4.81
      1.7920         4.80
      1.7930         4.77
      1.7940         4.85
      1.7950         4.85
      1.7960         4.86
      1.7970         4.74
      1.7980         4.73
      1.7990         4.67
      1.8000         4.66
      1.8010         4.62
      1.8020         4.69
      1.8030         4.62
      1.8040         4.65
      1.8050         4.63
      1.8060         4.71
      1.8070         4.74
      1.8080         4.69
      1.8090         4.63
      1.8100         4.72
      1.8110         4.77
      1.8120         4.80
      1.8130         4.81
      1.8140         4.81
      1.8150         4.84
      1.8160         4.81
      1.8170         4.88
      1.8180         4.82
      1.8190         4.93
      1.8200         4.84
      1.8210         4.86
      1.8220         4.78
      1.8230         4.78
      1.8240         4.71
      1.8250         4.66
      1.8260         4.58
      1.8270         4.50
      1.8280         4.45
      1.8290         4.49
      1.8300         4.43
      1.8310         4.45
      1.8320         4.47
      1.8330         4.47
      1.8340         4.45
      1.8350         4.50
      1.8360         4.51
      1.8370         4.51
      1.8380         4.59
      1.8390         4.53
      1.8400         4.63
      1.8410         4.66
      1.8420         4.71
      1.8430         4.69
      1.8440         4.74
      1.8450         4.77
      1.8460         4.73
      1.8470         4.79
      1.8480         4.90
      1.8490         4.98
      1.8500         5.04
      1.8510         5.00
      1.8520         4.94
      1.8530         4.81
      1.8540         4.78
      1.8550         4.69
      1.8560         4.69
      1.8570         4.62
      1.8580         4.52
      1.8590         4.48
      1.8600         4.42
      1.8610         4.42
      1.8620         4.38
      1.8630         4.48
      1.8640         4.50
      1.8650         4.44
      1.8660         4.46
      1.8670         4.48
      1.8680         4.40
      1.8690         4.41
      1.8700         4.45
      1.8710         4.53
      1.8720         4.54
      1.8730         4.72
      1.8740         4.66
      1.8750         4.68
      1.8760         4.68
      1.8770         4.77
      1.8780         4.80
      1.8790         4.85
      1.8800         4.82
      1.8810         4.76
      1.8820         4.77
      1.8830         4.72
      1.8840         4.69
      1.8850         4.69
      1.8860         4.70
      1.8870         4.69
      1.8880         4.64
      1.8890         4.56
      1.8900         4.48
      1.8910         4.45
      1.8920         4.48
      1.8930         4.38
      1.8940         4.52
      1.8950         4.57
      1.8960         4.56
      1.8970         4.57
      1.8980         4.60
      1.8990         4.61
      1.9000         4.62
      1.9010         4.61
      1.9020         4.64
      1.9030         4.60
      1.9040         4.62
      1.9050         4.68
      1.9060         4.69
      1.9070         4.73
      1.9080         4.78
      1.9090         4.74
      1.9100         4.76
      1.9110         4.68
      1.9120         4.64
      1.9130         4.65
      1.9140         4.60
      1.9150         4.54
      1.9160         4.52
      1.9170         4.49
      1.9180         4.52
      1.9190         4.45
      1.9200         4.44
      1.9210         4.45
      1.9220         4.37
      1.9230         4.41
      1.9240         4.40
      1.9250         4.42
      1.9260         4.48
      1.9270         4.48
      1.9280         4.54
      1.9290         4.62
      1.9300         4.65
      1.9310         4.65
      1.9320         4.65
      1.9330         4.76
      1.9340         4.75
      1.9350         4.73
      1.9360         4.76
      1.9370         4.75
      1.9380         4.75
      1.9390         4.76
      1.9400         4.74
      1.9410         4.76
      1.9420         4.79
      1.9430         4.78
      1.9440         4.77
      1.9450         4.77
      1.9460         4.69
      1.9470         4.60
      1.9480         4.52
      1.9490         4.49
      1.9500         4.48
      1.9510         4.44
      1.9520         4.45
      1.9530         4.38
      1.9540         4.49
      1.9550         4.50
      1.9560         4.52
      1.9570         4.57
      1.9580         4.46
      1.9590         4.48
      1.9600         4.60
      1.9610         4.56
      1.9620         4.56
      1.9630         4.53
      1.9640         4.48
      1.9650         4.48
      1.9660         4.49
      1.9670         4.61
      1.9680         4.60
      1.9690         4.56
      1.9700         4.53
      1.9710         4.61
      1.9720         4.60
      1.9730         4.54
      1.9740         4.41
      1.9750         4.38
      1.9760         4.36
      1.9770         4.37
      1.9780         4.50
      1.9790         4.50
      1.9800         4.45
      1.9810         4.49
      1.9820         4.50
      1.9830         4.52
      1.9840         4.61
      1.9850         4.61
      1.9860         4.65
      1.9870         4.58
      1.9880         4.64
      1.9890         4.63
      1.9900         4.56
      1.9910         4.56
      1.9920         4.61
      1.9930         4.69
      1.9940         4.69
      1.9950         4.73
      1.9960         4.80
      1.9970         4.68
      1.9980         4.62
      1.9990         4.66
      2.0000         4.57
      2.0010         4.54
      2.0020         4.46
      2.0030         4.44
      2.0040         4.40
      2.0050         4.33
      2.0060         4.33
      2.0070         4.30
      2.0080         4.30
      2.0090         4.34
      2.0100         4.45
      2.0110         4.53
      2.0120         4.53
      2.0130         4.54
      2.0140         4.60
      2.0150         4.57
      2.0160         4.61
      2.0170         4.72
      2.0180         4.79
      2.0190         4.73
      2.0200         4.81
      2.0210         4.91
      2.0220         5.05
      2.0230         5.15
      2.0240         5.13
      2.0250         5.17
      2.0260         5.20
      2.0270         5.20
      2.0280         5.15
      2.0290         5.12
      2.0300         5.02
      2.0310         4.94
      2.0320         4.89
      2.0330         4.84
      2.0340         4.85
      2.0350         4.85
      2.0360         4.72
      2.0370         4.72
      2.0380         4.61
      2.0390         4.69
      2.0400         4.65
      2.0410         4.56
      2.0420         4.56
      2.0430         4.52
      2.0440         4.55
      2.0450         4.55
      2.0460         4.49
      2.0470         4.56
      2.0480         4.51
      2.0490         4.53
      2.0500         4.64
      2.0510         4.71
      2.0520         4.66
      2.0530         4.68
      2.0540         4.69
      2.0550         4.72
      2.0560         4.77
      2.0570         4.70
      2.0580         4.73
      2.0590         4.70
      2.0600         4.66
      2.0610         4.62
      2.0620         4.54
      2.0630         4.54
      2.0640         4.50
      2.0650         4.54
      2.0660         4.49
      2.0670         4.40
      2.0680         4.49
      2.0690         4.53
      2.0700         4.48
      2.0710         4.45
      2.0720         4.49
      2.0730         4.49
      2.0740         4.44
      2.0750         4.44
      2.0760         4.49
      2.0770         4.54
      2.0780         4.56
      2.0790         4.52
      2.0800         4.60
      2.0810         4.68
      2.0820         4.69
      2.0830         4.70
      2.0840         4.69
      2.0850         4.64
      2.0860         4.60
      2.0870         4.60
      2.0880         4.54
      2.0890         4.44
      2.0900         4.41
      2.0910         4.33
      2.0920         4.34
      2.0930         4.38
      2.0940         4.40
      2.0950         4.40
      2.0960         4.33
      2.0970         4.26
      2.0980         4.28
      2.0990         4.36
      2.1000         4.34
      2.1010         4.34
      2.1020         4.34
      2.1030         4.30
      2.1040         4.33
      2.1050         4.38
      2.1060         4.48
      2.1070         4.54
      2.1080         4.54
      2.1090         4.57
      2.1100         4.61
      2.1110         4.68
      2.1120         4.72
      2.1130         4.70
      2.1140         4.70
      2.1150         4.65
      2.1160         4.60
      2.1170         4.62
      2.1180         4.57
      2.1190         4.52
      2.1200         4.49
      2.1210         4.52
      2.1220         4.50
      2.1230         4.50
      2.1240         4.56
      2.1250         4.54
      2.1260         4.61
      2.1270         4.62
      2.1280         4.60
      2.1290         4.64
      2.1300         4.62
      2.1310         4.60
      2.1320         4.58
      2.1330         4.57
      2.1340         4.54
      2.1350         4.70
      2.1360         4.80
      2.1370         4.84
      2.1380         4.88
      2.1390         4.82
      2.1400         4.86
      2.1410         4.82
      2.1420         4.84
      2.1430         4.86
      2.1440         4.77
      2.1450         4.74
      2.1460         4.70
      2.1470         4.73
      2.1480         4.76
      2.1490         4.77
      2.1500         4.70
      2.1510         4.68
      2.1520         4.62
      2.1530         4.66
      2.1540         4.72
      2.1550         4.64
      2.1560         4.62
      2.1570         4.61
      2.1580         4.62
      2.1590         4.69
      2.1600         4.65
      2.1610         4.73
      2.1620         4.77
      2.1630         4.76
      2.1640         4.88
      2.1650         4.89
      2.1660         4.89
      2.1670         4.88
      2.1680         4.96
      2.1690         4.92
      2.1700         4.98
      2.1710         4.96
      2.1720         4.98
      2.1730         4.84
      2.1740         4.82
      2.1750         4.78
      2.1760         4.74
      2.1770         4.74
      2.1780         4.76
      2.1790         4.74
      2.1800         4.80
      2.1810         4.70
      2.1820         4.62
      2.1830         4.61
      2.1840         4.54
      2.1850         4.53
      2.1860         4.52
      2.1870         4.52
      2.1880         4.50
      2.1890         4.53
      2.1900         4.56
      2.1910         4.56
      2.1920         4.52
      2.1930         4.63
      2.1940         4.57
      2.1950         4.54
      2.1960         4.61
      2.1970         4.60
      2.1980         4.58
      2.1990         4.56
      2.2000         4.48
      2.2010         4.53
      2.2020         4.57
      2.2030         4.52
      2.2040         4.45
      2.2050         4.36
      2.2060         4.30
      2.2070         4.36
      2.2080         4.28
      2.2090         4.28
      2.2100         4.21
      2.2110         4.22
      2.2120         4.26
      2.2130         4.30
      2.2140         4.30
      2.2150         4.37
      2.2160         4.30
      2.2170         4.30
      2.2180         4.25
      2.2190         4.28
      2.2200         4.34
      2.2210         4.37
      2.2220         4.44
      2.2230         4.53
      2.2240         4.60
      2.2250         4.68
      2.2260         4.62
      2.2270         4.50
      2.2280         4.61
      2.2290         4.54
      2.2300         4.61
      2.2310         4.66
      2.2320         4.65
      2.2330         4.57
      2.2340         4.50
      2.2350         4.42
      2.2360         4.44
      2.2370         4.38
      2.2380         4.41
      2.2390         4.36
      2.2400         4.36
      2.2410         4.25
      2.2420         4.13
      2.2430         4.10
      2.2440         4.09
      2.2450         4.09
      2.2460         4.17
      2.2470         4.18
      2.2480         4.16
      2.2490         4.21
      2.2500         4.21
      2.2510         4.21
      2.2520         4.18
      2.2530         4.22
      2.2540         4.26
      2.2550         4.34
      2.2560         4.38
      2.2570         4.40
      2.2580         4.37
      2.2590         4.45
      2.2600         4.44
      2.2610         4.57
      2.2620         4.60
      2.2630         4.52
      2.2640         4.49
      2.2650         4.49
      2.2660         4.46
      2.2670         4.49
      2.2680         4.49
      2.2690         4.61
      2.2700         4.49
      2.2710         4.44
      2.2720         4.52
      2.2730         4.48
      2.2740         4.53
      2.2750         4.54
      2.2760         4.42
      2.2770         4.41
      2.2780         4.49
      2.2790         4.52
      2.2800         4.50
      2.2810         4.42
      2.2820         4.45
      2.2830         4.56
      2.2840         4.57
      2.2850         4.56
      2.2860         4.57
      2.2870         4.57
      2.2880         4.49
      2.2890         4.35
      2.2900         4.41
      2.2910         4.38
      2.2920         4.35
      2.2930         4.38
      2.2940         4.33
      2.2950         4.30
      2.2960         4.36
      2.2970         4.40
      2.2980         4.33
      2.2990         4.29
      2.3000         4.24
      2.3010         4.22
      2.3020         4.21
      2.3030         4.14
      2.3040         4.28
      2.3050         4.26
      2.3060         4.32
      2.3070         4.30
      2.3080         4.37
      2.3090         4.45
      2.3100         4.53
      2.3110         4.64
      2.3120         4.58
      2.3130         4.54
      2.3140         4.60
      2.3150         4.62
      2.3160         4.65
      2.3170         4.68
      2.3180         4.69
      2.3190         4.69
      2.3200         4.72
      2.3210         4.77
      2.3220         4.80
      2.3230         4.82
      2.3240         4.76
      2.3250         4.74
      2.3260         4.69
      2.3270         4.66
      2.3280         4.57
      2.3290         4.50
      2.3300         4.45
      2.3310         4.46
      2.3320         4.56
      2.3330         4.60
      2.3340         4.57
      2.3350         4.49
      2.3360         4.50
      2.3370         4.52
      2.3380         4.57
      2.3390         4.54
      2.3400         4.66
      2.3410         4.66
      2.3420         4.68
      2.3430         4.64
      2.3440         4.57
      2.3450         4.56
      2.3460         4.52
      2.3470         4.54
      2.3480         4.58
      2.3490         4.60
      2.3500         4.57
      2.3510         4.49
      2.3520         4.37
      2.3530         4.38
      2.3540         4.40
      2.3550         4.45
      2.3560         4.49
      2.3570         4.50
      2.3580         4.38
      2.3590         4.33
      2.3600         4.25
      2.3610         4.18
      2.3620         4.19
      2.3630         4.26
      2.3640         4.26
      2.3650         4.37
      2.3660         4.45
      2.3670         4.44
      2.3680         4.54
      2.3690         4.61
      2.3700         4.69
      2.3710         4.74
      2.3720         4.72
      2.3730         4.74
      2.3740         4.80
      2.3750         4.77
      2.3760         4.73
      2.3770         4.73
      2.3780         4.76
      2.3790         4.73
      2.3800         4.68
      2.3810         4.66
      2.3820         4.62
      2.3830         4.57
      2.3840         4.61
      2.3850         4.56
      2.3860         4.52
      2.3870         4.59
      2.3880         4.56
      2.3890         4.51
      2.3900         4.48
      2.3910         4.44
      2.3920         4.53
      2.3930         4.49
      2.3940         4.52
      2.3950         4.52
      2.3960         4.52
      2.3970         4.48
      2.3980         4.49
      2.3990         4.59
      2.4000         4.64
      2.4010         4.63
      2.4020         4.61
      2.4030         4.56
      2.4040         4.56
      2.4050         4.56
      2.4060         4.59
      2.4070         4.52
      2.4080         4.45
      2.4090         4.44
      2.4100         4.47
      2.4110         4.41
      2.4120         4.36
      2.4130         4.29
      2.4140         4.20
      2.4150         4.16
      2.4160         4.13
      2.4170         4.16
      2.4180         4.16
      2.4190         4.10
      2.4200         4.14
      2.4210         4.21
      2.4220         4.26
      2.4230         4.33
      2.4240         4.26
      2.4250         4.26
      2.4260         4.22
      2.4270         4.22
      2.4280         4.25
      2.4290         4.21
      2.4300         4.17
      2.4310         4.30
      2.4320         4.34
      2.4330         4.40
      2.4340         4.37
      2.4350         4.40
      2.4360         4.38
      2.4370         4.25
      2.4380         4.25
      2.4390         4.34
      2.4400         4.33
      2.4410         4.26
      2.4420         4.24
      2.4430         4.21
      2.4440         4.25
      2.4450         4.26
      2.4460         4.30
      2.4470         4.30
      2.4480         4.29
      2.4490         4.36
      2.4500         4.37
      2.4510         4.34
      2.4520         4.29
      2.4530         4.37
      2.4540         4.56
      2.4550         4.58
      2.4560         4.64
      2.4570         4.72
      2.4580         4.80
      2.4590         4.81
      2.4600         4.77
      2.4610         4.78
      2.4620         4.78
      2.4630         4.82
      2.4640         4.82
      2.4650         4.81
      2.4660         4.77
      2.4670         4.78
      2.4680         4.74
      2.4690         4.69
      2.4700         4.66
      2.4710         4.61
      2.4720         4.70
      2.4730         4.68
      2.4740         4.48
      2.4750         4.45
      2.4760         4.41
      2.4770         4.45
      2.4780         4.46
      2.4790         4.38
      2.4800         4.42
      2.4810         4.46
      2.4820         4.45
      2.4830         4.46
      2.4840         4.42
      2.4850         4.44
      2.4860         4.45
      2.4870         4.42
      2.4880         4.52
      2.4890         4.57
      2.4900         4.61
      2.4910         4.57
      2.4920         4.52
      2.4930         4.42
      2.4940         4.53
      2.4950         4.52
      2.4960         4.50
      2.4970         4.49
      2.4980         4.41
      2.4990         4.34
      2.5000         4.26
      2.5010         4.21
      2.5020         4.18
      2.5030         4.17
      2.5040         4.22
      2.5050         4.24
      2.5060         4.32
      2.5070         4.26
      2.5080         4.20
      2.5090         4.13
      2.5100         4.12
      2.5110         4.20
      2.5120         4.22
      2.5130         4.36
      2.5140         4.36
      2.5150         4.45
      2.5160         4.54
      2.5170         4.58
      2.5180         4.65
      2.5190         4.80
      2.5200         4.85
      2.5210         4.89
      2.5220         4.89
      2.5230         4.89
      2.5240         4.89
      2.5250         4.81
      2.5260         4.72
      2.5270         4.81
      2.5280         4.81
      2.5290         4.92
      2.5300         4.86
      2.5310         4.80
      2.5320         4.84
      2.5330         4.77
      2.5340         4.73
      2.5350         4.70
      2.5360         4.62
      2.5370         4.66
      2.5380         4.58
      2.5390         4.52
      2.5400         4.53
      2.5410         4.61
      2.5420         4.70
      2.5430         4.72
      2.5440         4.69
      2.5450         4.78
      2.5460         4.77
      2.5470         4.77
      2.5480         4.79
      2.5490         4.67
      2.5500         4.61
      2.5510         4.65
      2.5520         4.60
      2.5530         4.59
      2.5540         4.55
      2.5550         4.49
      2.5560         4.45
      2.5570         4.41
      2.5580         4.42
      2.5590         4.42
      2.5600         4.37
      2.5610         4.33
      2.5620         4.28
      2.5630         4.28
      2.5640         4.30
      2.5650         4.30
      2.5660         4.32
      2.5670         4.32
      2.5680         4.36
      2.5690         4.38
      2.5700         4.45
      2.5710         4.48
      2.5720         4.50
      2.5730         4.48
      2.5740         4.52
      2.5750         4.54
      2.5760         4.65
      2.5770         4.64
      2.5780         4.65
      2.5790         4.61
      2.5800         4.65
      2.5810         4.64
      2.5820         4.64
      2.5830         4.57
      2.5840         4.56
      2.5850         4.49
      2.5860         4.52
      2.5870         4.46
      2.5880         4.41
      2.5890         4.42
      2.5900         4.45
      2.5910         4.36
      2.5920         4.30
      2.5930         4.28
      2.5940         4.32
      2.5950         4.34
      2.5960         4.34
      2.5970         4.33
      2.5980         4.37
      2.5990         4.44
      2.6000         4.46
      2.6010         4.45
      2.6020         4.42
      2.6030         4.53
      2.6040         4.53
      2.6050         4.54
      2.6060         4.53
      2.6070         4.61
      2.6080         4.60
      2.6090         4.52
      2.6100         4.45
      2.6110         4.46
      2.6120         4.48
      2.6130         4.49
      2.6140         4.40
      2.6150         4.34
      2.6160         4.34
      2.6170         4.30
      2.6180         4.25
      2.6190         4.18
      2.6200         4.09
      2.6210         4.10
      2.6220         4.13
      2.6230         4.06
      2.6240         4.02
      2.6250         4.08
      2.6260         4.13
      2.6270         4.10
      2.6280         4.12
      2.6290         4.18
      2.6300         4.28
      2.6310         4.40
      2.6320         4.38
      2.6330         4.53
      2.6340         4.64
      2.6350         4.66
      2.6360         4.60
      2.6370         4.60
      2.6380         4.65
      2.6390         4.74
      2.6400         4.81
      2.6410         4.80
      2.6420         4.72
      2.6430         4.74
      2.6440         4.77
      2.6450         4.72
      2.6460         4.64
      2.6470         4.60
      2.6480         4.65
      2.6490         4.66
      2.6500         4.62
      2.6510         4.56
      2.6520         4.56
      2.6530         4.42
      2.6540         4.37
      2.6550         4.34
      2.6560         4.38
      2.6570         4.40
      2.6580         4.36
      2.6590         4.29
      2.6600         4.30
      2.6610         4.24
      2.6620         4.32
      2.6630         4.30
      2.6640         4.30
      2.6650         4.34
      2.6660         4.45
      2.6670         4.45
      2.6680         4.36
      2.6690         4.38
      2.6700         4.40
      2.6710         4.42
      2.6720         4.41
      2.6730         4.37
      2.6740         4.34
      2.6750         4.32
      2.6760         4.32
      2.6770         4.29
      2.6780         4.20
      2.6790         4.17
      2.6800         4.17
      2.6810         4.28
      2.6820         4.29
      2.6830         4.29
      2.6840         4.29
      2.6850         4.24
      2.6860         4.18
      2.6870         4.29
      2.6880         4.31
      2.6890         4.32
      2.6900         4.31
      2.6910         4.28
      2.6920         4.33
      2.6930         4.43
      2.6940         4.47
      2.6950         4.52
      2.6960         4.49
      2.6970         4.53
      2.6980         4.61
      2.6990         4.68
      2.7000         4.72
      2.7010         4.61
      2.7020         4.56
      2.7030         4.53
      2.7040         4.62
      2.7050         4.68
      2.7060         4.62
      2.7070         4.48
      2.7080         4.44
      2.7090         4.36
      2.7100         4.38
      2.7110         4.41
      2.7120         4.40
      2.7130         4.41
      2.7140         4.45
      2.7150         4.49
      2.7160         4.49
      2.7170         4.49
      2.7180         4.58
      2.7190         4.57
      2.7200         4.61
      2.7210         4.72
      2.7220         4.77
      2.7230         4.81
      2.7240         4.74
      2.7250         4.77
      2.7260         4.77
      2.7270         4.84
      2.7280         4.88
      2.7290         4.93
      2.7300         4.90
      2.7310         4.81
      2.7320         4.81
      2.7330         4.73
      2.7340         4.66
      2.7350         4.62
      2.7360         4.62
      2.7370         4.62
      2.7380         4.54
      2.7390         4.53
      2.7400         4.48
      2.7410         4.40
      2.7420         4.40
      2.7430         4.40
      2.7440         4.37
      2.7450         4.38
      2.7460         4.41
      2.7470         4.40
      2.7480         4.50
      2.7490         4.50
      2.7500         4.60
      2.7510         4.62
      2.7520         4.66
      2.7530         4.65
      2.7540         4.66
      2.7550         4.65
      2.7560         4.66
      2.7570         4.64
      2.7580         4.65
      2.7590         4.64
      2.7600         4.61
      2.7610         4.64
      2.7620         4.61
      2.7630         4.53
      2.7640         4.43
      2.7650         4.37
      2.7660         4.38
      2.7670         4.38
      2.7680         4.30
      2.7690         4.35
      2.7700         4.25
      2.7710         4.27
      2.7720         4.25
      2.7730         4.34
      2.7740         4.27
      2.7750         4.29
      2.7760         4.33
      2.7770         4.32
      2.7780         4.32
      2.7790         4.37
      2.7800         4.30
      2.7810         4.29
      2.7820         4.32
      2.7830         4.44
      2.7840         4.56
      2.7850         4.57
      2.7860         4.60
      2.7870         4.61
      2.7880         4.61
      2.7890         4.56
      2.7900         4.61
      2.7910         4.56
      2.7920         4.50
      2.7930         4.42
      2.7940         4.45
      2.7950         4.42
      2.7960         4.37
      2.7970         4.40
      2.7980         4.41
      2.7990         4.40
      2.8000         4.49
      2.8010         4.56
      2.8020         4.54
      2.8030         4.52
      2.8040         4.52
      2.8050         4.46
      2.8060         4.46
      2.8070         4.52
      2.8080         4.62
      2.8090         4.65
      2.8100         4.56
      2.8110         4.53
      2.8120         4.50
      2.8130         4.57
      2.8140         4.61
      2.8150         4.66
      2.8160         4.69
      2.8170         4.66
      2.8180         4.60
      2.8190         4.56
      2.8200         4.48
      2.8210         4.44
      2.8220         4.36
      2.8230         4.38
      2.8240         4.36
      2.8250         4.34
      2.8260         4.38
      2.8270         4.32
      2.8280         4.25
      2.8290         4.21
      2.8300         4.26
      2.8310         4.40
      2.8320         4.52
      2.8330         4.48
      2.8340         4.53
      2.8350         4.50
      2.8360         4.53
      2.8370         4.49
      2.8380         4.52
      2.8390         4.53
      2.8400         4.61
      2.8410         4.61
      2.8420         4.62
      2.8430         4.56
      2.8440         4.66
      2.8450         4.69
      2.8460         4.62
      2.8470         4.64
      2.8480         4.60
      2.8490         4.56
      2.8500         4.64
      2.8510         4.50
      2.8520         4.50
      2.8530         4.52
      2.8540         4.45
      2.8550         4.42
      2.8560         4.38
      2.8570         4.46
      2.8580         4.49
      2.8590         4.48
      2.8600         4.42
      2.8610         4.45
      2.8620         4.56
      2.8630         4.61
      2.8640         4.54
      2.8650         4.53
      2.8660         4.54
      2.8670         4.65
      2.8680         4.63
      2.8690         4.65
      2.8700         4.58
      2.8710         4.71
      2.8720         4.65
      2.8730         4.66
      2.8740         4.68
      2.8750         4.70
      2.8760         4.66
      2.8770         4.70
      2.8780         4.64
      2.8790         4.61
      2.8800         4.64
      2.8810         4.57
      2.8820         4.52
      2.8830         4.48
      2.8840         4.44
      2.8850         4.46
      2.8860         4.40
      2.8870         4.40
      2.8880         4.41
      2.8890         4.46
      2.8900         4.48
      2.8910         4.45
      2.8920         4.45
      2.8930         4.38
      2.8940         4.37
      2.8950         4.40
      2.8960         4.42
      2.8970         4.41
      2.8980         4.44
      2.8990         4.50
      2.9000         4.54
      2.9010         4.57
      2.9020         4.57
      2.9030         4.49
      2.9040         4.46
      2.9050         4.50
      2.9060         4.56
      2.9070         4.42
      2.9080         4.44
      2.9090         4.37
      2.9100         4.38
      2.9110         4.33
      2.9120         4.32
      2.9130         4.34
      2.9140         4.33
      2.9150         4.32
      2.9160         4.34
      2.9170         4.33
      2.9180         4.40
      2.9190         4.40
      2.9200         4.37
      2.9210         4.45
      2.9220         4.48
      2.9230         4.52
      2.9240         4.60
      2.9250         4.61
      2.9260         4.65
      2.9270         4.65
      2.9280         4.65
      2.9290         4.65
      2.9300         4.65
      2.9310         4.65
      2.9320         4.69
      2.9330         4.70
      2.9340         4.74
      2.9350         4.69
      2.9360         4.73
      2.9370         4.73
      2.9380         4.69
      2.9390         4.64
      2.9400         4.54
      2.9410         4.46
      2.9420         4.44
      2.9430         4.49
      2.9440         4.42
      2.9450         4.38
      2.9460         4.37
      2.9470         4.36
      2.9480         4.37
      2.9490         4.44
      2.9500         4.41
      2.9510         4.50
      2.9520         4.49
      2.9530         4.50
      2.9540         4.60
      2.9550         4.70
      2.9560         4.70
      2.9570         4.65
      2.9580         4.62
      2.9590         4.68
      2.9600         4.68
      2.9610         4.66
      2.9620         4.68
      2.9630         4.64
      2.9640         4.68
      2.9650         4.69
      2.9660         4.66
      2.9670         4.66
      2.9680         4.62
      2.9690         4.61
      2.9700         4.57
      2.9710         4.56
      2.9720         4.52
      2.9730         4.46
      2.9740         4.40
      2.9750         4.30
      2.9760         4.24
      2.9770         4.24
      2.9780         4.30
      2.9790         4.33
      2.9800         4.41
      2.9810         4.50
      2.9820         4.46
      2.9830         4.52
      2.9840         4.60
      2.9850         4.61
      2.9860         4.65
      2.9870         4.68
      2.9880         4.73
      2.9890         4.78
      2.9900         4.84
      2.9910         4.84
      2.9920         4.80
      2.9930         4.88
      2.9940         4.81
      2.9950         4.81
      2.9960         4.74
      2.9970         4.73
      2.9980         4.68
      2.9990         4.69
