        Time   Palpation Force
      0.0000         1.00
      0.0010         1.00
      0.0020         1.00
      0.0030         1.00
      0.0040         1.20
      0.0050         1.43
      0.0060         1.64
      0.0070         1.92
      0.0080         2.11
      0.0090         2.39
      0.0100         2.65
      0.0110         2.86
      0.0120         3.06
      0.0130         3.30
      0.0140         3.51
      0.0150         3.66
      0.0160         3.89
      0.0170         4.14
      0.0180         4.33
      0.0190         4.57
      0.0200         4.68
      0.0210         4.65
      0.0220         4.61
      0.0230         4.60
      0.0240         4.56
      0.0250         4.60
      0.0260         4.66
      0.0270         4.56
      0.0280         4.54
      0.0290         4.49
      0.0300         4.49
      0.0310         4.52
      0.0320         4.48
      0.0330         4.46
      0.0340         4.44
      0.0350         4.46
      0.0360         4.40
      0.0370         4.32
      0.0380         4.37
      0.0390         4.32
      0.0400         4.26
      0.0410         4.36
      0.0420         4.37
      0.0430         4.28
      0.0440         4.26
      0.0450         4.14
      0.0460         4.13
      0.0470         4.22
      0.0480         4.25
      0.0490         4.30
      0.0500         4.28
      0.0510         4.28
      0.0520         4.38
      0.0530         4.45
      0.0540         4.52
      0.0550         4.60
      0.0560         4.69
      0.0570         4.73
      0.0580         4.68
      0.0590         4.72
      0.0600         4.66
      0.0610         4.65
      0.0620         4.70
      0.0630         4.77
      0.0640         4.76
      0.0650         4.85
      0.0660         4.78
      0.0670         4.72
      0.0680         4.61
      0.0690         4.52
      0.0700         4.47
      0.0710         4.39
      0.0720         4.35
      0.0730         4.31
      0.0740         4.30
      0.0750         4.21
      0.0760         4.14
      0.0770         4.11
      0.0780         4.18
      0.0790         4.17
      0.0800         4.25
      0.0810         4.19
      0.0820         4.14
      0.0830         4.14
      0.0840         4.14
      0.0850         4.17
      0.0860         4.24
      0.0870         4.28
      0.0880         4.41
      0.0890         4.48
      0.0900         4.45
      0.0910         4.56
      0.0920         4.60
      0.0930         4.54
      0.0940         4.52
      0.0950         4.54
      0.0960         4.58
      0.0970         4.60
      0.0980         4.52
      0.0990         4.61
      0.1000         4.56
      0.1010         4.52
      0.1020         4.56
      0.1030         4.57
      0.1040         4.57
      0.1050         4.42
      0.1060         4.40
      0.1070         4.41
      0.1080         4.38
      0.1090         4.37
      0.1100         4.45
      0.1110         4.42
      0.1120         4.34
      0.1130         4.34
      0.1140         4.38
      0.1150         4.41
      0.1160         4.34
      0.1170         4.37
      0.1180         4.40
      0.1190         4.29
      0.1200         4.32
      0.1210         4.30
      0.1220         4.25
      0.1230         4.22
      0.1240         4.16
      0.1250         4.28
      0.1260         4.26
      0.1270         4.17
      0.1280         4.14
      0.1290         4.13
      0.1300         4.09
      0.1310         4.06
      0.1320         4.16
      0.1330         4.20
      0.1340         4.13
      0.1350         4.08
      0.1360         4.20
      0.1370         4.21
      0.1380         4.25
      0.1390         4.30
      0.1400         4.30
      0.1410         4.40
      0.1420         4.50
      0.1430         4.53
      0.1440         4.61
      0.1450         4.58
      0.1460         4.61
      0.1470         4.74
      0.1480         4.74
      0.1490         4.78
      0.1500         4.82
      0.1510         4.82
      0.1520         4.77
      0.1530         4.76
      0.1540         4.76
      0.1550         4.84
      0.1560         4.72
      0.1570         4.68
      0.1580         4.67
      0.1590         4.63
      0.1600         4.62
      0.1610         4.54
      0.1620         4.46
      0.1630         4.45
      0.1640         4.42
      0.1650         4.51
      0.1660         4.49
      0.1670         4.49
      0.1680         4.54
      0.1690         4.46
      0.1700         4.43
      0.1710         4.46
      0.1720         4.44
      0.1730         4.51
      0.1740         4.62
      0.1750         4.66
      0.1760         4.71
      0.1770         4.74
      0.1780         4.74
      0.1790         4.75
      0.1800         4.76
      0.1810         4.78
      0.1820         4.74
      0.1830         4.78
      0.1840         4.82
      0.1850         4.74
      0.1860         4.72
      0.1870         4.63
      0.1880         4.59
      0.1890         4.66
      0.1900         4.63
      0.1910         4.57
      0.1920         4.59
      0.1930         4.53
      0.1940         4.49
      0.1950         4.52
      0.1960         4.52
      0.1970         4.51
      0.1980         4.47
      0.1990         4.50
      0.2000         4.50
      0.2010         4.50
      0.2020         4.54
      0.2030         4.50
      0.2040         4.46
      0.2050         4.46
      0.2060         4.47
      0.2070         4.46
      0.2080         4.50
      0.2090         4.43
      0.2100         4.51
      0.2110         4.50
      0.2120         4.46
      0.2130         4.31
      0.2140         4.26
      0.2150         4.14
      0.2160         4.22
      0.2170         4.26
      0.2180         4.24
      0.2190         4.18
      0.2200         4.18
      0.2210         4.18
      0.2220         4.14
      0.2230         4.14
      0.2240         4.18
      0.2250         4.18
      0.2260         4.22
      0.2270         4.34
      0.2280         4.38
      0.2290         4.40
      0.2300         4.36
      0.2310         4.47
      0.2320         4.52
      0.2330         4.59
      0.2340         4.59
      0.2350         4.56
      0.2360         4.48
      0.2370         4.43
      0.2380         4.44
      0.2390         4.47
      0.2400         4.51
      0.2410         4.52
      0.2420         4.52
      0.2430         4.55
      0.2440         4.54
      0.2450         4.56
      0.2460         4.46
      0.2470         4.35
      0.2480         4.27
      0.2490         4.30
      0.2500         4.31
      0.2510         4.24
      0.2520         4.22
      0.2530         4.34
      0.2540         4.36
      0.2550         4.46
      0.2560         4.47
      0.2570         4.50
      0.2580         4.54
      0.2590         4.59
      0.2600         4.59
      0.2610         4.63
      0.2620         4.62
      0.2630         4.64
      0.2640         4.67
      0.2650         4.63
      0.2660         4.74
      0.2670         4.74
      0.2680         4.71
      0.2690         4.63
      0.2700         4.64
      0.2710         4.54
      0.2720         4.56
      0.2730         4.52
      0.2740         4.51
      0.2750         4.54
      0.2760         4.52
      0.2770         4.52
      0.2780         4.47
      0.2790         4.46
      0.2800         4.38
      0.2810         4.40
      0.2820         4.51
      0.2830         4.46
      0.2840         4.46
      0.2850         4.54
      0.2860         4.55
      0.2870         4.62
      0.2880         4.73
      0.2890         4.82
      0.2900         4.74
      0.2910         4.93
      0.2920         4.98
      0.2930         4.96
      0.2940         4.98
      0.2950         4.88
      0.2960         4.87
      0.2970         4.82
      0.2980         4.75
      0.2990         4.75
      0.3000         4.80
      0.3010         4.76
      0.3020         4.68
      0.3030         4.72
      0.3040         4.59
      0.3050         4.56
      0.3060         4.58
      0.3070         4.55
      0.3080         4.51
      0.3090         4.46
      0.3100         4.52
      0.3110         4.48
      0.3120         4.38
      0.3130         4.38
      0.3140         4.38
      0.3150         4.42
      0.3160         4.46
      0.3170         4.56
      0.3180         4.72
      0.3190         4.68
      0.3200         4.64
      0.3210         4.62
      0.3220         4.64
      0.3230         4.63
      0.3240         4.78
      0.3250         4.72
      0.3260         4.68
      0.3270         4.67
      0.3280         4.68
      0.3290         4.64
      0.3300         4.55
      0.3310         4.55
      0.3320         4.60
      0.3330         4.54
      0.3340         4.54
      0.3350         4.52
      0.3360         4.38
      0.3370         4.27
      0.3380         4.26
      0.3390         4.27
      0.3400         4.23
      0.3410         4.30
      0.3420         4.27
      0.3430         4.27
      0.3440         4.26
      0.3450         4.30
      0.3460         4.28
      0.3470         4.32
      0.3480         4.27
      0.3490         4.36
      0.3500         4.42
      0.3510         4.40
      0.3520         4.42
      0.3530         4.50
      0.3540         4.51
      0.3550         4.51
      0.3560         4.61
      0.3570         4.67
      0.3580         4.59
      0.3590         4.52
      0.3600         4.60
      0.3610         4.50
      0.3620         4.46
      0.3630         4.40
      0.3640         4.36
      0.3650         4.38
      0.3660         4.36
      0.3670         4.39
      0.3680         4.44
      0.3690         4.42
      0.3700         4.44
      0.3710         4.43
      0.3720         4.44
      0.3730         4.42
      0.3740         4.42
      0.3750         4.44
      0.3760         4.47
      0.3770         4.47
      0.3780         4.50
      0.3790         4.64
      0.3800         4.62
      0.3810         4.75
      0.3820         4.86
      0.3830         4.88
      0.3840         4.91
      0.3850         4.91
      0.3860         4.91
      0.3870         4.83
      0.3880         4.76
      0.3890         4.75
      0.3900         4.70
      0.3910         4.71
      0.3920         4.67
      0.3930         4.62
      0.3940         4.55
      0.3950         4.52
      0.3960         4.54
      0.3970         4.55
      0.3980         4.52
      0.3990         4.47
      0.4000         4.46
      0.4010         4.35
      0.4020         4.35
      0.4030         4.34
      0.4040         4.30
      0.4050         4.24
      0.4060         4.25
      0.4070         4.23
      0.4080         4.24
      0.4090         4.21
      0.4100         4.25
      0.4110         4.23
      0.4120         4.23
      0.4130         4.27
      0.4140         4.35
      0.4150         4.36
      0.4160         4.37
      0.4170         4.28
      0.4180         4.33
      0.4190         4.27
      0.4200         4.28
      0.4210         4.24
      0.4220         4.20
      0.4230         4.23
      0.4240         4.24
      0.4250         4.25
      0.4260         4.28
      0.4270         4.31
      0.4280         4.36
      0.4290         4.38
      0.4300         4.36
      0.4310         4.43
      0.4320         4.43
      0.4330         4.44
      0.4340         4.40
      0.4350         4.36
      0.4360         4.32
      0.4370         4.42
      0.4380         4.44
      0.4390         4.52
      0.4400         4.55
      0.4410         4.59
      0.4420         4.56
      0.4430         4.58
      0.4440         4.55
      0.4450         4.51
      0.4460         4.47
      0.4470         4.52
      0.4480         4.52
      0.4490         4.58
      0.4500         4.58
      0.4510         4.46
      0.4520         4.47
      0.4530         4.55
      0.4540         4.58
      0.4550         4.64
      0.4560         4.63
      0.4570         4.52
      0.4580         4.44
      0.4590         4.40
      0.4600         4.35
      0.4610         4.40
      0.4620         4.47
      0.4630         4.54
      0.4640         4.52
      0.4650         4.50
      0.4660         4.52
      0.4670         4.54
      0.4680         4.55
      0.4690         4.55
      0.4700         4.51
      0.4710         4.59
      0.4720         4.55
      0.4730         4.52
      0.4740         4.50
      0.4750         4.46
      0.4760         4.46
      0.4770         4.54
      0.4780         4.51
      0.4790         4.51
      0.4800         4.56
      0.4810         4.52
      0.4820         4.43
      0.4830         4.31
      0.4840         4.36
      0.4850         4.51
      0.4860         4.44
      0.4870         4.38
      0.4880         4.34
      0.4890         4.32
      0.4900         4.40
      0.4910         4.40
      0.4920         4.48
      0.4930         4.48
      0.4940         4.53
      0.4950         4.58
      0.4960         4.63
      0.4970         4.63
      0.4980         5.22
      0.4990         4.73
      0.5000         4.75
      0.5010         4.82
      0.5020         4.89
      0.5030         5.01
      0.5040         4.97
      0.5050         4.80
      0.5060         4.87
      0.5070         4.95
      0.5080         4.89
      0.5090         4.89
      0.5100         4.83
      0.5110         4.81
      0.5120         4.74
      0.5130         4.73
      0.5140         4.71
      0.5150         4.66
      0.5160         4.63
      0.5170         4.62
      0.5180         4.59
      0.5190         4.60
      0.5200         4.63
      0.5210         4.61
      0.5220         4.66
      0.5230         4.63
      0.5240         4.77
      0.5250         4.90
      0.5260         4.95
      0.5270         5.40
      0.5280         5.52
      0.5290         5.54
      0.5300         5.62
      0.5310         5.07
      0.5320         5.09
      0.5330         5.09
      0.5340         5.03
      0.5350         5.03
      0.5360         5.05
      0.5370         5.02
      0.5380         5.05
      0.5390         5.03
      0.5400         5.06
      0.5410         5.05
      0.5420         5.01
      0.5430         4.89
      0.5440         4.79
      0.5450         4.78
      0.5460         4.67
      0.5470         4.71
      0.5480         4.70
      0.5490         4.74
      0.5500         4.68
      0.5510         4.72
      0.5520         4.71
      0.5530         4.70
      0.5540         4.76
      0.5550         4.79
      0.5560         4.75
      0.5570         4.76
      0.5580         4.76
      0.5590         4.68
      0.5600         4.63
      0.5610         4.60
      0.5620         4.55
      0.5630         4.61
      0.5640         4.59
      0.5650         4.51
      0.5660         4.61
      0.5670         4.57
      0.5680         4.61
      0.5690         4.53
      0.5700         4.49
      0.5710         4.56
      0.5720         4.60
      0.5730         4.64
      0.5740         4.65
      0.5750         4.61
      0.5760         4.65
      0.5770         4.76
      0.5780         4.81
      0.5790         5.51
      0.5800         5.52
      0.5810         5.63
      0.5820         5.61
      0.5830         5.67
      0.5840         5.76
      0.5850         5.86
      0.5860         5.77
      0.5870         5.84
      0.5880         5.84
      0.5890         5.93
      0.5900         6.02
      0.5910         5.89
      0.5920         5.91
      0.5930         5.82
      0.5940         5.78
      0.5950         5.76
      0.5960         5.80
      0.5970         5.67
      0.5980         5.15
      0.5990         5.10
      0.6000         5.14
      0.6010         5.11
      0.6020         5.22
      0.6030         5.72
      0.6040         5.71
      0.6050         5.80
      0.6060         6.00
      0.6070         6.07
      0.6080         6.10
      0.6090         6.20
      0.6100         6.28
      0.6110         6.43
      0.6120         6.49
      0.6130         6.55
      0.6140         6.53
      0.6150         6.53
      0.6160         6.56
      0.6170         6.69
      0.6180         6.68
      0.6190         6.68
      0.6200         6.64
      0.6210         6.71
      0.6220         6.71
      0.6230         6.74
      0.6240         6.68
      0.6250         6.60
      0.6260         6.51
      0.6270         6.46
      0.6280         6.52
      0.6290         6.51
      0.6300         6.43
      0.6310         6.43
      0.6320         6.43
      0.6330         6.55
      0.6340         6.68
      0.6350         6.86
      0.6360         6.94
      0.6370         7.02
      0.6380         7.12
      0.6390         7.24
      0.6400         7.36
      0.6410         7.40
      0.6420         7.40
      0.6430         7.46
      0.6440         7.54
      0.6450         7.60
      0.6460         7.72
      0.6470         7.78
      0.6480         7.74
      0.6490         7.60
      0.6500         7.71
      0.6510         7.70
      0.6520         7.75
      0.6530         7.72
      0.6540         7.64
      0.6550         7.54
      0.6560         7.50
      0.6570         7.46
      0.6580         7.43
      0.6590         7.98
      0.6600         8.03
      0.6610         8.10
      0.6620         7.67
      0.6630         7.72
      0.6640         7.82
      0.6650         7.87
      0.6660         7.87
      0.6670         8.08
      0.6680         8.19
      0.6690         8.36
      0.6700         8.37
      0.6710         8.56
      0.6720         8.57
      0.6730         8.64
      0.6740         8.73
      0.6750         8.89
      0.6760         8.92
      0.6770         9.00
      0.6780         9.05
      0.6790         9.07
      0.6800         8.85
      0.6810         8.78
      0.6820         9.22
      0.6830         9.19
      0.6840         9.08
      0.6850         9.10
      0.6860         9.19
      0.6870         8.94
      0.6880         8.87
      0.6890         8.94
      0.6900         8.48
      0.6910         8.37
      0.6920         8.37
      0.6930         8.43
      0.6940         8.55
      0.6950         8.55
      0.6960         8.68
      0.6970         8.70
      0.6980         8.78
      0.6990         8.80
      0.7000         9.00
      0.7010         9.06
      0.7020         9.18
      0.7030         9.25
      0.7040         9.34
      0.7050         9.36
      0.7060         9.33
      0.7070         9.40
      0.7080         9.44
      0.7090         9.34
      0.7100         9.37
      0.7110         9.99
      0.7120        10.00
      0.7130        10.02
      0.7140         9.99
      0.7150         9.92
      0.7160         9.91
      0.7170        10.02
      0.7180        10.03
      0.7190        10.07
      0.7200        10.11
      0.7210        10.23
      0.7220        10.24
      0.7230         9.79
      0.7240         9.79
      0.7250         9.93
      0.7260         9.92
      0.7270        10.11
      0.7280        10.27
      0.7290        10.35
      0.7300        10.44
      0.7310        10.53
      0.7320        10.65
      0.7330        10.70
      0.7340        10.84
      0.7350        11.01
      0.7360        11.08
      0.7370        11.06
      0.7380        10.98
      0.7390        11.04
      0.7400        10.94
      0.7410        11.47
      0.7420        11.52
      0.7430        11.48
      0.7440        11.53
      0.7450        11.47
      0.7460        11.61
      0.7470        11.63
      0.7480        11.62
      0.7490        11.70
      0.7500        11.79
      0.7510        11.75
      0.7520        11.73
      0.7530        11.73
      0.7540        11.75
      0.7550        11.77
      0.7560        11.92
      0.7570        12.11
      0.7580        12.25
      0.7590        12.35
      0.7600        12.43
      0.7610        12.44
      0.7620        12.48
      0.7630        12.55
      0.7640        12.57
      0.7650        12.73
      0.7660        12.75
      0.7670        12.75
      0.7680        12.77
      0.7690        12.83
      0.7700        12.80
      0.7710        12.95
      0.7720        13.03
      0.7730        13.11
      0.7740        13.08
      0.7750        13.01
      0.7760        12.90
      0.7770        12.82
      0.7780        12.95
      0.7790        12.91
      0.7800        13.10
      0.7810        13.22
      0.7820        13.21
      0.7830        13.35
      0.7840        13.58
      0.7850        13.61
      0.7860        13.64
      0.7870        13.87
      0.7880        13.95
      0.7890        14.16
      0.7900        14.20
      0.7910        14.15
      0.7920        14.13
      0.7930        14.16
      0.7940        14.26
      0.7950        14.28
      0.7960        14.42
      0.7970        14.42
      0.7980        14.41
      0.7990        14.51
      0.8000        14.49
      0.8010        14.40
      0.8020        14.60
      0.8030        14.54
      0.8040        14.48
      0.8050        14.43
      0.8060        14.59
      0.8070        14.45
      0.8080        14.56
      0.8090        14.56
      0.8100        14.64
      0.8110        14.85
      0.8120        14.96
      0.8130        15.17
      0.8140        15.15
      0.8150        15.38
      0.8160        15.40
      0.8170        15.61
      0.8180        15.73
      0.8190        15.77
      0.8200        15.87
      0.8210        15.99
      0.8220        15.96
      0.8230        16.10
      0.8240        16.22
      0.8250        16.35
      0.8260        16.37
      0.8270        16.50
      0.8280        16.50
      0.8290        16.42
      0.8300        16.45
      0.8310        16.40
      0.8320        16.49
      0.8330        16.44
      0.8340        16.56
      0.8350        16.57
      0.8360        16.61
      0.8370        16.63
      0.8380        16.58
      0.8390        16.73
      0.8400        16.76
      0.8410        16.82
      0.8420        16.97
      0.8430        17.06
      0.8440        17.05
      0.8450        17.05
      0.8460        17.09
      0.8470        17.06
      0.8480        17.14
      0.8490        17.24
      0.8500        17.24
      0.8510        17.38
      0.8520        17.27
      0.8530        17.25
      0.8540        17.22
      0.8550        17.12
      0.8560        17.03
      0.8570        17.07
      0.8580        17.10
      0.8590        17.07
      0.8600        17.17
      0.8610        17.17
      0.8620        17.13
      0.8630        17.17
      0.8640        17.25
      0.8650        17.40
      0.8660        17.40
      0.8670        17.44
      0.8680        17.48
      0.8690        17.50
      0.8700        17.53
      0.8710        17.60
      0.8720        17.76
      0.8730        17.78
      0.8740        17.89
      0.8750        17.97
      0.8760        18.10
      0.8770        18.11
      0.8780        18.17
      0.8790        18.23
      0.8800        18.21
      0.8810        18.30
      0.8820        18.29
      0.8830        18.30
      0.8840        18.29
      0.8850        18.23
      0.8860        18.18
      0.8870        18.07
      0.8880        17.96
      0.8890        18.01
      0.8900        17.97
      0.8910        17.84
      0.8920        17.92
      0.8930        17.96
      0.8940        17.92
      0.8950        18.01
      0.8960        18.08
      0.8970        18.01
      0.8980        18.01
      0.8990        17.97
      0.9000        17.97
      0.9010        17.87
      0.9020        17.99
      0.9030        17.99
      0.9040        18.11
      0.9050        18.19
      0.9060        18.34
      0.9070        18.63
      0.9080        18.90
      0.9090        18.90
      0.9100        19.09
      0.9110        19.26
      0.9120        19.20
      0.9130        19.25
      0.9140        19.32
      0.9150        19.27
      0.9160        19.28
      0.9170        19.35
      0.9180        19.32
      0.9190        19.28
      0.9200        19.35
      0.9210        19.50
      0.9220        19.50
      0.9230        19.47
      0.9240        19.47
      0.9250        19.47
      0.9260        19.39
      0.9270        19.31
      0.9280        19.23
      0.9290        19.25
      0.9300        19.17
      0.9310        19.15
      0.9320        19.23
      0.9330        19.30
      0.9340        19.36
      0.9350        19.49
      0.9360        19.45
      0.9370        19.49
      0.9380        19.64
      0.9390        19.80
      0.9400        19.76
      0.9410        19.66
      0.9420        19.65
      0.9430        19.70
      0.9440        19.72
      0.9450        19.69
      0.9460        19.84
      0.9470        19.78
      0.9480        19.92
      0.9490        19.79
      0.9500        19.81
      0.9510        19.87
      0.9520        19.83
      0.9530        19.77
      0.9540        19.77
      0.9550        19.58
      0.9560        19.60
      0.9570        19.73
      0.9580        19.72
      0.9590        19.60
      0.9600        19.70
      0.9610        19.90
      0.9620        19.96
      0.9630        19.93
      0.9640        19.92
      0.9650        19.93
      0.9660        19.92
      0.9670        19.94
      0.9680        19.82
      0.9690        20.09
      0.9700        20.09
      0.9710        19.92
      0.9720        19.89
      0.9730        19.92
      0.9740        19.78
      0.9750        19.88
      0.9760        19.94
      0.9770        19.74
      0.9780        19.72
      0.9790        19.80
      0.9800        19.81
      0.9810        19.71
      0.9820        19.59
      0.9830        19.65
      0.9840        19.63
      0.9850        19.72
      0.9860        19.72
      0.9870        19.81
      0.9880        19.76
      0.9890        19.65
      0.9900        19.66
      0.9910        19.82
      0.9920        19.86
      0.9930        19.85
      0.9940        19.99
      0.9950        19.97
      0.9960        19.88
      0.9970        20.02
      0.9980        20.10
      0.9990        20.06
      1.0000        19.93
      1.0010        19.97
      1.0020        20.03
      1.0030        20.01
      1.0040        19.94
      1.0050        19.89
      1.0060        19.77
      1.0070        19.78
      1.0080        19.84
      1.0090        19.78
      1.0100        19.84
      1.0110        19.82
      1.0120        19.86
      1.0130        19.90
      1.0140        19.78
      1.0150        19.92
      1.0160        20.05
      1.0170        19.96
      1.0180        19.85
      1.0190        20.01
      1.0200        20.09
      1.0210        20.09
      1.0220        20.13
      1.0230        20.13
      1.0240        20.24
      1.0250        20.31
      1.0260        20.51
      1.0270        20.44
      1.0280        20.43
      1.0290        20.44
      1.0300        20.48
      1.0310        20.42
      1.0320        20.53
      1.0330        20.47
      1.0340        20.65
      1.0350        20.61
      1.0360        20.62
      1.0370        20.67
      1.0380        20.62
      1.0390        20.54
      1.0400        20.55
      1.0410        20.57
      1.0420        20.52
      1.0430        20.48
      1.0440        20.54
      1.0450        20.48
      1.0460        20.44
      1.0470        20.44
      1.0480        20.54
      1.0490        20.62
      1.0500        20.67
      1.0510        20.80
      1.0520        20.64
      1.0530        20.68
      1.0540        20.56
      1.0550        20.60
      1.0560        20.54
      1.0570        20.41
      1.0580        20.48
      1.0590        20.43
      1.0600        20.37
      1.0610        20.23
      1.0620        20.25
      1.0630        20.20
      1.0640        20.07
      1.0650        20.06
      1.0660        19.96
      1.0670        20.00
      1.0680        19.92
      1.0690        19.83
      1.0700        19.69
      1.0710        19.50
      1.0720        19.61
      1.0730        19.68
      1.0740        19.68
      1.0750        19.62
      1.0760        19.57
      1.0770        19.65
      1.0780        19.69
      1.0790        19.78
      1.0800        19.85
      1.0810        19.87
      1.0820        19.93
      1.0830        20.06
      1.0840        20.14
      1.0850        20.07
      1.0860        20.05
      1.0870        19.99
      1.0880        20.01
      1.0890        19.98
      1.0900        19.93
      1.0910        20.01
      1.0920        19.88
      1.0930        19.80
      1.0940        19.73
      1.0950        19.68
      1.0960        19.67
      1.0970        19.65
      1.0980        19.67
      1.0990        19.49
      1.1000        19.59
      1.1010        19.69
      1.1020        19.63
      1.1030        19.65
      1.1040        19.68
      1.1050        19.79
      1.1060        19.91
      1.1070        19.83
      1.1080        19.87
      1.1090        19.95
      1.1100        20.05
      1.1110        20.04
      1.1120        20.09
      1.1130        20.13
      1.1140        20.24
      1.1150        20.22
      1.1160        20.28
      1.1170        20.24
      1.1180        20.16
      1.1190        20.20
      1.1200        20.01
      1.1210        19.88
      1.1220        19.87
      1.1230        19.75
      1.1240        19.64
      1.1250        19.45
      1.1260        19.31
      1.1270        19.40
      1.1280        19.28
      1.1290        19.21
      1.1300        19.19
      1.1310        19.12
      1.1320        19.03
      1.1330        18.93
      1.1340        18.93
      1.1350        19.00
      1.1360        18.90
      1.1370        18.94
      1.1380        18.94
      1.1390        19.03
      1.1400        19.10
      1.1410        19.21
      1.1420        19.21
      1.1430        19.14
      1.1440        19.03
      1.1450        19.15
      1.1460        19.17
      1.1470        19.14
      1.1480        19.14
      1.1490        19.16
      1.1500        19.17
      1.1510        19.12
      1.1520        19.13
      1.1530        19.09
      1.1540        19.01
      1.1550        18.95
      1.1560        19.04
      1.1570        19.00
      1.1580        19.00
      1.1590        18.95
      1.1600        18.90
      1.1610        18.77
      1.1620        18.79
      1.1630        18.84
      1.1640        19.00
      1.1650        18.96
      1.1660        19.04
      1.1670        19.08
      1.1680        19.07
      1.1690        19.12
      1.1700        19.02
      1.1710        19.05
      1.1720        19.05
      1.1730        19.16
      1.1740        19.24
      1.1750        19.14
      1.1760        19.05
      1.1770        18.96
      1.1780        18.82
      1.1790        18.69
      1.1800        18.62
      1.1810        18.56
      1.1820        18.45
      1.1830        18.44
      1.1840        18.33
      1.1850        18.23
      1.1860        18.21
      1.1870        18.05
      1.1880        18.09
      1.1890        18.05
      1.1900        18.13
      1.1910        18.23
      1.1920        18.27
      1.1930        18.17
      1.1940        18.02
      1.1950        18.05
      1.1960        18.14
      1.1970        18.24
      1.1980        18.32
      1.1990        18.45
      1.2000        18.43
      1.2010        18.61
      1.2020        18.61
      1.2030        18.58
      1.2040        18.62
      1.2050        18.61
      1.2060        18.56
      1.2070        18.58
      1.2080        18.56
      1.2090        18.50
      1.2100        18.30
      1.2110        18.24
      1.2120        18.13
      1.2130        18.13
      1.2140        18.20
      1.2150        18.16
      1.2160        18.04
      1.2170        17.97
      1.2180        17.92
      1.2190        17.89
      1.2200        17.94
      1.2210        17.79
      1.2220        17.86
      1.2230        17.83
      1.2240        17.90
      1.2250        18.03
      1.2260        18.13
      1.2270        18.15
      1.2280        18.13
      1.2290        18.17
      1.2300        18.28
      1.2310        18.30
      1.2320        18.27
      1.2330        18.20
      1.2340        18.08
      1.2350        18.20
      1.2360        18.33
      1.2370        18.32
      1.2380        18.38
      1.2390        18.31
      1.2400        18.19
      1.2410        18.22
      1.2420        18.17
      1.2430        18.25
      1.2440        18.06
      1.2450        18.03
      1.2460        17.93
      1.2470        17.86
      1.2480        17.87
      1.2490        17.84
      1.2500        17.87
      1.2510        17.72
      1.2520        17.87
      1.2530        17.91
      1.2540        17.96
      1.2550        17.81
      1.2560        17.66
      1.2570        17.77
      1.2580        17.68
      1.2590        17.69
      1.2600        17.69
      1.2610        17.73
      1.2620        17.70
      1.2630        17.59
      1.2640        17.58
      1.2650        17.43
      1.2660        17.30
      1.2670        17.35
      1.2680        17.29
      1.2690        17.13
      1.2700        17.05
      1.2710        17.16
      1.2720        17.03
      1.2730        17.09
      1.2740        17.18
      1.2750        17.26
      1.2760        17.36
      1.2770        17.36
      1.2780        17.42
      1.2790        17.38
      1.2800        17.49
      1.2810        17.42
      1.2820        17.50
      1.2830        17.59
      1.2840        17.74
      1.2850        17.82
      1.2860        17.91
      1.2870        17.90
      1.2880        17.92
      1.2890        18.09
      1.2900        18.06
      1.2910        18.08
      1.2920        18.08
      1.2930        17.95
      1.2940        17.85
      1.2950        17.92
      1.2960        17.81
      1.2970        17.68
      1.2980        17.55
      1.2990        17.57
      1.3000        17.43
      1.3010        17.43
      1.3020        17.35
      1.3030        17.31
      1.3040        17.28
      1.3050        17.38
      1.3060        17.44
      1.3070        17.40
      1.3080        17.45
      1.3090        17.34
      1.3100        17.38
      1.3110        17.34
      1.3120        17.37
      1.3130        17.49
      1.3140        17.53
      1.3150        17.46
      1.3160        17.49
      1.3170        17.57
      1.3180        17.78
      1.3190        17.84
      1.3200        17.90
      1.3210        17.88
      1.3220        17.88
      1.3230        17.83
      1.3240        17.75
      1.3250        17.61
      1.3260        17.52
      1.3270        17.48
      1.3280        17.33
      1.3290        17.36
      1.3300        17.27
      1.3310        17.25
      1.3320        17.17
      1.3330        17.09
      1.3340        17.07
      1.3350        17.05
      1.3360        17.01
      1.3370        17.00
      1.3380        16.94
      1.3390        16.88
      1.3400        16.85
      1.3410        17.02
      1.3420        17.09
      1.3430        17.10
      1.3440        17.19
      1.3450        17.26
      1.3460        17.27
      1.3470        17.37
      1.3480        17.49
      1.3490        17.41
      1.3500        17.52
      1.3510        17.53
      1.3520        17.56
      1.3530        17.60
      1.3540        17.65
      1.3550        17.52
      1.3560        17.50
      1.3570        17.41
      1.3580        17.33
      1.3590        17.33
      1.3600        17.36
      1.3610        17.17
      1.3620        17.02
      1.3630        17.12
      1.3640        17.01
      1.3650        16.90
      1.3660        16.90
      1.3670        16.95
      1.3680        16.90
      1.3690        16.98
      1.3700        17.02
      1.3710        16.95
      1.3720        17.06
      1.3730        17.05
      1.3740        16.94
      1.3750        17.05
      1.3760        17.13
      1.3770        17.31
      1.3780        17.26
      1.3790        17.21
      1.3800        17.21
      1.3810        17.35
      1.3820        17.37
      1.3830        17.25
      1.3840        17.22
      1.3850        17.17
      1.3860        17.14
      1.3870        17.09
      1.3880        17.05
      1.3890        17.03
      1.3900        16.99
      1.3910        17.00
      1.3920        16.86
      1.3930        16.85
      1.3940        16.93
      1.3950        16.85
      1.3960        16.90
      1.3970        16.79
      1.3980        17.00
      1.3990        17.05
      1.4000        17.10
      1.4010        16.95
      1.4020        17.07
      1.4030        17.10
      1.4040        17.11
      1.4050        17.15
      1.4060        17.18
      1.4070        17.09
      1.4080        17.19
      1.4090        17.16
      1.4100        17.05
      1.4110        16.96
      1.4120        17.04
      1.4130        16.88
      1.4140        16.79
      1.4150        16.85
      1.4160        16.73
      1.4170        16.65
      1.4180        16.41
      1.4190        16.39
      1.4200        16.23
      1.4210        16.18
      1.4220        16.04
      1.4230        15.97
      1.4240        15.98
      1.4250        16.06
      1.4260        16.05
      1.4270        16.08
      1.4280        15.91
      1.4290        16.06
      1.4300        16.09
      1.4310        16.23
      1.4320        16.18
      1.4330        16.33
      1.4340        16.29
      1.4350        16.23
      1.4360        16.18
      1.4370        16.18
      1.4380        16.22
      1.4390        16.10
      1.4400        16.10
      1.4410        16.13
      1.4420        16.10
      1.4430        16.03
      1.4440        16.04
      1.4450        16.02
      1.4460        15.86
      1.4470        15.68
      1.4480        15.67
      1.4490        15.41
      1.4500        15.39
      1.4510        15.28
      1.4520        15.32
      1.4530        15.24
      1.4540        15.24
      1.4550        15.24
      1.4560        15.20
      1.4570        15.14
      1.4580        15.14
      1.4590        15.23
      1.4600        15.22
      1.4610        15.15
      1.4620        15.14
      1.4630        15.11
      1.4640        15.10
      1.4650        15.02
      1.4660        15.04
      1.4670        15.09
      1.4680        14.95
      1.4690        14.90
      1.4700        14.79
      1.4710        14.73
      1.4720        14.51
      1.4730        14.42
      1.4740        14.29
      1.4750        14.09
      1.4760        14.01
      1.4770        14.00
      1.4780        13.89
      1.4790        13.77
      1.4800        13.66
      1.4810        13.56
      1.4820        13.55
      1.4830        13.52
      1.4840        13.37
      1.4850        13.25
      1.4860        13.18
      1.4870        13.14
      1.4880        13.31
      1.4890        13.31
      1.4900        13.39
      1.4910        13.31
      1.4920        13.38
      1.4930        13.28
      1.4940        13.27
      1.4950        13.30
      1.4960        13.24
      1.4970        13.00
      1.4980        12.87
      1.4990        12.79
      1.5000        12.72
      1.5010        12.58
      1.5020        12.40
      1.5030        12.30
      1.5040        12.24
      1.5050        12.10
      1.5060        12.05
      1.5070        11.93
      1.5080        11.61
      1.5090        11.54
      1.5100        11.27
      1.5110        11.12
      1.5120        10.95
      1.5130        10.39
      1.5140        10.83
      1.5150        10.67
      1.5160        10.62
      1.5170        10.64
      1.5180        10.64
      1.5190        10.55
      1.5200        10.05
      1.5210        10.09
      1.5220         9.95
      1.5230         9.89
      1.5240         9.88
      1.5250         9.84
      1.5260         9.59
      1.5270         9.48
      1.5280         9.34
      1.5290         9.12
      1.5300         9.00
      1.5310         9.45
      1.5320         8.80
      1.5330         8.66
      1.5340         8.57
      1.5350         8.51
      1.5360         8.30
      1.5370         8.23
      1.5380         8.10
      1.5390         7.98
      1.5400         7.82
      1.5410         7.73
      1.5420         7.77
      1.5430         7.66
      1.5440         7.42
      1.5450         7.38
      1.5460         7.46
      1.5470         7.34
      1.5480         7.30
      1.5490         7.27
      1.5500         7.24
      1.5510         7.08
      1.5520         7.08
      1.5530         6.94
      1.5540         6.79
      1.5550         6.75
      1.5560         6.67
      1.5570         6.48
      1.5580         6.30
      1.5590         6.16
      1.5600         5.95
      1.5610         5.78
      1.5620         5.09
      1.5630         5.01
      1.5640         5.06
      1.5650         4.97
      1.5660         4.93
      1.5670         4.90
      1.5680         4.71
      1.5690         4.66
      1.5700         4.59
      1.5710         4.67
      1.5720         4.62
      1.5730         4.63
      1.5740         4.66
      1.5750         4.66
      1.5760         4.65
      1.5770         4.73
      1.5780         4.73
      1.5790         4.71
      1.5800         4.82
      1.5810         4.89
      1.5820         4.93
      1.5830         4.93
      1.5840         4.78
      1.5850         4.72
      1.5860         4.70
      1.5870         4.67
      1.5880         4.76
      1.5890         4.74
      1.5900         4.68
      1.5910         4.58
      1.5920         4.52
      1.5930         4.55
      1.5940         4.51
      1.5950         4.39
      1.5960         4.32
      1.5970         4.23
      1.5980         4.31
      1.5990         4.26
      1.6000         4.24
      1.6010         4.19
      1.6020         4.18
      1.6030         4.24
      1.6040         4.38
      1.6050         4.52
      1.6060         4.47
      1.6070         4.55
      1.6080         4.58
      1.6090         4.59
      1.6100         4.67
      1.6110         4.66
      1.6120         4.60
      1.6130         4.58
      1.6140         4.63
      1.6150         4.68
      1.6160         4.63
      1.6170         4.70
      1.6180         4.56
      1.6190         4.58
      1.6200         4.55
      1.6210         4.47
      1.6220         4.48
      1.6230         4.42
      1.6240         4.31
      1.6250         4.16
      1.6260         4.18
      1.6270         4.18
      1.6280         4.26
      1.6290         4.26
      1.6300         4.24
      1.6310         4.22
      1.6320         4.26
      1.6330         4.24
      1.6340         4.26
      1.6350         4.24
      1.6360         4.38
      1.6370         4.35
      1.6380         4.42
      1.6390         4.46
      1.6400         4.42
      1.6410         4.50
      1.6420         4.48
      1.6430         4.50
      1.6440         4.49
      1.6450         4.53
      1.6460         4.51
      1.6470         4.47
      1.6480         4.35
      1.6490         4.37
      1.6500         4.32
      1.6510         4.35
      1.6520         4.35
      1.6530         4.33
      1.6540         4.32
      1.6550         4.31
      1.6560         4.27
      1.6570         4.33
      1.6580         4.32
      1.6590         4.34
      1.6600         4.39
      1.6610         4.36
      1.6620         4.31
      1.6630         4.33
      1.6640         4.38
      1.6650         4.44
      1.6660         4.55
      1.6670         4.52
      1.6680         4.59
      1.6690         4.62
      1.6700         4.71
      1.6710         4.72
      1.6720         4.71
      1.6730         4.68
      1.6740         4.64
      1.6750         4.65
      1.6760         4.67
      1.6770         4.60
      1.6780         4.60
      1.6790         4.57
      1.6800         4.56
      1.6810         4.61
      1.6820         4.63
      1.6830         4.57
      1.6840         4.51
      1.6850         4.48
      1.6860         4.39
      1.6870         4.41
      1.6880         4.33
      1.6890         4.29
      1.6900         4.28
      1.6910         4.36
      1.6920         4.41
      1.6930         4.41
      1.6940         4.39
      1.6950         4.42
      1.6960         4.42
      1.6970         4.43
      1.6980         4.52
      1.6990         4.50
      1.7000         4.48
      1.7010         4.44
      1.7020         4.50
      1.7030         4.52
      1.7040         4.59
      1.7050         4.59
      1.7060         4.57
      1.7070         4.51
      1.7080         4.48
      1.7090         4.48
      1.7100         4.47
      1.7110         4.51
      1.7120         4.45
      1.7130         4.52
      1.7140         4.56
      1.7150         4.47
      1.7160         4.41
      1.7170         4.33
      1.7180         4.29
      1.7190         4.37
      1.7200         4.41
      1.7210         4.37
      1.7220         4.39
      1.7230         4.45
      1.7240         4.49
      1.7250         4.49
      1.7260         4.51
      1.7270         4.62
      1.7280         4.71
      1.7290         4.71
      1.7300         4.67
      1.7310         4.59
      1.7320         4.59
      1.7330         4.54
      1.7340         4.50
      1.7350         4.58
      1.7360         4.63
      1.7370         4.75
      1.7380         4.70
      1.7390         4.67
      1.7400         4.58
      1.7410         4.63
      1.7420         4.56
      1.7430         4.51
      1.7440         4.43
      1.7450         4.44
      1.7460         4.44
      1.7470         4.47
      1.7480         4.42
      1.7490         4.44
      1.7500         4.52
      1.7510         4.48
      1.7520         4.50
      1.7530         4.50
      1.7540         4.60
      1.7550         4.59
      1.7560         4.60
      1.7570         4.59
      1.7580         4.59
      1.7590         4.58
      1.7600         4.59
      1.7610         4.51
      1.7620         4.54
      1.7630         4.51
      1.7640         4.55
      1.7650         4.48
      1.7660         4.52
      1.7670         4.44
      1.7680         4.50
      1.7690         4.48
      1.7700         4.40
      1.7710         4.35
      1.7720         4.31
      1.7730         4.40
      1.7740         4.31
      1.7750         4.32
      1.7760         4.30
      1.7770         4.20
      1.7780         4.24
      1.7790         4.22
      1.7800         4.23
      1.7810         4.35
      1.7820         4.36
      1.7830         4.39
      1.7840         4.36
      1.7850         4.44
      1.7860         4.46
      1.7870         4.48
      1.7880         4.47
      1.7890         4.43
      1.7900         4.47
      1.7910         4.52
      1.7920         4.50
      1.7930         4.48
      1.7940         4.46
      1.7950         4.34
      1.7960         4.32
      1.7970         4.36
      1.7980         4.35
      1.7990         4.36
      1.8000         4.38
      1.8010         4.32
      1.8020         4.36
      1.8030         4.42
      1.8040         4.40
      1.8050         4.36
      1.8060         4.34
      1.8070         4.27
      1.8080         4.28
      1.8090         4.31
      1.8100         4.31
      1.8110         4.40
      1.8120         4.44
      1.8130         4.40
      1.8140         4.46
      1.8150         4.60
      1.8160         4.62
      1.8170         4.59
      1.8180         4.56
      1.8190         4.55
      1.8200         4.59
      1.8210         4.63
      1.8220         4.63
      1.8230         4.50
      1.8240         4.52
      1.8250         4.47
      1.8260         4.51
      1.8270         4.54
      1.8280         4.48
      1.8290         4.51
      1.8300         4.52
      1.8310         4.47
      1.8320         4.48
      1.8330         4.51
      1.8340         4.51
      1.8350         4.48
      1.8360         4.54
      1.8370         4.67
      1.8380         4.77
      1.8390         4.78
      1.8400         4.78
      1.8410         4.72
      1.8420         4.70
      1.8430         4.79
      1.8440         4.82
      1.8450         4.82
      1.8460         4.78
      1.8470         4.77
      1.8480         4.86
      1.8490         4.81
      1.8500         4.77
      1.8510         4.75
      1.8520         4.79
      1.8530         4.73
      1.8540         4.63
      1.8550         4.66
      1.8560         4.58
      1.8570         4.47
      1.8580         4.39
      1.8590         4.41
      1.8600         4.38
      1.8610         4.41
      1.8620         4.42
      1.8630         4.39
      1.8640         4.38
      1.8650         4.50
      1.8660         4.51
      1.8670         4.53
      1.8680         4.50
      1.8690         4.54
      1.8700         4.59
      1.8710         4.58
      1.8720         4.50
      1.8730         4.50
      1.8740         4.59
      1.8750         4.61
      1.8760         4.65
      1.8770         4.63
      1.8780         4.66
      1.8790         4.59
      1.8800         4.63
      1.8810         4.66
      1.8820         4.62
      1.8830         4.61
      1.8840         4.51
      1.8850         4.46
      1.8860         4.45
      1.8870         4.45
      1.8880         4.41
      1.8890         4.39
      1.8900         4.34
      1.8910         4.39
      1.8920         4.45
      1.8930         4.51
      1.8940         4.50
      1.8950         4.50
      1.8960         4.47
      1.8970         4.49
      1.8980         4.47
      1.8990         4.66
      1.9000         4.63
      1.9010         4.69
      1.9020         4.73
      1.9030         4.77
      1.9040         4.85
      1.9050         4.79
      1.9060         4.81
      1.9070         4.83
      1.9080         4.86
      1.9090         4.86
      1.9100         4.87
      1.9110         4.78
      1.9120         4.75
      1.9130         4.64
      1.9140         4.63
      1.9150         4.54
      1.9160         4.56
      1.9170         4.55
      1.9180         4.54
      1.9190         4.39
      1.9200         4.40
      1.9210         4.28
      1.9220         4.23
      1.9230         4.16
      1.9240         4.22
      1.9250         4.24
      1.9260         4.28
      1.9270         4.35
      1.9280         4.36
      1.9290         4.35
      1.9300         4.34
      1.9310         4.42
      1.9320         4.42
      1.9330         4.50
      1.9340         4.55
      1.9350         4.62
      1.9360         4.62
      1.9370         4.63
      1.9380         4.70
      1.9390         4.68
      1.9400         4.70
      1.9410         4.68
      1.9420         4.76
      1.9430         4.78
      1.9440         4.74
      1.9450         4.80
      1.9460         4.74
      1.9470         4.75
      1.9480         4.72
      1.9490         4.79
      1.9500         4.81
      1.9510         4.78
      1.9520         4.82
      1.9530         4.82
      1.9540         4.75
      1.9550         4.74
      1.9560         4.79
      1.9570         4.85
      1.9580         4.80
      1.9590         4.80
      1.9600         4.78
      1.9610         4.84
      1.9620         4.78
      1.9630         4.82
      1.9640         4.78
      1.9650         4.74
      1.9660         4.75
      1.9670         4.63
      1.9680         4.67
      1.9690         4.63
      1.9700         4.64
      1.9710         4.60
      1.9720         4.52
      1.9730         4.51
      1.9740         4.47
      1.9750         4.48
      1.9760         4.42
      1.9770         4.40
      1.9780         4.39
      1.9790         4.40
      1.9800         4.39
      1.9810         4.42
      1.9820         4.43
      1.9830         4.39
      1.9840         4.48
      1.9850         4.54
      1.9860         4.60
      1.9870         4.72
      1.9880         4.66
      1.9890         4.67
      1.9900         4.63
      1.9910         4.67
      1.9920         4.70
      1.9930         4.75
      1.9940         4.82
      1.9950         4.79
      1.9960         4.83
      1.9970         4.76
      1.9980         4.76
      1.9990         4.76
      2.0000         4.76
      2.0010         4.68
      2.0020         4.62
      2.0030         4.56
      2.0040         4.50
      2.0050         4.40
      2.0060         4.36
      2.0070         4.24
      2.0080         4.31
      2.0090         4.34
      2.0100         4.36
      2.0110         4.35
      2.0120         4.42
      2.0130         4.42
      2.0140         4.44
      2.0150         4.43
      2.0160         4.42
      2.0170         4.43
      2.0180         4.43
      2.0190         4.46
      2.0200         4.44
      2.0210         4.51
      2.0220         4.59
      2.0230         4.62
      2.0240         4.66
      2.0250         4.74
      2.0260         4.71
      2.0270         4.75
      2.0280         4.70
      2.0290         4.63
      2.0300         4.65
      2.0310         4.70
      2.0320         4.65
      2.0330         4.58
      2.0340         4.50
      2.0350         4.53
      2.0360         4.57
      2.0370         4.63
      2.0380         4.63
      2.0390         4.62
      2.0400         4.69
      2.0410         4.65
      2.0420         4.61
      2.0430         4.66
      2.0440         4.63
      2.0450         4.65
      2.0460         4.63
      2.0470         4.65
      2.0480         4.74
      2.0490         4.82
      2.0500         4.81
      2.0510         4.75
      2.0520         4.73
      2.0530         4.75
      2.0540         4.78
      2.0550         4.77
      2.0560         4.69
      2.0570         4.59
      2.0580         4.57
      2.0590         4.53
      2.0600         4.46
      2.0610         4.49
      2.0620         4.51
      2.0630         4.50
      2.0640         4.47
      2.0650         4.39
      2.0660         4.47
      2.0670         4.43
      2.0680         4.43
      2.0690         4.39
      2.0700         4.43
      2.0710         4.46
      2.0720         4.55
      2.0730         4.55
      2.0740         4.59
      2.0750         4.66
      2.0760         4.69
      2.0770         4.77
      2.0780         4.78
      2.0790         4.75
      2.0800         4.82
      2.0810         4.79
      2.0820         4.86
      2.0830         4.83
      2.0840         4.82
      2.0850         4.85
      2.0860         4.82
      2.0870         4.86
      2.0880         4.68
      2.0890         4.68
      2.0900         4.68
      2.0910         4.66
      2.0920         4.63
      2.0930         4.67
      2.0940         4.63
      2.0950         4.64
      2.0960         4.66
      2.0970         4.66
      2.0980         4.66
      2.0990         4.74
      2.1000         4.74
      2.1010         4.74
      2.1020         4.75
      2.1030         4.76
      2.1040         4.78
      2.1050         4.74
      2.1060         4.70
      2.1070         4.67
      2.1080         4.78
      2.1090         4.82
      2.1100         4.78
      2.1110         4.79
      2.1120         4.74
      2.1130         4.64
      2.1140         4.68
      2.1150         4.54
      2.1160         4.50
      2.1170         4.44
      2.1180         4.42
      2.1190         4.32
      2.1200         4.32
      2.1210         4.31
      2.1220         4.23
      2.1230         4.31
      2.1240         4.38
      2.1250         4.44
      2.1260         4.40
      2.1270         4.44
      2.1280         4.43
      2.1290         4.39
      2.1300         4.40
      2.1310         4.38
      2.1320         4.42
      2.1330         4.47
      2.1340         4.40
      2.1350         4.48
      2.1360         4.52
      2.1370         4.55
      2.1380         4.58
      2.1390         4.68
      2.1400         4.68
      2.1410         4.70
      2.1420         4.67
      2.1430         4.59
      2.1440         4.50
      2.1450         4.51
      2.1460         4.48
      2.1470         4.43
      2.1480         4.40
      2.1490         4.39
      2.1500         4.42
      2.1510         4.40
      2.1520         4.35
      2.1530         4.30
      2.1540         4.38
      2.1550         4.40
      2.1560         4.38
      2.1570         4.40
      2.1580         4.40
      2.1590         4.35
      2.1600         4.39
      2.1610         4.42
      2.1620         4.50
      2.1630         4.50
      2.1640         4.63
      2.1650         4.58
      2.1660         4.60
      2.1670         4.63
      2.1680         4.68
      2.1690         4.66
      2.1700         4.63
      2.1710         4.63
      2.1720         4.67
      2.1730         4.70
      2.1740         4.60
      2.1750         4.59
      2.1760         4.59
      2.1770         4.53
      2.1780         4.55
      2.1790         4.58
      2.1800         4.47
      2.1810         4.44
      2.1820         4.40
      2.1830         4.42
      2.1840         4.25
      2.1850         4.25
      2.1860         4.30
      2.1870         4.32
      2.1880         4.35
      2.1890         4.40
      2.1900         4.43
      2.1910         4.46
      2.1920         4.47
      2.1930         4.50
      2.1940         4.55
      2.1950         4.55
      2.1960         4.56
      2.1970         4.54
      2.1980         4.54
      2.1990         4.54
      2.2000         4.54
      2.2010         4.49
      2.2020         4.44
      2.2030         4.47
      2.2040         4.55
      2.2050         4.48
      2.2060         4.56
      2.2070         4.52
      2.2080         4.51
      2.2090         4.51
      2.2100         4.49
      2.2110         4.55
      2.2120         4.63
      2.2130         4.64
      2.2140         4.65
      2.2150         4.67
      2.2160         4.71
      2.2170         4.79
      2.2180         4.76
      2.2190         4.85
      2.2200         4.81
      2.2210         4.88
      2.2220         4.96
      2.2230         4.97
      2.2240         4.99
      2.2250         5.11
      2.2260         5.01
      2.2270         5.01
      2.2280         4.96
      2.2290         4.97
      2.2300         4.97
      2.2310         4.87
      2.2320         4.75
      2.2330         4.76
      2.2340         4.76
      2.2350         4.69
      2.2360         4.69
      2.2370         4.57
      2.2380         4.56
      2.2390         4.43
      2.2400         4.47
      2.2410         4.47
      2.2420         4.40
      2.2430         4.40
      2.2440         4.44
      2.2450         4.39
      2.2460         4.41
      2.2470         4.47
      2.2480         4.55
      2.2490         4.55
      2.2500         4.63
      2.2510         4.77
      2.2520         4.83
      2.2530         4.85
      2.2540         4.88
      2.2550         4.93
      2.2560         4.89
      2.2570         5.00
      2.2580         5.07
      2.2590         5.04
      2.2600         5.08
      2.2610         5.04
      2.2620         5.00
      2.2630         4.92
      2.2640         4.86
      2.2650         4.88
      2.2660         4.82
      2.2670         4.78
      2.2680         4.71
      2.2690         4.63
      2.2700         4.51
      2.2710         4.37
      2.2720         4.35
      2.2730         4.30
      2.2740         4.24
      2.2750         4.27
      2.2760         4.28
      2.2770         4.32
      2.2780         4.36
      2.2790         4.46
      2.2800         4.50
      2.2810         4.55
      2.2820         4.60
      2.2830         4.70
      2.2840         4.67
      2.2850         4.63
      2.2860         4.71
      2.2870         4.74
      2.2880         4.80
      2.2890         4.87
      2.2900         4.92
      2.2910         4.94
      2.2920         4.96
      2.2930         4.96
      2.2940         4.98
      2.2950         4.88
      2.2960         4.88
      2.2970         4.87
      2.2980         4.80
      2.2990         4.80
      2.3000         4.74
      2.3010         4.74
      2.3020         4.76
      2.3030         4.74
      2.3040         4.84
      2.3050         4.87
      2.3060         4.90
      2.3070         4.87
      2.3080         4.79
      2.3090         4.75
      2.3100         4.72
      2.3110         4.80
      2.3120         4.83
      2.3130         4.80
      2.3140         4.79
      2.3150         4.86
      2.3160         4.90
      2.3170         4.84
      2.3180         4.80
      2.3190         4.72
      2.3200         4.71
      2.3210         4.66
      2.3220         4.66
      2.3230         4.60
      2.3240         4.52
      2.3250         4.51
      2.3260         4.43
      2.3270         4.44
      2.3280         4.39
      2.3290         4.39
      2.3300         4.39
      2.3310         4.32
      2.3320         4.28
      2.3330         4.31
      2.3340         4.32
      2.3350         4.39
      2.3360         4.32
      2.3370         4.40
      2.3380         4.51
      2.3390         4.56
      2.3400         4.54
      2.3410         4.54
      2.3420         4.52
      2.3430         4.56
      2.3440         4.59
      2.3450         4.58
      2.3460         4.56
      2.3470         4.52
      2.3480         4.56
      2.3490         4.63
      2.3500         4.62
      2.3510         4.55
      2.3520         4.51
      2.3530         4.44
      2.3540         4.44
      2.3550         4.31
      2.3560         4.32
      2.3570         4.26
      2.3580         4.18
      2.3590         4.24
      2.3600         4.27
      2.3610         4.23
      2.3620         4.23
      2.3630         4.19
      2.3640         4.14
      2.3650         4.09
      2.3660         4.14
      2.3670         4.19
      2.3680         4.27
      2.3690         4.23
      2.3700         4.21
      2.3710         4.38
      2.3720         4.39
      2.3730         4.46
      2.3740         4.49
      2.3750         4.53
      2.3760         4.58
      2.3770         4.54
      2.3780         4.53
      2.3790         4.46
      2.3800         4.50
      2.3810         4.54
      2.3820         4.59
      2.3830         4.66
      2.3840         4.66
      2.3850         4.74
      2.3860         4.73
      2.3870         4.75
      2.3880         4.66
      2.3890         4.67
      2.3900         4.66
      2.3910         4.56
      2.3920         4.64
      2.3930         4.66
      2.3940         4.69
      2.3950         4.69
      2.3960         4.66
      2.3970         4.73
      2.3980         4.79
      2.3990         4.82
      2.4000         4.82
      2.4010         4.89
      2.4020         4.82
      2.4030         4.83
      2.4040         4.83
      2.4050         4.79
      2.4060         4.76
      2.4070         4.71
      2.4080         4.79
      2.4090         4.75
      2.4100         4.78
      2.4110         4.71
      2.4120         4.67
      2.4130         4.62
      2.4140         4.63
      2.4150         4.66
      2.4160         4.70
      2.4170         4.70
      2.4180         4.67
      2.4190         4.62
      2.4200         4.64
      2.4210         4.58
      2.4220         4.58
      2.4230         4.60
      2.4240         4.64
      2.4250         4.68
      2.4260         4.70
      2.4270         4.72
      2.4280         4.75
      2.4290         4.79
      2.4300         4.81
      2.4310         4.83
      2.4320         4.86
      2.4330         4.91
      2.4340         4.82
      2.4350         4.78
      2.4360         4.62
      2.4370         4.58
      2.4380         4.54
      2.4390         4.52
      2.4400         4.47
      2.4410         4.47
      2.4420         4.48
      2.4430         4.43
      2.4440         4.46
      2.4450         4.43
      2.4460         4.44
      2.4470         4.43
      2.4480         4.36
      2.4490         4.36
      2.4500         4.34
      2.4510         4.35
      2.4520         4.31
      2.4530         4.27
      2.4540         4.40
      2.4550         4.48
      2.4560         4.63
      2.4570         4.63
      2.4580         4.66
      2.4590         4.72
      2.4600         4.75
      2.4610         4.80
      2.4620         4.76
      2.4630         4.72
      2.4640         4.64
      2.4650         4.67
      2.4660         4.64
      2.4670         4.60
      2.4680         4.56
      2.4690         4.50
      2.4700         4.51
      2.4710         4.56
      2.4720         4.59
      2.4730         4.60
      2.4740         4.47
      2.4750         4.42
      2.4760         4.32
      2.4770         4.44
      2.4780         4.46
      2.4790         4.46
      2.4800         4.44
      2.4810         4.38
      2.4820         4.44
      2.4830         4.43
      2.4840         4.54
      2.4850         4.56
      2.4860         4.55
      2.4870         4.62
      2.4880         4.71
      2.4890         4.78
      2.4900         4.78
      2.4910         4.74
      2.4920         4.70
      2.4930         4.66
      2.4940         4.63
      2.4950         4.60
      2.4960         4.70
      2.4970         4.64
      2.4980         4.59
      2.4990         4.44
      2.5000         4.39
      2.5010         4.43
      2.5020         4.42
      2.5030         4.45
      2.5040         4.39
      2.5050         4.38
      2.5060         4.43
      2.5070         4.42
      2.5080         4.31
      2.5090         4.23
      2.5100         4.27
      2.5110         4.31
      2.5120         4.34
      2.5130         4.43
      2.5140         4.51
      2.5150         4.58
      2.5160         4.54
      2.5170         4.54
      2.5180         4.64
      2.5190         4.67
      2.5200         4.75
      2.5210         4.78
      2.5220         4.73
      2.5230         4.71
      2.5240         4.71
      2.5250         4.67
      2.5260         4.61
      2.5270         4.57
      2.5280         4.60
      2.5290         4.64
      2.5300         4.58
      2.5310         4.58
      2.5320         4.57
      2.5330         4.48
      2.5340         4.42
      2.5350         4.42
      2.5360         4.44
      2.5370         4.36
      2.5380         4.24
      2.5390         4.30
      2.5400         4.32
      2.5410         4.30
      2.5420         4.33
      2.5430         4.41
      2.5440         4.44
      2.5450         4.49
      2.5460         4.50
      2.5470         4.54
      2.5480         4.60
      2.5490         4.65
      2.5500         4.65
      2.5510         4.57
      2.5520         4.57
      2.5530         4.64
      2.5540         4.64
      2.5550         4.60
      2.5560         4.57
      2.5570         4.57
      2.5580         4.62
      2.5590         4.62
      2.5600         4.60
      2.5610         4.55
      2.5620         4.55
      2.5630         4.49
      2.5640         4.47
      2.5650         4.42
      2.5660         4.45
      2.5670         4.42
      2.5680         4.41
      2.5690         4.42
      2.5700         4.42
      2.5710         4.47
      2.5720         4.54
      2.5730         4.50
      2.5740         4.54
      2.5750         4.54
      2.5760         4.54
      2.5770         4.66
      2.5780         4.73
      2.5790         4.73
      2.5800         4.70
      2.5810         4.74
      2.5820         4.68
      2.5830         4.62
      2.5840         4.57
      2.5850         4.56
      2.5860         4.50
      2.5870         4.49
      2.5880         4.45
      2.5890         4.34
      2.5900         4.36
      2.5910         4.42
      2.5920         4.33
      2.5930         4.41
      2.5940         4.44
      2.5950         4.41
      2.5960         4.45
      2.5970         4.34
      2.5980         4.29
      2.5990         4.38
      2.6000         4.44
      2.6010         4.46
      2.6020         4.64
      2.6030         4.68
      2.6040         4.77
      2.6050         4.76
      2.6060         4.80
      2.6070         4.80
      2.6080         4.82
      2.6090         4.90
      2.6100         4.93
      2.6110         4.89
      2.6120         4.85
      2.6130         4.76
      2.6140         4.77
      2.6150         4.80
      2.6160         4.74
      2.6170         4.76
      2.6180         4.73
      2.6190         4.64
      2.6200         4.54
      2.6210         4.42
      2.6220         4.28
      2.6230         4.28
      2.6240         4.30
      2.6250         4.37
      2.6260         4.37
      2.6270         4.37
      2.6280         4.40
      2.6290         4.42
      2.6300         4.45
      2.6310         4.41
      2.6320         4.53
      2.6330         4.58
      2.6340         4.58
      2.6350         4.57
      2.6360         4.70
      2.6370         4.77
      2.6380         4.86
      2.6390         4.86
      2.6400         4.89
      2.6410         4.94
      2.6420         4.90
      2.6430         4.90
      2.6440         4.78
      2.6450         4.70
      2.6460         4.73
      2.6470         4.69
      2.6480         4.63
      2.6490         4.65
      2.6500         4.58
      2.6510         4.61
      2.6520         4.51
      2.6530         4.46
      2.6540         4.38
      2.6550         4.46
      2.6560         4.38
      2.6570         4.29
      2.6580         4.19
      2.6590         4.33
      2.6600         4.39
      2.6610         4.41
      2.6620         4.46
      2.6630         4.49
      2.6640         4.53
      2.6650         4.55
      2.6660         4.56
      2.6670         4.58
      2.6680         4.63
      2.6690         4.51
      2.6700         4.54
      2.6710         4.56
      2.6720         4.60
      2.6730         4.60
      2.6740         4.58
      2.6750         4.50
      2.6760         4.44
      2.6770         4.40
      2.6780         4.44
      2.6790         4.30
      2.6800         4.24
      2.6810         4.20
      2.6820         4.26
      2.6830         4.26
      2.6840         4.28
      2.6850         4.30
      2.6860         4.32
      2.6870         4.39
      2.6880         4.40
      2.6890         4.46
      2.6900         4.46
      2.6910         4.47
      2.6920         4.48
      2.6930         4.51
      2.6940         4.55
      2.6950         4.58
      2.6960         4.59
      2.6970         4.68
      2.6980         4.66
      2.6990         4.64
      2.7000         4.63
      2.7010         4.58
      2.7020         4.54
      2.7030         4.51
      2.7040         4.42
      2.7050         4.42
      2.7060         4.40
      2.7070         4.39
      2.7080         4.34
      2.7090         4.34
      2.7100         4.38
      2.7110         4.38
      2.7120         4.32
      2.7130         4.32
      2.7140         4.38
      2.7150         4.42
      2.7160         4.43
      2.7170         4.40
      2.7180         4.40
      2.7190         4.47
      2.7200         4.56
      2.7210         4.71
      2.7220         4.68
      2.7230         4.69
      2.7240         4.77
      2.7250         4.79
      2.7260         4.73
      2.7270         4.69
      2.7280         4.70
      2.7290         4.66
      2.7300         4.59
      2.7310         4.58
      2.7320         4.61
      2.7330         4.57
      2.7340         4.47
      2.7350         4.42
      2.7360         4.41
      2.7370         4.41
      2.7380         4.37
      2.7390         4.38
      2.7400         4.33
      2.7410         4.27
      2.7420         4.31
      2.7430         4.29
      2.7440         4.26
      2.7450         4.30
      2.7460         4.33
      2.7470         4.35
      2.7480         4.40
      2.7490         4.50
      2.7500         4.53
      2.7510         4.47
      2.7520         4.56
      2.7530         4.64
      2.7540         4.73
      2.7550         4.72
      2.7560         4.68
      2.7570         4.69
      2.7580         4.73
      2.7590         4.62
      2.7600         4.55
      2.7610         4.57
      2.7620         4.53
      2.7630         4.58
      2.7640         4.55
      2.7650         4.47
      2.7660         4.50
      2.7670         4.51
      2.7680         4.46
      2.7690         4.38
      2.7700         4.38
      2.7710         4.43
      2.7720         4.38
      2.7730         4.35
      2.7740         4.30
      2.7750         4.29
      2.7760         4.39
      2.7770         4.42
      2.7780         4.41
      2.7790         4.46
      2.7800         4.53
      2.7810         4.58
      2.7820         4.62
      2.7830         4.58
      2.7840         4.65
      2.7850         4.67
      2.7860         4.63
      2.7870         4.66
      2.7880         4.62
      2.7890         4.62
      2.7900         4.63
      2.7910         4.61
      2.7920         4.57
      2.7930         4.55
      2.7940         4.58
      2.7950         4.63
      2.7960         4.54
      2.7970         4.47
      2.7980         4.49
      2.7990         4.53
