        Time   Palpation Force
      0.0000         1.00
      0.0010         1.00
      0.0020         1.00
      0.0030         1.00
      0.0040         1.16
      0.0050         1.28
      0.0060         1.53
      0.0070         1.73
      0.0080         1.93
      0.0090         2.13
      0.0100         2.32
      0.0110         2.57
      0.0120         2.84
      0.0130         3.05
      0.0140         3.23
      0.0150         3.45
      0.0160         3.66
      0.0170         3.92
      0.0180         4.13
      0.0190         4.34
      0.0200         4.33
      0.0210         4.39
      0.0220         4.47
      0.0230         4.42
      0.0240         4.33
      0.0250         4.46
      0.0260         4.42
      0.0270         4.43
      0.0280         4.46
      0.0290         4.55
      0.0300         4.55
      0.0310         4.54
      0.0320         4.54
      0.0330         4.55
      0.0340         4.55
      0.0350         4.58
      0.0360         4.58
      0.0370         4.61
      0.0380         4.59
      0.0390         4.61
      0.0400         4.63
      0.0410         4.62
      0.0420         4.62
      0.0430         4.63
      0.0440         4.61
      0.0450         4.58
      0.0460         4.58
      0.0470         4.58
      0.0480         4.57
      0.0490         4.49
      0.0500         4.51
      0.0510         4.47
      0.0520         4.42
      0.0530         4.43
      0.0540         4.47
      0.0550         4.45
      0.0560         4.46
      0.0570         4.42
      0.0580         4.43
      0.0590         4.42
      0.0600         4.39
      0.0610         4.36
      0.0620         4.31
      0.0630         4.27
      0.0640         4.31
      0.0650         4.32
      0.0660         4.35
      0.0670         4.42
      0.0680         4.36
      0.0690         4.31
      0.0700         4.30
      0.0710         4.27
      0.0720         4.30
      0.0730         4.22
      0.0740         4.23
      0.0750         4.31
      0.0760         4.24
      0.0770         4.22
      0.0780         4.26
      0.0790         4.31
      0.0800         4.34
      0.0810         4.35
      0.0820         4.31
      0.0830         4.35
      0.0840         4.34
      0.0850         4.28
      0.0860         4.27
      0.0870         4.19
      0.0880         4.20
      0.0890         4.23
      0.0900         4.24
      0.0910         4.28
      0.0920         4.24
      0.0930         4.32
      0.0940         4.34
      0.0950         4.22
      0.0960         4.27
      0.0970         4.26
      0.0980         4.19
      0.0990         4.14
      0.1000         4.10
      0.1010         4.14
      0.1020         4.18
      0.1030         4.19
      0.1040         4.22
      0.1050         4.20
      0.1060         4.19
      0.1070         4.24
      0.1080         4.35
      0.1090         4.39
      0.1100         4.42
      0.1110         4.42
      0.1120         4.48
      0.1130         4.47
      0.1140         4.44
      0.1150         4.47
      0.1160         4.48
      0.1170         4.51
      0.1180         4.50
      0.1190         4.47
      0.1200         4.45
      0.1210         4.37
      0.1220         4.39
      0.1230         4.39
      0.1240         4.41
      0.1250         4.49
      0.1260         4.53
      0.1270         4.49
      0.1280         4.43
      0.1290         4.47
      0.1300         4.43
      0.1310         4.41
      0.1320         4.38
      0.1330         4.38
      0.1340         4.34
      0.1350         4.35
      0.1360         4.30
      0.1370         4.24
      0.1380         4.30
      0.1390         4.28
      0.1400         4.30
      0.1410         4.38
      0.1420         4.42
      0.1430         4.46
      0.1440         4.39
      0.1450         4.34
      0.1460         4.28
      0.1470         4.22
      0.1480         4.21
      0.1490         4.12
      0.1500         4.15
      0.1510         4.16
      0.1520         4.17
      0.1530         4.17
      0.1540         4.24
      0.1550         4.27
      0.1560         4.36
      0.1570         4.39
      0.1580         4.34
      0.1590         4.38
      0.1600         4.34
      0.1610         4.28
      0.1620         4.28
      0.1630         4.29
      0.1640         4.29
      0.1650         4.38
      0.1660         4.43
      0.1670         4.54
      0.1680         4.56
      0.1690         4.64
      0.1700         4.68
      0.1710         4.68
      0.1720         4.71
      0.1730         4.70
      0.1740         4.66
      0.1750         4.62
      0.1760         4.56
      0.1770         4.59
      0.1780         4.68
      0.1790         4.66
      0.1800         4.67
      0.1810         4.70
      0.1820         4.66
      0.1830         4.54
      0.1840         4.52
      0.1850         4.46
      0.1860         4.43
      0.1870         4.43
      0.1880         4.40
      0.1890         4.35
      0.1900         4.30
      0.1910         4.28
      0.1920         4.27
      0.1930         4.31
      0.1940         4.36
      0.1950         4.43
      0.1960         4.46
      0.1970         4.42
      0.1980         4.42
      0.1990         4.46
      0.2000         4.51
      0.2010         4.46
      0.2020         4.51
      0.2030         4.54
      0.2040         4.54
      0.2050         4.52
      0.2060         4.47
      0.2070         4.41
      0.2080         4.39
      0.2090         4.41
      0.2100         4.39
      0.2110         4.40
      0.2120         4.39
      0.2130         4.37
      0.2140         4.36
      0.2150         4.29
      0.2160         4.29
      0.2170         4.27
      0.2180         4.27
      0.2190         4.21
      0.2200         4.21
      0.2210         4.21
      0.2220         4.16
      0.2230         4.19
      0.2240         4.25
      0.2250         4.29
      0.2260         4.43
      0.2270         4.43
      0.2280         4.48
      0.2290         4.43
      0.2300         4.48
      0.2310         4.55
      0.2320         4.51
      0.2330         4.44
      0.2340         4.37
      0.2350         4.45
      0.2360         4.49
      0.2370         4.52
      0.2380         4.48
      0.2390         4.57
      0.2400         4.51
      0.2410         4.52
      0.2420         4.55
      0.2430         4.56
      0.2440         4.49
      0.2450         4.44
      0.2460         4.33
      0.2470         4.35
      0.2480         4.36
      0.2490         4.43
      0.2500         4.40
      0.2510         4.32
      0.2520         4.28
      0.2530         4.40
      0.2540         4.51
      0.2550         4.45
      0.2560         4.40
      0.2570         4.48
      0.2580         4.49
      0.2590         4.45
      0.2600         4.48
      0.2610         4.51
      0.2620         4.40
      0.2630         4.32
      0.2640         4.36
      0.2650         4.35
      0.2660         4.41
      0.2670         4.48
      0.2680         4.41
      0.2690         4.39
      0.2700         4.36
      0.2710         4.48
      0.2720         4.57
      0.2730         4.49
      0.2740         4.37
      0.2750         4.35
      0.2760         4.35
      0.2770         4.29
      0.2780         4.27
      0.2790         4.31
      0.2800         4.33
      0.2810         4.37
      0.2820         4.49
      0.2830         4.65
      0.2840         4.71
      0.2850         4.76
      0.2860         4.71
      0.2870         4.67
      0.2880         4.73
      0.2890         4.72
      0.2900         4.73
      0.2910         4.63
      0.2920         4.55
      0.2930         4.57
      0.2940         4.59
      0.2950         4.53
      0.2960         4.57
      0.2970         4.55
      0.2980         4.52
      0.2990         4.51
      0.3000         4.49
      0.3010         4.40
      0.3020         4.37
      0.3030         4.28
      0.3040         4.27
      0.3050         4.31
      0.3060         4.31
      0.3070         4.32
      0.3080         4.29
      0.3090         4.32
      0.3100         4.40
      0.3110         4.43
      0.3120         4.55
      0.3130         4.63
      0.3140         4.68
      0.3150         4.83
      0.3160         4.79
      0.3170         4.84
      0.3180         4.92
      0.3190         4.92
      0.3200         4.94
      0.3210         4.92
      0.3220         4.88
      0.3230         4.95
      0.3240         4.88
      0.3250         4.85
      0.3260         4.87
      0.3270         4.85
      0.3280         4.85
      0.3290         4.79
      0.3300         4.64
      0.3310         4.52
      0.3320         4.47
      0.3330         4.39
      0.3340         4.43
      0.3350         4.35
      0.3360         4.43
      0.3370         4.45
      0.3380         4.43
      0.3390         4.41
      0.3400         4.43
      0.3410         4.50
      0.3420         4.55
      0.3430         4.48
      0.3440         4.55
      0.3450         4.56
      0.3460         4.58
      0.3470         4.51
      0.3480         4.46
      0.3490         4.60
      0.3500         4.67
      0.3510         4.78
      0.3520         4.70
      0.3530         4.71
      0.3540         4.64
      0.3550         4.66
      0.3560         4.59
      0.3570         4.59
      0.3580         4.55
      0.3590         4.59
      0.3600         4.60
      0.3610         4.59
      0.3620         4.59
      0.3630         4.63
      0.3640         4.56
      0.3650         4.51
      0.3660         4.49
      0.3670         4.55
      0.3680         4.58
      0.3690         4.51
      0.3700         4.52
      0.3710         4.58
      0.3720         4.67
      0.3730         4.64
      0.3740         4.70
      0.3750         4.75
      0.3760         4.68
      0.3770         4.67
      0.3780         4.69
      0.3790         4.64
      0.3800         4.67
      0.3810         4.63
      0.3820         4.55
      0.3830         4.44
      0.3840         4.43
      0.3850         4.45
      0.3860         4.41
      0.3870         4.35
      0.3880         4.32
      0.3890         4.32
      0.3900         4.31
      0.3910         4.28
      0.3920         4.24
      0.3930         4.25
      0.3940         4.15
      0.3950         4.03
      0.3960         4.05
      0.3970         4.04
      0.3980         4.08
      0.3990         4.12
      0.4000         4.12
      0.4010         4.25
      0.4020         4.37
      0.4030         4.41
      0.4040         4.51
      0.4050         4.49
      0.4060         4.57
      0.4070         4.63
      0.4080         4.64
      0.4090         4.71
      0.4100         4.76
      0.4110         4.73
      0.4120         4.67
      0.4130         4.64
      0.4140         4.73
      0.4150         4.75
      0.4160         4.76
      0.4170         4.83
      0.4180         4.80
      0.4190         4.73
      0.4200         4.73
      0.4210         4.68
      0.4220         4.65
      0.4230         4.83
      0.4240         4.85
      0.4250         4.96
      0.4260         4.98
      0.4270         5.08
      0.4280         5.20
      0.4290         5.22
      0.4300         5.20
      0.4310         5.34
      0.4320         6.04
      0.4330         6.14
      0.4340         6.20
      0.4350         6.26
      0.4360         6.31
      0.4370         6.27
      0.4380         6.34
      0.4390         6.44
      0.4400         6.51
      0.4410         6.42
      0.4420         6.38
      0.4430         6.20
      0.4440         6.06
      0.4450         5.48
      0.4460         5.52
      0.4470         5.42
      0.4480         5.36
      0.4490         5.32
      0.4500         5.30
      0.4510         5.27
      0.4520         5.23
      0.4530         5.28
      0.4540         5.22
      0.4550         5.24
      0.4560         5.90
      0.4570         5.95
      0.4580         5.92
      0.4590         5.95
      0.4600         6.00
      0.4610         6.16
      0.4620         6.23
      0.4630         6.26
      0.4640         6.43
      0.4650         6.48
      0.4660         6.44
      0.4670         6.39
      0.4680         6.47
      0.4690         6.59
      0.4700         6.73
      0.4710         6.63
      0.4720         6.61
      0.4730         6.52
      0.4740         6.53
      0.4750         6.51
      0.4760         6.40
      0.4770         6.36
      0.4780         6.41
      0.4790         6.42
      0.4800         6.37
      0.4810         6.40
      0.4820         6.44
      0.4830         6.56
      0.4840         6.51
      0.4850         6.47
      0.4860         6.59
      0.4870         6.74
      0.4880         6.83
      0.4890         6.87
      0.4900         6.87
      0.4910         6.96
      0.4920         6.97
      0.4930         7.08
      0.4940         7.19
      0.4950         7.15
      0.4960         7.16
      0.4970         7.19
      0.4980         7.18
      0.4990         7.24
      0.5000         7.31
      0.5010         7.31
      0.5020         7.28
      0.5030         7.23
      0.5040         7.20
      0.5050         7.29
      0.5060         7.20
      0.5070         7.23
      0.5080         7.08
      0.5090         7.04
      0.5100         7.04
      0.5110         7.07
      0.5120         7.16
      0.5130         7.22
      0.5140         7.28
      0.5150         7.40
      0.5160         7.54
      0.5170         7.60
      0.5180         7.73
      0.5190         7.75
      0.5200         7.84
      0.5210         7.88
      0.5220         7.91
      0.5230         7.89
      0.5240         8.05
      0.5250         8.08
      0.5260         8.21
      0.5270         8.19
      0.5280         8.28
      0.5290         8.27
      0.5300         8.21
      0.5310         8.19
      0.5320         8.07
      0.5330         7.97
      0.5340         7.91
      0.5350         7.95
      0.5360         7.83
      0.5370         7.84
      0.5380         7.75
      0.5390         7.68
      0.5400         7.60
      0.5410         7.63
      0.5420         7.75
      0.5430         7.84
      0.5440         7.83
      0.5450         7.91
      0.5460         7.96
      0.5470         8.09
      0.5480         8.21
      0.5490         8.40
      0.5500         8.55
      0.5510         8.59
      0.5520         8.71
      0.5530         8.80
      0.5540         8.84
      0.5550         8.91
      0.5560         9.00
      0.5570         9.00
      0.5580         9.08
      0.5590         9.04
      0.5600         8.99
      0.5610         9.01
      0.5620         8.96
      0.5630         8.97
      0.5640         8.88
      0.5650         9.31
      0.5660         9.28
      0.5670         9.27
      0.5680         9.23
      0.5690         9.12
      0.5700         9.04
      0.5710         9.13
      0.5720         9.17
      0.5730         9.28
      0.5740         8.81
      0.5750         8.74
      0.5760         8.82
      0.5770         8.89
      0.5780         9.06
      0.5790         9.22
      0.5800         9.34
      0.5810         9.40
      0.5820         9.40
      0.5830         9.42
      0.5840         9.56
      0.5850         9.61
      0.5860         9.66
      0.5870         9.57
      0.5880         9.52
      0.5890         9.41
      0.5900         9.37
      0.5910         9.33
      0.5920         9.32
      0.5930         9.20
      0.5940         9.20
      0.5950         9.28
      0.5960         9.22
      0.5970         9.20
      0.5980         9.05
      0.5990         9.14
      0.6000         9.16
      0.6010         9.10
      0.6020         9.17
      0.6030         9.16
      0.6040         9.14
      0.6050         9.25
      0.6060         9.32
      0.6070         9.50
      0.6080         9.57
      0.6090         9.76
      0.6100         9.90
      0.6110         9.93
      0.6120         9.81
      0.6130         9.81
      0.6140         9.77
      0.6150         9.68
      0.6160         9.57
      0.6170         9.52
      0.6180         9.52
      0.6190         9.42
      0.6200         9.44
      0.6210         9.57
      0.6220         9.61
      0.6230        10.24
      0.6240        10.24
      0.6250        10.25
      0.6260        10.24
      0.6270        10.28
      0.6280        10.29
      0.6290         9.77
      0.6300         9.74
      0.6310         9.82
      0.6320        10.02
      0.6330        10.17
      0.6340        10.36
      0.6350        10.49
      0.6360        10.69
      0.6370        10.90
      0.6380        11.01
      0.6390        11.03
      0.6400        10.99
      0.6410        10.90
      0.6420        10.86
      0.6430        10.82
      0.6440        10.81
      0.6450        10.77
      0.6460        10.82
      0.6470        10.75
      0.6480        10.74
      0.6490        11.21
      0.6500        10.60
      0.6510        10.54
      0.6520        10.97
      0.6530        10.83
      0.6540        10.17
      0.6550        10.69
      0.6560        10.64
      0.6570        10.67
      0.6580        10.13
      0.6590        10.16
      0.6600        10.32
      0.6610        10.30
      0.6620        10.37
      0.6630        10.33
      0.6640        10.43
      0.6650        10.49
      0.6660        10.54
      0.6670        10.65
      0.6680        10.66
      0.6690        10.73
      0.6700        11.01
      0.6710        11.07
      0.6720        11.03
      0.6730        11.14
      0.6740        11.21
      0.6750        11.17
      0.6760        11.19
      0.6770        10.99
      0.6780        11.05
      0.6790        10.94
      0.6800        11.34
      0.6810        11.40
      0.6820        11.47
      0.6830        11.52
      0.6840        11.60
      0.6850        11.56
      0.6860        11.59
      0.6870        11.56
      0.6880        11.64
      0.6890        11.59
      0.6900        11.47
      0.6910        11.43
      0.6920        11.52
      0.6930        11.58
      0.6940        11.70
      0.6950        11.86
      0.6960        11.85
      0.6970        11.98
      0.6980        11.94
      0.6990        12.10
      0.7000        12.22
      0.7010        12.28
      0.7020        12.20
      0.7030        12.25
      0.7040        12.34
      0.7050        12.37
      0.7060        12.37
      0.7070        12.25
      0.7080        12.17
      0.7090        12.11
      0.7100        12.07
      0.7110        12.18
      0.7120        12.14
      0.7130        12.06
      0.7140        11.97
      0.7150        11.95
      0.7160        11.96
      0.7170        12.04
      0.7180        12.05
      0.7190        12.05
      0.7200        11.97
      0.7210        11.96
      0.7220        11.96
      0.7230        12.04
      0.7240        11.50
      0.7250        11.65
      0.7260        11.70
      0.7270        11.85
      0.7280        11.90
      0.7290        11.94
      0.7300        12.61
      0.7310        12.14
      0.7320        12.15
      0.7330        12.73
      0.7340        12.72
      0.7350        12.62
      0.7360        12.64
      0.7370        12.56
      0.7380        12.65
      0.7390        12.61
      0.7400        12.63
      0.7410        12.71
      0.7420        12.71
      0.7430        12.60
      0.7440        12.59
      0.7450        12.59
      0.7460        12.56
      0.7470        12.43
      0.7480        12.36
      0.7490        12.35
      0.7500        12.31
      0.7510        12.24
      0.7520        12.32
      0.7530        12.29
      0.7540        12.41
      0.7550        12.52
      0.7560        12.61
      0.7570        12.65
      0.7580        12.57
      0.7590        12.67
      0.7600        12.72
      0.7610        12.77
      0.7620        12.88
      0.7630        12.93
      0.7640        12.99
      0.7650        12.86
      0.7660        12.93
      0.7670        12.95
      0.7680        13.01
      0.7690        13.11
      0.7700        13.11
      0.7710        13.20
      0.7720        13.27
      0.7730        13.35
      0.7740        13.36
      0.7750        13.36
      0.7760        13.37
      0.7770        13.39
      0.7780        13.45
      0.7790        13.48
      0.7800        13.49
      0.7810        13.49
      0.7820        13.48
      0.7830        13.52
      0.7840        13.48
      0.7850        13.72
      0.7860        13.67
      0.7870        13.83
      0.7880        13.80
      0.7890        13.77
      0.7900        13.89
      0.7910        13.80
      0.7920        13.67
      0.7930        13.65
      0.7940        13.55
      0.7950        13.53
      0.7960        13.49
      0.7970        13.43
      0.7980        13.35
      0.7990        13.17
      0.8000        13.13
      0.8010        13.11
      0.8020        13.13
      0.8030        13.09
      0.8040        13.09
      0.8050        13.00
      0.8060        13.13
      0.8070        13.16
      0.8080        13.32
      0.8090        13.32
      0.8100        13.23
      0.8110        13.26
      0.8120        13.41
      0.8130        13.49
      0.8140        13.59
      0.8150        13.66
      0.8160        13.67
      0.8170        13.78
      0.8180        13.88
      0.8190        14.01
      0.8200        14.02
      0.8210        14.09
      0.8220        14.06
      0.8230        14.12
      0.8240        14.11
      0.8250        14.07
      0.8260        14.01
      0.8270        13.94
      0.8280        13.76
      0.8290        13.83
      0.8300        13.78
      0.8310        13.95
      0.8320        13.99
      0.8330        13.90
      0.8340        13.98
      0.8350        13.93
      0.8360        13.99
      0.8370        13.98
      0.8380        13.99
      0.8390        14.06
      0.8400        14.08
      0.8410        14.05
      0.8420        14.08
      0.8430        14.04
      0.8440        14.12
      0.8450        14.28
      0.8460        14.28
      0.8470        14.45
      0.8480        14.57
      0.8490        14.64
      0.8500        14.71
      0.8510        14.59
      0.8520        14.49
      0.8530        14.60
      0.8540        14.55
      0.8550        14.68
      0.8560        14.62
      0.8570        14.73
      0.8580        14.74
      0.8590        14.70
      0.8600        14.71
      0.8610        14.75
      0.8620        14.93
      0.8630        14.95
      0.8640        15.03
      0.8650        14.91
      0.8660        14.99
      0.8670        14.92
      0.8680        14.95
      0.8690        14.94
      0.8700        14.95
      0.8710        14.95
      0.8720        15.06
      0.8730        15.03
      0.8740        15.12
      0.8750        15.09
      0.8760        15.09
      0.8770        15.09
      0.8780        15.04
      0.8790        15.10
      0.8800        15.11
      0.8810        15.19
      0.8820        15.04
      0.8830        15.16
      0.8840        15.10
      0.8850        15.14
      0.8860        15.11
      0.8870        15.02
      0.8880        15.00
      0.8890        14.92
      0.8900        14.94
      0.8910        15.04
      0.8920        15.04
      0.8930        15.10
      0.8940        15.08
      0.8950        15.10
      0.8960        15.17
      0.8970        15.14
      0.8980        15.26
      0.8990        15.34
      0.9000        15.49
      0.9010        15.46
      0.9020        15.54
      0.9030        15.55
      0.9040        15.59
      0.9050        15.67
      0.9060        15.68
      0.9070        15.80
      0.9080        15.80
      0.9090        15.91
      0.9100        15.86
      0.9110        15.82
      0.9120        15.81
      0.9130        15.85
      0.9140        15.79
      0.9150        15.85
      0.9160        15.95
      0.9170        15.97
      0.9180        15.91
      0.9190        15.77
      0.9200        15.73
      0.9210        15.74
      0.9220        15.81
      0.9230        15.83
      0.9240        15.91
      0.9250        15.97
      0.9260        16.01
      0.9270        16.03
      0.9280        16.04
      0.9290        16.14
      0.9300        16.38
      0.9310        16.39
      0.9320        16.46
      0.9330        16.42
      0.9340        16.50
      0.9350        16.54
      0.9360        16.48
      0.9370        16.57
      0.9380        16.63
      0.9390        16.71
      0.9400        16.66
      0.9410        16.69
      0.9420        16.58
      0.9430        16.49
      0.9440        16.49
      0.9450        16.36
      0.9460        16.32
      0.9470        16.24
      0.9480        16.33
      0.9490        16.25
      0.9500        16.15
      0.9510        16.24
      0.9520        16.32
      0.9530        16.37
      0.9540        16.30
      0.9550        16.28
      0.9560        16.28
      0.9570        16.33
      0.9580        16.38
      0.9590        16.50
      0.9600        16.66
      0.9610        16.66
      0.9620        16.81
      0.9630        16.81
      0.9640        16.94
      0.9650        17.05
      0.9660        17.07
      0.9670        17.18
      0.9680        17.21
      0.9690        17.26
      0.9700        17.36
      0.9710        17.40
      0.9720        17.25
      0.9730        17.28
      0.9740        17.35
      0.9750        17.40
      0.9760        17.43
      0.9770        17.42
      0.9780        17.40
      0.9790        17.35
      0.9800        17.30
      0.9810        17.35
      0.9820        17.28
      0.9830        17.51
      0.9840        17.35
      0.9850        17.39
      0.9860        17.57
      0.9870        17.71
      0.9880        17.82
      0.9890        17.77
      0.9900        17.81
      0.9910        17.85
      0.9920        18.02
      0.9930        18.04
      0.9940        18.12
      0.9950        18.10
      0.9960        18.09
      0.9970        17.98
      0.9980        17.95
      0.9990        17.98
      1.0000        18.02
      1.0010        17.95
      1.0020        18.01
      1.0030        17.89
      1.0040        17.93
      1.0050        17.85
      1.0060        17.74
      1.0070        17.61
      1.0080        17.48
      1.0090        17.57
      1.0100        17.44
      1.0110        17.42
      1.0120        17.37
      1.0130        17.39
      1.0140        17.38
      1.0150        17.45
      1.0160        17.48
      1.0170        17.63
      1.0180        17.71
      1.0190        17.79
      1.0200        17.84
      1.0210        17.89
      1.0220        17.95
      1.0230        17.98
      1.0240        18.06
      1.0250        18.03
      1.0260        18.06
      1.0270        18.10
      1.0280        18.14
      1.0290        18.14
      1.0300        18.13
      1.0310        18.01
      1.0320        18.00
      1.0330        17.88
      1.0340        17.92
      1.0350        17.80
      1.0360        17.81
      1.0370        17.80
      1.0380        17.85
      1.0390        17.78
      1.0400        17.74
      1.0410        17.90
      1.0420        17.84
      1.0430        17.93
      1.0440        17.93
      1.0450        18.14
      1.0460        18.17
      1.0470        18.25
      1.0480        18.27
      1.0490        18.27
      1.0500        18.34
      1.0510        18.49
      1.0520        18.49
      1.0530        18.69
      1.0540        18.70
      1.0550        18.85
      1.0560        18.85
      1.0570        18.82
      1.0580        18.76
      1.0590        18.79
      1.0600        18.77
      1.0610        18.68
      1.0620        18.82
      1.0630        18.75
      1.0640        18.78
      1.0650        18.80
      1.0660        18.90
      1.0670        18.86
      1.0680        18.75
      1.0690        18.79
      1.0700        18.94
      1.0710        18.96
      1.0720        19.05
      1.0730        19.01
      1.0740        19.00
      1.0750        19.00
      1.0760        19.13
      1.0770        19.18
      1.0780        19.22
      1.0790        19.29
      1.0800        19.41
      1.0810        19.45
      1.0820        19.33
      1.0830        19.33
      1.0840        19.22
      1.0850        19.18
      1.0860        19.01
      1.0870        18.98
      1.0880        19.06
      1.0890        19.03
      1.0900        18.88
      1.0910        18.75
      1.0920        18.63
      1.0930        18.65
      1.0940        18.60
      1.0950        18.55
      1.0960        18.51
      1.0970        18.52
      1.0980        18.63
      1.0990        18.58
      1.1000        18.56
      1.1010        18.45
      1.1020        18.60
      1.1030        18.77
      1.1040        18.88
      1.1050        18.83
      1.1060        18.93
      1.1070        19.01
      1.1080        18.98
      1.1090        19.01
      1.1100        19.04
      1.1110        19.13
      1.1120        19.23
      1.1130        19.11
      1.1140        19.16
      1.1150        19.20
      1.1160        19.15
      1.1170        19.08
      1.1180        18.91
      1.1190        18.89
      1.1200        18.79
      1.1210        18.81
      1.1220        18.68
      1.1230        18.57
      1.1240        18.55
      1.1250        18.49
      1.1260        18.45
      1.1270        18.48
      1.1280        18.59
      1.1290        18.61
      1.1300        18.65
      1.1310        18.54
      1.1320        18.61
      1.1330        18.65
      1.1340        18.66
      1.1350        18.66
      1.1360        18.74
      1.1370        18.73
      1.1380        18.82
      1.1390        18.91
      1.1400        18.98
      1.1410        18.98
      1.1420        19.07
      1.1430        18.98
      1.1440        18.93
      1.1450        18.89
      1.1460        18.82
      1.1470        18.64
      1.1480        18.45
      1.1490        18.34
      1.1500        18.32
      1.1510        18.38
      1.1520        18.16
      1.1530        18.09
      1.1540        18.08
      1.1550        18.05
      1.1560        17.92
      1.1570        17.82
      1.1580        17.70
      1.1590        17.55
      1.1600        17.51
      1.1610        17.45
      1.1620        17.27
      1.1630        17.35
      1.1640        17.38
      1.1650        17.50
      1.1660        17.54
      1.1670        17.58
      1.1680        17.71
      1.1690        17.70
      1.1700        17.62
      1.1710        17.49
      1.1720        17.57
      1.1730        17.54
      1.1740        17.41
      1.1750        17.26
      1.1760        17.18
      1.1770        17.13
      1.1780        17.05
      1.1790        17.04
      1.1800        16.93
      1.1810        16.86
      1.1820        16.83
      1.1830        16.64
      1.1840        16.57
      1.1850        16.45
      1.1860        16.31
      1.1870        16.21
      1.1880        16.12
      1.1890        16.10
      1.1900        15.97
      1.1910        15.91
      1.1920        15.78
      1.1930        15.67
      1.1940        15.67
      1.1950        15.63
      1.1960        15.58
      1.1970        15.50
      1.1980        15.38
      1.1990        15.24
      1.2000        15.08
      1.2010        14.98
      1.2020        14.86
      1.2030        14.82
      1.2040        14.59
      1.2050        14.46
      1.2060        14.26
      1.2070        14.15
      1.2080        13.95
      1.2090        13.74
      1.2100        13.62
      1.2110        13.62
      1.2120        13.62
      1.2130        13.53
      1.2140        13.33
      1.2150        13.35
      1.2160        13.27
      1.2170        13.22
      1.2180        13.26
      1.2190        13.20
      1.2200        12.63
      1.2210        12.61
      1.2220        13.03
      1.2230        12.47
      1.2240        12.48
      1.2250        12.49
      1.2260        12.45
      1.2270        12.36
      1.2280        12.39
      1.2290        12.86
      1.2300        12.83
      1.2310        12.64
      1.2320        12.48
      1.2330        12.34
      1.2340        12.26
      1.2350        12.06
      1.2360        11.90
      1.2370        11.77
      1.2380        11.55
      1.2390        11.35
      1.2400        11.42
      1.2410        11.30
      1.2420        11.26
      1.2430        11.18
      1.2440        11.18
      1.2450        10.96
      1.2460        10.92
      1.2470        10.89
      1.2480        10.73
      1.2490        10.23
      1.2500        10.24
      1.2510        10.26
      1.2520        10.26
      1.2530        10.27
      1.2540        10.16
      1.2550        10.08
      1.2560        10.07
      1.2570         9.98
      1.2580         9.95
      1.2590         9.91
      1.2600         9.72
      1.2610         9.62
      1.2620         9.44
      1.2630         9.23
      1.2640         9.06
      1.2650         9.00
      1.2660         8.88
      1.2670         8.63
      1.2680         8.46
      1.2690         8.26
      1.2700         8.06
      1.2710         7.90
      1.2720         7.71
      1.2730         7.59
      1.2740         7.54
      1.2750         7.48
      1.2760         7.46
      1.2770         7.34
      1.2780         7.22
      1.2790         7.10
      1.2800         7.06
      1.2810         7.02
      1.2820         6.99
      1.2830         6.96
      1.2840         6.88
      1.2850         6.71
      1.2860         6.60
      1.2870         6.52
      1.2880         6.47
      1.2890         6.31
      1.2900         6.18
      1.2910         5.91
      1.2920         5.31
      1.2930         5.19
      1.2940         5.10
      1.2950         5.03
      1.2960         4.96
      1.2970         4.91
      1.2980         4.84
      1.2990         4.76
      1.3000         4.74
      1.3010         4.64
      1.3020         4.64
      1.3030         4.60
      1.3040         4.56
      1.3050         4.60
      1.3060         4.58
      1.3070         4.56
      1.3080         4.55
      1.3090         4.74
      1.3100         4.79
      1.3110         4.87
      1.3120         4.85
      1.3130         4.95
      1.3140         4.99
      1.3150         4.90
      1.3160         4.85
      1.3170         4.82
      1.3180         4.87
      1.3190         4.90
      1.3200         4.83
      1.3210         4.86
      1.3220         4.75
      1.3230         4.75
      1.3240         4.74
      1.3250         4.66
      1.3260         4.56
      1.3270         4.60
      1.3280         4.54
      1.3290         4.43
      1.3300         4.35
      1.3310         4.27
      1.3320         4.26
      1.3330         4.20
      1.3340         4.27
      1.3350         4.35
      1.3360         4.42
      1.3370         4.46
      1.3380         4.40
      1.3390         4.43
      1.3400         4.44
      1.3410         4.43
      1.3420         4.46
      1.3430         4.43
      1.3440         4.39
      1.3450         4.40
      1.3460         4.44
      1.3470         4.42
      1.3480         4.48
      1.3490         4.44
      1.3500         4.48
      1.3510         4.55
      1.3520         4.52
      1.3530         4.48
      1.3540         4.44
      1.3550         4.43
      1.3560         4.40
      1.3570         4.38
      1.3580         4.40
      1.3590         4.44
      1.3600         4.50
      1.3610         4.40
      1.3620         4.43
      1.3630         4.48
      1.3640         4.59
      1.3650         4.58
      1.3660         4.63
      1.3670         4.72
      1.3680         4.71
      1.3690         4.72
      1.3700         4.67
      1.3710         4.67
      1.3720         4.71
      1.3730         4.78
      1.3740         4.76
      1.3750         4.70
      1.3760         4.74
      1.3770         4.79
      1.3780         4.72
      1.3790         4.67
      1.3800         4.59
      1.3810         4.66
      1.3820         4.63
      1.3830         4.58
      1.3840         4.52
      1.3850         4.46
      1.3860         4.40
      1.3870         4.26
      1.3880         4.27
      1.3890         4.27
      1.3900         4.34
      1.3910         4.30
      1.3920         4.32
      1.3930         4.26
      1.3940         4.27
      1.3950         4.38
      1.3960         4.35
      1.3970         4.39
      1.3980         4.48
      1.3990         4.46
      1.4000         4.52
      1.4010         4.52
      1.4020         4.54
      1.4030         4.58
      1.4040         4.58
      1.4050         4.61
      1.4060         4.63
      1.4070         4.66
      1.4080         4.59
      1.4090         4.57
      1.4100         4.55
      1.4110         4.54
      1.4120         4.47
      1.4130         4.49
      1.4140         4.45
      1.4150         4.46
      1.4160         4.45
      1.4170         4.34
      1.4180         4.33
      1.4190         4.38
      1.4200         4.34
      1.4210         4.41
      1.4220         4.34
      1.4230         4.41
      1.4240         4.43
      1.4250         4.51
      1.4260         4.53
      1.4270         4.54
      1.4280         4.59
      1.4290         4.67
      1.4300         4.63
      1.4310         4.59
      1.4320         4.66
      1.4330         4.71
      1.4340         4.70
      1.4350         4.70
      1.4360         4.62
      1.4370         4.62
      1.4380         4.54
      1.4390         4.40
      1.4400         4.39
      1.4410         4.34
      1.4420         4.36
      1.4430         4.22
      1.4440         4.14
      1.4450         4.11
      1.4460         4.12
      1.4470         4.10
      1.4480         4.03
      1.4490         3.99
      1.4500         3.99
      1.4510         4.07
      1.4520         4.07
      1.4530         4.11
      1.4540         4.12
      1.4550         4.07
      1.4560         4.18
      1.4570         4.23
      1.4580         4.27
      1.4590         4.36
      1.4600         4.38
      1.4610         4.38
      1.4620         4.47
      1.4630         4.52
      1.4640         4.61
      1.4650         4.67
      1.4660         4.66
      1.4670         4.70
      1.4680         4.73
      1.4690         4.75
      1.4700         4.89
      1.4710         4.82
      1.4720         4.77
      1.4730         4.74
      1.4740         4.71
      1.4750         4.71
      1.4760         4.67
      1.4770         4.69
      1.4780         4.70
      1.4790         4.73
      1.4800         4.76
      1.4810         4.78
      1.4820         4.68
      1.4830         4.75
      1.4840         4.74
      1.4850         4.63
      1.4860         4.63
      1.4870         4.70
      1.4880         4.71
      1.4890         4.67
      1.4900         4.52
      1.4910         4.50
      1.4920         4.56
      1.4930         4.58
      1.4940         4.54
      1.4950         4.56
      1.4960         4.54
      1.4970         4.47
      1.4980         4.40
      1.4990         4.36
      1.5000         4.31
      1.5010         4.27
      1.5020         4.23
      1.5030         4.19
      1.5040         4.15
      1.5050         4.14
      1.5060         4.07
      1.5070         4.02
      1.5080         4.03
      1.5090         4.04
      1.5100         4.03
      1.5110         4.07
      1.5120         4.08
      1.5130         4.06
      1.5140         4.12
      1.5150         4.08
      1.5160         4.12
      1.5170         4.18
      1.5180         4.32
      1.5190         4.39
      1.5200         4.39
      1.5210         4.48
      1.5220         4.51
      1.5230         4.46
      1.5240         4.48
      1.5250         4.51
      1.5260         4.60
      1.5270         4.54
      1.5280         4.51
      1.5290         4.43
      1.5300         4.47
      1.5310         4.52
      1.5320         4.43
      1.5330         4.44
      1.5340         4.40
      1.5350         4.46
      1.5360         4.40
      1.5370         4.40
      1.5380         4.32
      1.5390         4.26
      1.5400         4.32
      1.5410         4.28
      1.5420         4.38
      1.5430         4.47
      1.5440         4.48
      1.5450         4.50
      1.5460         4.42
      1.5470         4.48
      1.5480         4.47
      1.5490         4.62
      1.5500         4.67
      1.5510         4.63
      1.5520         4.73
      1.5530         4.70
      1.5540         4.73
      1.5550         4.70
      1.5560         4.74
      1.5570         4.68
      1.5580         4.70
      1.5590         4.77
      1.5600         4.67
      1.5610         4.62
      1.5620         4.52
      1.5630         4.48
      1.5640         4.44
      1.5650         4.36
      1.5660         4.38
      1.5670         4.38
      1.5680         4.42
      1.5690         4.30
      1.5700         4.30
      1.5710         4.39
      1.5720         4.31
      1.5730         4.34
      1.5740         4.42
      1.5750         4.46
      1.5760         4.39
      1.5770         4.46
      1.5780         4.48
      1.5790         4.48
      1.5800         4.50
      1.5810         4.50
      1.5820         4.56
      1.5830         4.64
      1.5840         4.67
      1.5850         4.72
      1.5860         4.78
      1.5870         4.78
      1.5880         4.68
      1.5890         4.66
      1.5900         4.64
      1.5910         4.56
      1.5920         4.56
      1.5930         4.52
      1.5940         4.47
      1.5950         4.46
      1.5960         4.52
      1.5970         4.47
      1.5980         4.43
      1.5990         4.38
      1.6000         4.36
      1.6010         4.39
      1.6020         4.40
      1.6030         4.32
      1.6040         4.24
      1.6050         4.27
      1.6060         4.32
      1.6070         4.28
      1.6080         4.36
      1.6090         4.42
      1.6100         4.36
      1.6110         4.32
      1.6120         4.40
      1.6130         4.43
      1.6140         4.38
      1.6150         4.32
      1.6160         4.28
      1.6170         4.24
      1.6180         4.23
      1.6190         4.23
      1.6200         4.26
      1.6210         4.24
      1.6220         4.18
      1.6230         4.11
      1.6240         4.19
      1.6250         4.18
      1.6260         4.07
      1.6270         4.19
      1.6280         4.19
      1.6290         4.23
      1.6300         4.34
      1.6310         4.37
      1.6320         4.35
      1.6330         4.37
      1.6340         4.39
      1.6350         4.41
      1.6360         4.43
      1.6370         4.49
      1.6380         4.50
      1.6390         4.51
      1.6400         4.47
      1.6410         4.46
      1.6420         4.46
      1.6430         4.52
      1.6440         4.50
      1.6450         4.44
      1.6460         4.43
      1.6470         4.31
      1.6480         4.28
      1.6490         4.22
      1.6500         4.16
      1.6510         4.18
      1.6520         4.09
      1.6530         4.09
      1.6540         4.12
      1.6550         4.11
      1.6560         4.10
      1.6570         4.16
      1.6580         4.16
      1.6590         4.22
      1.6600         4.26
      1.6610         4.34
      1.6620         4.43
      1.6630         4.43
      1.6640         4.48
      1.6650         4.56
      1.6660         4.63
      1.6670         4.64
      1.6680         4.68
      1.6690         4.74
      1.6700         4.67
      1.6710         4.66
      1.6720         4.68
      1.6730         4.64
      1.6740         4.59
      1.6750         4.56
      1.6760         4.51
      1.6770         4.44
      1.6780         4.43
      1.6790         4.39
      1.6800         4.36
      1.6810         4.32
      1.6820         4.26
      1.6830         4.28
      1.6840         4.31
      1.6850         4.31
      1.6860         4.23
      1.6870         4.24
      1.6880         4.31
      1.6890         4.31
      1.6900         4.31
      1.6910         4.32
      1.6920         4.38
      1.6930         4.32
      1.6940         4.40
      1.6950         4.51
      1.6960         4.58
      1.6970         4.54
      1.6980         4.54
      1.6990         4.57
      1.7000         4.59
      1.7010         4.54
      1.7020         4.52
      1.7030         4.51
      1.7040         4.46
      1.7050         4.38
      1.7060         4.47
      1.7070         4.50
      1.7080         4.40
      1.7090         4.36
      1.7100         4.28
      1.7110         4.26
      1.7120         4.22
      1.7130         4.24
      1.7140         4.26
      1.7150         4.19
      1.7160         4.20
      1.7170         4.27
      1.7180         4.27
      1.7190         4.26
      1.7200         4.33
      1.7210         4.41
      1.7220         4.47
      1.7230         4.47
      1.7240         4.48
      1.7250         4.58
      1.7260         4.52
      1.7270         4.57
      1.7280         4.59
      1.7290         4.62
      1.7300         4.74
      1.7310         4.78
      1.7320         4.75
      1.7330         4.76
      1.7340         4.68
      1.7350         4.68
      1.7360         4.67
      1.7370         4.66
      1.7380         4.62
      1.7390         4.58
      1.7400         4.52
      1.7410         4.46
      1.7420         4.36
      1.7430         4.34
      1.7440         4.31
      1.7450         4.28
      1.7460         4.20
      1.7470         4.20
      1.7480         4.23
      1.7490         4.26
      1.7500         4.27
      1.7510         4.23
      1.7520         4.31
      1.7530         4.31
      1.7540         4.37
      1.7550         4.38
      1.7560         4.42
      1.7570         4.39
      1.7580         4.45
      1.7590         4.47
      1.7600         4.47
      1.7610         4.53
      1.7620         4.57
      1.7630         4.54
      1.7640         4.49
      1.7650         4.49
      1.7660         4.55
      1.7670         4.43
      1.7680         4.39
      1.7690         4.27
      1.7700         4.31
      1.7710         4.39
      1.7720         4.38
      1.7730         4.39
      1.7740         4.37
      1.7750         4.38
      1.7760         4.42
      1.7770         4.45
      1.7780         4.50
      1.7790         4.46
      1.7800         4.47
      1.7810         4.39
      1.7820         4.42
      1.7830         4.47
      1.7840         4.62
      1.7850         4.61
      1.7860         4.62
      1.7870         4.63
      1.7880         4.58
      1.7890         4.69
      1.7900         4.71
      1.7910         4.67
      1.7920         4.62
      1.7930         4.57
      1.7940         4.51
      1.7950         4.53
      1.7960         4.41
      1.7970         4.37
      1.7980         4.27
      1.7990         4.32
      1.8000         4.30
      1.8010         4.34
      1.8020         4.28
      1.8030         4.30
      1.8040         4.18
      1.8050         4.22
      1.8060         4.27
      1.8070         4.28
      1.8080         4.38
      1.8090         4.39
      1.8100         4.30
      1.8110         4.33
      1.8120         4.35
      1.8130         4.39
      1.8140         4.47
      1.8150         4.47
      1.8160         4.61
      1.8170         4.67
      1.8180         4.71
      1.8190         4.69
      1.8200         4.70
      1.8210         4.63
      1.8220         4.63
      1.8230         4.63
      1.8240         4.66
      1.8250         4.59
      1.8260         4.53
      1.8270         4.57
      1.8280         4.47
      1.8290         4.47
      1.8300         4.49
      1.8310         4.50
      1.8320         4.55
      1.8330         4.62
      1.8340         4.65
      1.8350         4.54
      1.8360         4.46
      1.8370         4.42
      1.8380         4.39
      1.8390         4.43
      1.8400         4.41
      1.8410         4.51
      1.8420         4.51
      1.8430         4.47
      1.8440         4.54
      1.8450         4.66
      1.8460         4.63
      1.8470         4.58
      1.8480         4.66
      1.8490         4.64
      1.8500         4.58
      1.8510         4.48
      1.8520         4.39
      1.8530         4.34
      1.8540         4.22
      1.8550         4.30
      1.8560         4.27
      1.8570         4.26
      1.8580         4.30
      1.8590         4.24
      1.8600         4.24
      1.8610         4.18
      1.8620         4.15
      1.8630         4.12
      1.8640         4.08
      1.8650         4.03
      1.8660         4.03
      1.8670         4.07
      1.8680         4.03
      1.8690         4.03
      1.8700         4.10
      1.8710         4.18
      1.8720         4.22
      1.8730         4.23
      1.8740         4.30
      1.8750         4.18
      1.8760         4.18
      1.8770         4.18
      1.8780         4.11
      1.8790         4.11
      1.8800         4.18
      1.8810         4.22
      1.8820         4.24
      1.8830         4.27
      1.8840         4.19
      1.8850         4.16
      1.8860         4.24
      1.8870         4.24
      1.8880         4.27
      1.8890         4.28
      1.8900         4.24
      1.8910         4.19
      1.8920         4.20
      1.8930         4.23
      1.8940         4.23
      1.8950         4.36
      1.8960         4.37
      1.8970         4.41
      1.8980         4.49
      1.8990         4.52
      1.9000         4.47
      1.9010         4.43
      1.9020         4.45
      1.9030         4.43
      1.9040         4.49
      1.9050         4.49
      1.9060         4.44
      1.9070         4.39
      1.9080         4.36
      1.9090         4.32
      1.9100         4.28
      1.9110         4.28
      1.9120         4.16
      1.9130         4.10
      1.9140         4.10
      1.9150         4.06
      1.9160         4.01
      1.9170         3.98
      1.9180         3.98
      1.9190         3.98
      1.9200         4.04
      1.9210         4.06
      1.9220         4.08
      1.9230         4.16
      1.9240         4.17
      1.9250         4.20
      1.9260         4.21
      1.9270         4.26
      1.9280         4.26
      1.9290         4.24
      1.9300         4.32
      1.9310         4.33
      1.9320         4.45
      1.9330         4.42
      1.9340         4.42
      1.9350         4.42
      1.9360         4.44
      1.9370         4.41
      1.9380         4.34
      1.9390         4.36
      1.9400         4.33
      1.9410         4.38
      1.9420         4.34
      1.9430         4.24
      1.9440         4.18
      1.9450         4.20
      1.9460         4.20
      1.9470         4.18
      1.9480         4.21
      1.9490         4.26
      1.9500         4.25
      1.9510         4.26
      1.9520         4.28
      1.9530         4.38
      1.9540         4.42
      1.9550         4.45
      1.9560         4.49
      1.9570         4.56
      1.9580         4.65
      1.9590         4.57
      1.9600         4.62
      1.9610         4.58
      1.9620         4.58
      1.9630         4.62
      1.9640         4.69
      1.9650         4.58
      1.9660         4.54
      1.9670         4.53
      1.9680         4.53
      1.9690         4.49
      1.9700         4.55
      1.9710         4.58
      1.9720         4.63
      1.9730         4.58
      1.9740         4.50
      1.9750         4.46
      1.9760         4.43
      1.9770         4.45
      1.9780         4.41
      1.9790         4.46
      1.9800         4.43
      1.9810         4.46
      1.9820         4.53
      1.9830         4.54
      1.9840         4.51
      1.9850         4.63
      1.9860         4.71
      1.9870         4.67
      1.9880         4.71
      1.9890         4.78
      1.9900         4.70
      1.9910         4.66
      1.9920         4.63
      1.9930         4.55
      1.9940         4.59
      1.9950         4.65
      1.9960         4.62
      1.9970         4.54
      1.9980         4.50
      1.9990         4.50
      2.0000         4.43
      2.0010         4.41
      2.0020         4.35
      2.0030         4.35
      2.0040         4.34
      2.0050         4.22
      2.0060         4.21
      2.0070         4.27
      2.0080         4.22
      2.0090         4.18
      2.0100         4.18
      2.0110         4.23
      2.0120         4.22
      2.0130         4.33
      2.0140         4.30
      2.0150         4.23
      2.0160         4.34
      2.0170         4.43
      2.0180         4.41
      2.0190         4.38
      2.0200         4.34
      2.0210         4.35
      2.0220         4.35
      2.0230         4.37
      2.0240         4.34
      2.0250         4.38
      2.0260         4.27
      2.0270         4.22
      2.0280         4.23
      2.0290         4.22
      2.0300         4.22
      2.0310         4.11
      2.0320         4.08
      2.0330         4.03
      2.0340         4.03
      2.0350         4.11
      2.0360         4.05
      2.0370         4.00
      2.0380         4.09
      2.0390         4.11
      2.0400         4.15
      2.0410         4.14
      2.0420         4.21
      2.0430         4.23
      2.0440         4.29
      2.0450         4.30
      2.0460         4.34
      2.0470         4.41
      2.0480         4.35
      2.0490         4.34
      2.0500         4.33
      2.0510         4.43
      2.0520         4.37
      2.0530         4.34
      2.0540         4.33
      2.0550         4.25
      2.0560         4.22
      2.0570         4.19
      2.0580         4.14
      2.0590         4.04
      2.0600         4.08
      2.0610         4.10
      2.0620         4.06
      2.0630         4.00
      2.0640         3.98
      2.0650         4.05
      2.0660         4.10
      2.0670         4.09
      2.0680         4.19
      2.0690         4.21
      2.0700         4.21
      2.0710         4.18
      2.0720         4.27
      2.0730         4.33
      2.0740         4.34
      2.0750         4.45
      2.0760         4.49
      2.0770         4.51
      2.0780         4.54
      2.0790         4.64
      2.0800         4.66
      2.0810         4.64
      2.0820         4.64
      2.0830         4.65
      2.0840         4.64
      2.0850         4.60
      2.0860         4.56
      2.0870         4.49
      2.0880         4.40
      2.0890         4.37
      2.0900         4.38
      2.0910         4.37
      2.0920         4.33
      2.0930         4.36
      2.0940         4.41
      2.0950         4.37
      2.0960         4.38
      2.0970         4.41
      2.0980         4.45
      2.0990         4.45
      2.1000         4.46
      2.1010         4.50
      2.1020         4.49
      2.1030         4.46
      2.1040         4.46
      2.1050         4.43
      2.1060         4.49
      2.1070         4.51
      2.1080         4.51
      2.1090         4.58
      2.1100         4.59
      2.1110         4.54
      2.1120         4.59
      2.1130         4.54
      2.1140         4.50
      2.1150         4.50
      2.1160         4.42
      2.1170         4.31
      2.1180         4.37
      2.1190         4.35
      2.1200         4.29
      2.1210         4.27
      2.1220         4.25
      2.1230         4.26
      2.1240         4.39
      2.1250         4.38
      2.1260         4.35
      2.1270         4.41
      2.1280         4.46
      2.1290         4.45
      2.1300         4.39
      2.1310         4.41
      2.1320         4.37
      2.1330         4.39
      2.1340         4.41
      2.1350         4.45
      2.1360         4.55
      2.1370         4.61
      2.1380         4.49
      2.1390         4.50
      2.1400         4.50
      2.1410         4.46
      2.1420         4.46
      2.1430         4.47
      2.1440         4.43
      2.1450         4.47
      2.1460         4.43
      2.1470         4.42
      2.1480         4.43
      2.1490         4.41
      2.1500         4.48
      2.1510         4.56
      2.1520         4.56
      2.1530         4.53
      2.1540         4.53
      2.1550         4.49
      2.1560         4.46
      2.1570         4.49
      2.1580         4.53
      2.1590         4.61
      2.1600         4.67
      2.1610         4.71
      2.1620         4.76
      2.1630         4.77
      2.1640         4.71
      2.1650         4.78
      2.1660         4.83
      2.1670         4.79
      2.1680         4.78
      2.1690         4.83
      2.1700         4.83
      2.1710         4.75
      2.1720         4.73
      2.1730         4.75
      2.1740         4.71
      2.1750         4.74
      2.1760         4.70
      2.1770         4.65
      2.1780         4.65
      2.1790         4.55
      2.1800         4.46
      2.1810         4.50
      2.1820         4.51
      2.1830         4.45
      2.1840         4.38
      2.1850         4.34
      2.1860         4.35
      2.1870         4.45
      2.1880         4.47
      2.1890         4.51
      2.1900         4.47
      2.1910         4.51
      2.1920         4.54
      2.1930         4.54
      2.1940         4.62
      2.1950         4.54
      2.1960         4.53
      2.1970         4.53
      2.1980         4.45
      2.1990         4.49
      2.2000         4.55
      2.2010         4.51
      2.2020         4.47
      2.2030         4.51
      2.2040         4.54
      2.2050         4.42
      2.2060         4.39
      2.2070         4.31
      2.2080         4.27
      2.2090         4.16
      2.2100         4.16
      2.2110         4.19
      2.2120         4.18
      2.2130         4.19
      2.2140         4.16
      2.2150         4.19
      2.2160         4.23
      2.2170         4.28
      2.2180         4.43
      2.2190         4.40
      2.2200         4.40
      2.2210         4.39
      2.2220         4.42
      2.2230         4.47
      2.2240         4.52
      2.2250         4.58
      2.2260         4.59
      2.2270         4.64
      2.2280         4.63
      2.2290         4.63
      2.2300         4.62
      2.2310         4.58
      2.2320         4.55
      2.2330         4.48
      2.2340         4.47
      2.2350         4.48
      2.2360         4.46
      2.2370         4.44
      2.2380         4.39
      2.2390         4.36
      2.2400         4.35
      2.2410         4.34
      2.2420         4.27
      2.2430         4.27
      2.2440         4.27
      2.2450         4.34
      2.2460         4.35
      2.2470         4.35
      2.2480         4.33
      2.2490         4.38
      2.2500         4.53
      2.2510         4.51
      2.2520         4.50
      2.2530         4.55
      2.2540         4.59
      2.2550         4.65
      2.2560         4.63
      2.2570         4.63
      2.2580         4.63
      2.2590         4.59
      2.2600         4.60
      2.2610         4.59
      2.2620         4.66
      2.2630         4.58
      2.2640         4.54
      2.2650         4.46
      2.2660         4.48
      2.2670         4.51
      2.2680         4.55
      2.2690         4.54
      2.2700         4.44
      2.2710         4.42
      2.2720         4.48
      2.2730         4.52
      2.2740         4.50
      2.2750         4.48
      2.2760         4.48
      2.2770         4.48
      2.2780         4.51
      2.2790         4.59
      2.2800         4.59
      2.2810         4.63
      2.2820         4.63
      2.2830         4.62
      2.2840         4.65
      2.2850         4.70
      2.2860         4.67
      2.2870         4.60
      2.2880         4.56
      2.2890         4.52
      2.2900         4.56
      2.2910         4.63
      2.2920         4.60
      2.2930         4.51
      2.2940         4.48
      2.2950         4.43
      2.2960         4.46
      2.2970         4.46
      2.2980         4.39
      2.2990         4.35
      2.3000         4.32
      2.3010         4.34
      2.3020         4.30
      2.3030         4.43
      2.3040         4.43
      2.3050         4.44
      2.3060         4.42
      2.3070         4.44
      2.3080         4.50
      2.3090         4.50
      2.3100         4.44
      2.3110         4.44
      2.3120         4.42
      2.3130         4.44
      2.3140         4.46
      2.3150         4.44
      2.3160         4.44
      2.3170         4.38
      2.3180         4.35
      2.3190         4.36
      2.3200         4.38
      2.3210         4.38
      2.3220         4.42
      2.3230         4.40
      2.3240         4.36
      2.3250         4.38
      2.3260         4.42
      2.3270         4.44
      2.3280         4.40
      2.3290         4.39
      2.3300         4.44
      2.3310         4.50
      2.3320         4.48
      2.3330         4.60
      2.3340         4.67
      2.3350         4.72
      2.3360         4.76
      2.3370         4.91
      2.3380         4.94
      2.3390         4.99
      2.3400         4.92
      2.3410         4.90
      2.3420         4.88
      2.3430         4.87
      2.3440         4.82
      2.3450         4.76
      2.3460         4.70
      2.3470         4.62
      2.3480         4.66
      2.3490         4.67
      2.3500         4.66
      2.3510         4.55
      2.3520         4.56
      2.3530         4.44
      2.3540         4.35
      2.3550         4.31
      2.3560         4.34
      2.3570         4.30
      2.3580         4.35
      2.3590         4.27
      2.3600         4.40
      2.3610         4.42
      2.3620         4.38
      2.3630         4.37
      2.3640         4.51
      2.3650         4.49
      2.3660         4.45
      2.3670         4.47
      2.3680         4.45
      2.3690         4.46
      2.3700         4.46
      2.3710         4.48
      2.3720         4.52
      2.3730         4.48
      2.3740         4.50
      2.3750         4.52
      2.3760         4.43
      2.3770         4.38
      2.3780         4.35
      2.3790         4.39
      2.3800         4.27
      2.3810         4.28
      2.3820         4.34
      2.3830         4.30
      2.3840         4.24
      2.3850         4.28
      2.3860         4.38
      2.3870         4.38
      2.3880         4.40
      2.3890         4.44
      2.3900         4.43
      2.3910         4.46
      2.3920         4.48
      2.3930         4.52
      2.3940         4.55
      2.3950         4.56
      2.3960         4.64
      2.3970         4.70
      2.3980         4.62
      2.3990         4.70
      2.4000         4.76
      2.4010         4.75
      2.4020         4.78
      2.4030         4.78
      2.4040         4.75
      2.4050         4.72
      2.4060         4.67
      2.4070         4.66
      2.4080         4.52
      2.4090         4.50
      2.4100         4.51
      2.4110         4.50
      2.4120         4.46
      2.4130         4.40
      2.4140         4.40
      2.4150         4.38
      2.4160         4.38
      2.4170         4.35
      2.4180         4.39
      2.4190         4.28
      2.4200         4.31
      2.4210         4.31
      2.4220         4.36
      2.4230         4.34
      2.4240         4.36
      2.4250         4.45
      2.4260         4.51
      2.4270         4.55
      2.4280         4.66
      2.4290         4.77
      2.4300         4.78
      2.4310         4.78
      2.4320         4.79
      2.4330         4.82
      2.4340         4.71
      2.4350         4.74
      2.4360         4.75
      2.4370         4.71
      2.4380         4.71
      2.4390         4.70
      2.4400         4.65
      2.4410         4.59
      2.4420         4.46
      2.4430         4.55
      2.4440         4.55
      2.4450         4.46
      2.4460         4.42
      2.4470         4.38
      2.4480         4.44
      2.4490         4.35
      2.4500         4.31
      2.4510         4.35
      2.4520         4.36
      2.4530         4.44
      2.4540         4.62
      2.4550         4.62
      2.4560         4.50
      2.4570         4.47
      2.4580         4.58
      2.4590         4.62
      2.4600         4.64
      2.4610         4.63
      2.4620         4.66
      2.4630         4.62
      2.4640         4.51
      2.4650         4.58
      2.4660         4.60
      2.4670         4.52
      2.4680         4.44
      2.4690         4.44
      2.4700         4.46
      2.4710         4.40
      2.4720         4.38
      2.4730         4.36
      2.4740         4.30
      2.4750         4.28
      2.4760         4.36
      2.4770         4.44
      2.4780         4.36
      2.4790         4.42
      2.4800         4.43
      2.4810         4.55
      2.4820         4.64
      2.4830         4.55
      2.4840         4.64
      2.4850         4.62
      2.4860         4.59
      2.4870         4.68
      2.4880         4.70
      2.4890         4.68
      2.4900         4.60
      2.4910         4.56
      2.4920         4.55
      2.4930         4.47
      2.4940         4.47
      2.4950         4.39
      2.4960         4.34
      2.4970         4.27
      2.4980         4.24
      2.4990         4.12
      2.5000         4.04
      2.5010         4.00
      2.5020         3.95
      2.5030         4.00
      2.5040         4.03
      2.5050         4.00
      2.5060         4.00
      2.5070         4.02
      2.5080         4.02
      2.5090         4.04
      2.5100         4.06
      2.5110         4.14
      2.5120         4.16
      2.5130         4.26
      2.5140         4.24
      2.5150         4.24
      2.5160         4.26
      2.5170         4.26
      2.5180         4.27
      2.5190         4.34
      2.5200         4.31
      2.5210         4.28
      2.5220         4.21
      2.5230         4.20
      2.5240         4.12
      2.5250         4.13
      2.5260         4.08
      2.5270         4.07
      2.5280         3.99
      2.5290         3.96
      2.5300         3.99
      2.5310         3.88
      2.5320         3.88
      2.5330         3.87
      2.5340         3.86
      2.5350         3.90
      2.5360         3.97
      2.5370         4.08
      2.5380         4.09
      2.5390         4.12
      2.5400         4.24
      2.5410         4.27
      2.5420         4.32
      2.5430         4.35
      2.5440         4.47
      2.5450         4.48
      2.5460         4.48
      2.5470         4.51
      2.5480         4.57
      2.5490         4.59
      2.5500         4.60
      2.5510         4.63
      2.5520         4.60
      2.5530         4.47
      2.5540         4.48
      2.5550         4.49
      2.5560         4.40
      2.5570         4.29
      2.5580         4.29
      2.5590         4.23
      2.5600         4.16
      2.5610         4.13
      2.5620         4.20
      2.5630         4.09
      2.5640         4.03
      2.5650         4.03
      2.5660         4.13
      2.5670         4.11
      2.5680         4.15
      2.5690         4.17
      2.5700         4.24
      2.5710         4.35
      2.5720         4.36
      2.5730         4.48
      2.5740         4.51
      2.5750         4.51
      2.5760         4.56
      2.5770         4.59
      2.5780         4.53
      2.5790         4.56
      2.5800         4.63
      2.5810         4.60
      2.5820         4.51
      2.5830         4.65
      2.5840         4.63
      2.5850         4.61
      2.5860         4.51
      2.5870         4.52
      2.5880         4.48
      2.5890         4.48
      2.5900         4.45
      2.5910         4.39
      2.5920         4.45
      2.5930         4.44
      2.5940         4.40
      2.5950         4.41
      2.5960         4.47
      2.5970         4.52
      2.5980         4.52
      2.5990         4.55
      2.6000         4.49
      2.6010         4.55
      2.6020         4.61
      2.6030         4.56
      2.6040         4.53
      2.6050         4.59
      2.6060         4.69
      2.6070         4.75
      2.6080         4.73
      2.6090         4.65
      2.6100         4.57
      2.6110         4.61
      2.6120         4.60
      2.6130         4.56
      2.6140         4.53
      2.6150         4.57
      2.6160         4.52
      2.6170         4.40
      2.6180         4.41
      2.6190         4.39
      2.6200         4.37
      2.6210         4.37
      2.6220         4.29
      2.6230         4.29
      2.6240         4.36
      2.6250         4.32
      2.6260         4.31
      2.6270         4.31
      2.6280         4.34
      2.6290         4.42
      2.6300         4.48
      2.6310         4.54
      2.6320         4.52
      2.6330         4.50
      2.6340         4.54
      2.6350         4.51
      2.6360         4.49
      2.6370         4.53
      2.6380         4.52
      2.6390         4.56
      2.6400         4.59
      2.6410         4.56
      2.6420         4.60
      2.6430         4.59
      2.6440         4.60
      2.6450         4.59
      2.6460         4.51
      2.6470         4.44
      2.6480         4.37
      2.6490         4.33
      2.6500         4.33
      2.6510         4.25
      2.6520         4.16
      2.6530         4.29
      2.6540         4.32
      2.6550         4.25
      2.6560         4.32
      2.6570         4.36
      2.6580         4.44
      2.6590         4.47
      2.6600         4.45
      2.6610         4.49
      2.6620         4.51
      2.6630         4.55
      2.6640         4.57
      2.6650         4.59
      2.6660         4.56
      2.6670         4.55
      2.6680         4.56
      2.6690         4.61
      2.6700         4.59
      2.6710         4.53
      2.6720         4.60
      2.6730         4.51
      2.6740         4.45
      2.6750         4.53
      2.6760         4.49
      2.6770         4.49
      2.6780         4.44
      2.6790         4.41
      2.6800         4.41
      2.6810         4.36
      2.6820         4.33
      2.6830         4.33
      2.6840         4.30
      2.6850         4.29
      2.6860         4.37
      2.6870         4.47
      2.6880         4.57
      2.6890         4.55
      2.6900         4.60
      2.6910         4.69
      2.6920         4.67
      2.6930         4.65
      2.6940         4.65
      2.6950         4.57
      2.6960         4.48
      2.6970         4.47
      2.6980         4.47
      2.6990         4.44
      2.7000         4.43
      2.7010         4.37
      2.7020         4.40
      2.7030         4.43
      2.7040         4.35
      2.7050         4.31
      2.7060         4.24
      2.7070         4.20
      2.7080         4.11
      2.7090         4.04
      2.7100         4.03
      2.7110         3.99
      2.7120         3.97
      2.7130         4.01
      2.7140         4.04
      2.7150         4.05
      2.7160         4.15
      2.7170         4.15
      2.7180         4.17
      2.7190         4.21
      2.7200         4.19
      2.7210         4.21
      2.7220         4.13
      2.7230         4.12
      2.7240         4.12
      2.7250         4.16
      2.7260         4.21
      2.7270         4.15
      2.7280         4.17
      2.7290         4.19
      2.7300         4.17
      2.7310         4.11
      2.7320         4.11
      2.7330         4.12
      2.7340         4.11
      2.7350         4.13
      2.7360         4.15
      2.7370         4.20
      2.7380         4.20
      2.7390         4.19
      2.7400         4.24
      2.7410         4.27
      2.7420         4.35
      2.7430         4.32
      2.7440         4.37
      2.7450         4.43
      2.7460         4.49
      2.7470         4.59
      2.7480         4.63
      2.7490         4.67
      2.7500         4.68
      2.7510         4.76
      2.7520         4.79
      2.7530         4.74
      2.7540         4.70
      2.7550         4.67
      2.7560         4.65
      2.7570         4.57
      2.7580         4.52
      2.7590         4.47
      2.7600         4.43
      2.7610         4.44
      2.7620         4.44
      2.7630         4.40
      2.7640         4.36
      2.7650         4.31
      2.7660         4.21
      2.7670         4.11
      2.7680         4.09
      2.7690         4.08
      2.7700         4.13
      2.7710         4.19
      2.7720         4.17
      2.7730         4.28
      2.7740         4.31
      2.7750         4.36
      2.7760         4.36
      2.7770         4.36
      2.7780         4.44
      2.7790         4.47
      2.7800         4.44
      2.7810         4.47
      2.7820         4.44
      2.7830         4.46
      2.7840         4.52
      2.7850         4.43
      2.7860         4.42
      2.7870         4.44
      2.7880         4.44
      2.7890         4.46
      2.7900         4.35
      2.7910         4.26
      2.7920         4.23
      2.7930         4.12
      2.7940         4.11
      2.7950         4.12
      2.7960         4.15
      2.7970         4.12
      2.7980         4.14
      2.7990         4.15
      2.8000         4.23
      2.8010         4.17
      2.8020         4.20
      2.8030         4.21
      2.8040         4.19
      2.8050         4.27
      2.8060         4.32
      2.8070         4.35
      2.8080         4.36
      2.8090         4.32
      2.8100         4.29
      2.8110         4.35
      2.8120         4.43
      2.8130         4.43
      2.8140         4.45
      2.8150         4.39
      2.8160         4.36
      2.8170         4.43
      2.8180         4.39
      2.8190         4.37
      2.8200         4.35
      2.8210         4.33
      2.8220         4.29
      2.8230         4.37
      2.8240         4.31
      2.8250         4.25
      2.8260         4.24
      2.8270         4.27
      2.8280         4.25
      2.8290         4.28
      2.8300         4.37
      2.8310         4.36
      2.8320         4.28
      2.8330         4.37
      2.8340         4.31
      2.8350         4.40
      2.8360         4.37
      2.8370         4.32
      2.8380         4.36
      2.8390         4.41
      2.8400         4.32
      2.8410         4.37
      2.8420         4.34
      2.8430         4.30
      2.8440         4.36
      2.8450         4.38
      2.8460         4.33
      2.8470         4.29
      2.8480         4.28
      2.8490         4.26
      2.8500         4.20
      2.8510         4.16
      2.8520         4.20
      2.8530         4.14
      2.8540         4.18
      2.8550         4.16
      2.8560         4.20
      2.8570         4.36
      2.8580         4.37
      2.8590         4.29
      2.8600         4.36
      2.8610         4.38
      2.8620         4.49
      2.8630         4.46
      2.8640         4.49
      2.8650         4.60
      2.8660         4.69
      2.8670         4.72
      2.8680         4.65
      2.8690         4.64
      2.8700         4.66
      2.8710         4.73
      2.8720         4.70
      2.8730         4.66
      2.8740         4.58
      2.8750         4.60
      2.8760         4.56
      2.8770         4.42
      2.8780         4.32
      2.8790         4.36
      2.8800         4.40
      2.8810         4.30
      2.8820         4.26
      2.8830         4.28
      2.8840         4.28
      2.8850         4.17
      2.8860         4.08
      2.8870         4.08
      2.8880         4.14
      2.8890         4.22
      2.8900         4.26
      2.8910         4.30
      2.8920         4.36
      2.8930         4.38
      2.8940         4.46
      2.8950         4.38
      2.8960         4.41
      2.8970         4.44
      2.8980         4.50
      2.8990         4.54
      2.9000         4.54
      2.9010         4.52
      2.9020         4.42
      2.9030         4.46
      2.9040         4.44
      2.9050         4.48
      2.9060         4.52
      2.9070         4.53
      2.9080         4.48
      2.9090         4.41
      2.9100         4.32
      2.9110         4.29
      2.9120         4.29
      2.9130         4.32
      2.9140         4.36
      2.9150         4.38
      2.9160         4.42
      2.9170         4.48
      2.9180         4.45
      2.9190         4.36
      2.9200         4.34
      2.9210         4.39
      2.9220         4.48
      2.9230         4.39
      2.9240         4.33
      2.9250         4.37
      2.9260         4.44
      2.9270         4.43
      2.9280         4.49
      2.9290         4.47
      2.9300         4.52
      2.9310         4.49
      2.9320         4.51
      2.9330         4.49
      2.9340         4.47
      2.9350         4.45
      2.9360         4.36
      2.9370         4.28
      2.9380         4.24
      2.9390         4.33
      2.9400         4.37
      2.9410         4.44
      2.9420         4.40
      2.9430         4.41
      2.9440         4.48
      2.9450         4.39
      2.9460         4.37
      2.9470         4.40
      2.9480         4.40
      2.9490         4.44
      2.9500         4.51
      2.9510         4.51
      2.9520         4.48
      2.9530         4.48
      2.9540         4.49
      2.9550         4.57
      2.9560         4.53
      2.9570         4.60
      2.9580         4.67
      2.9590         4.63
      2.9600         4.63
      2.9610         4.60
      2.9620         4.55
      2.9630         4.55
      2.9640         4.44
      2.9650         4.49
      2.9660         4.48
      2.9670         4.44
      2.9680         4.40
      2.9690         4.43
      2.9700         4.40
      2.9710         4.37
      2.9720         4.39
      2.9730         4.37
      2.9740         4.40
      2.9750         4.36
      2.9760         4.44
      2.9770         4.43
      2.9780         4.44
      2.9790         4.47
      2.9800         4.37
      2.9810         4.41
      2.9820         4.45
      2.9830         4.56
      2.9840         4.68
      2.9850         4.70
      2.9860         4.67
      2.9870         4.64
      2.9880         4.64
      2.9890         4.63
      2.9900         4.63
      2.9910         4.64
      2.9920         4.63
      2.9930         4.67
      2.9940         4.63
      2.9950         4.55
      2.9960         4.59
      2.9970         4.63
      2.9980         4.54
      2.9990         4.51
