        Time   Palpation Force
      0.0000         1.00
      0.0010         1.00
      0.0020         1.00
      0.0030         1.00
      0.0040         1.21
      0.0050         1.45
      0.0060         1.69
      0.0070         1.96
      0.0080         2.21
      0.0090         2.42
      0.0100         2.66
      0.0110         2.88
      0.0120         3.11
      0.0130         3.31
      0.0140         3.55
      0.0150         3.71
      0.0160         3.93
      0.0170         4.12
      0.0180         4.33
      0.0190         4.57
      0.0200         4.49
      0.0210         4.52
      0.0220         4.51
      0.0230         4.55
      0.0240         4.48
      0.0250         4.47
      0.0260         4.45
      0.0270         4.45
      0.0280         4.41
      0.0290         4.45
      0.0300         4.49
      0.0310         4.47
      0.0320         4.52
      0.0330         4.53
      0.0340         4.53
      0.0350         4.56
      0.0360         4.56
      0.0370         4.63
      0.0380         4.63
      0.0390         4.60
      0.0400         4.63
      0.0410         4.64
      0.0420         4.67
      0.0430         4.60
      0.0440         4.67
      0.0450         4.57
      0.0460         4.53
      0.0470         4.51
      0.0480         4.52
      0.0490         4.47
      0.0500         4.40
      0.0510         4.40
      0.0520         4.36
      0.0530         4.32
      0.0540         4.27
      0.0550         4.25
      0.0560         4.27
      0.0570         4.23
      0.0580         4.24
      0.0590         4.27
      0.0600         4.28
      0.0610         4.29
      0.0620         4.28
      0.0630         4.23
      0.0640         4.25
      0.0650         4.29
      0.0660         4.35
      0.0670         4.33
      0.0680         4.36
      0.0690         4.36
      0.0700         4.36
      0.0710         4.40
      0.0720         4.32
      0.0730         4.37
      0.0740         4.43
      0.0750         4.37
      0.0760         4.32
      0.0770         4.36
      0.0780         4.27
      0.0790         4.21
      0.0800         4.25
      0.0810         4.25
      0.0820         4.25
      0.0830         4.31
      0.0840         4.29
      0.0850         4.36
      0.0860         4.32
      0.0870         4.31
      0.0880         4.39
      0.0890         4.47
      0.0900         4.53
      0.0910         4.52
      0.0920         4.56
      0.0930         4.60
      0.0940         4.59
      0.0950         4.68
      0.0960         4.72
      0.0970         4.67
      0.0980         4.77
      0.0990         4.75
      0.1000         4.75
      0.1010         4.79
      0.1020         4.75
      0.1030         4.69
      0.1040         4.65
      0.1050         4.58
      0.1060         4.61
      0.1070         4.61
      0.1080         4.46
      0.1090         4.40
      0.1100         4.32
      0.1110         4.34
      0.1120         4.40
      0.1130         4.37
      0.1140         4.38
      0.1150         4.45
      0.1160         4.45
      0.1170         4.49
      0.1180         4.49
      0.1190         4.62
      0.1200         4.64
      0.1210         4.58
      0.1220         4.61
      0.1230         4.61
      0.1240         4.68
      0.1250         4.72
      0.1260         4.72
      0.1270         4.73
      0.1280         4.78
      0.1290         4.78
      0.1300         4.77
      0.1310         4.74
      0.1320         4.73
      0.1330         4.73
      0.1340         4.69
      0.1350         4.61
      0.1360         4.64
      0.1370         4.53
      0.1380         4.52
      0.1390         4.49
      0.1400         4.41
      0.1410         4.44
      0.1420         4.46
      0.1430         4.49
      0.1440         4.44
      0.1450         4.46
      0.1460         4.42
      0.1470         4.36
      0.1480         4.33
      0.1490         4.33
      0.1500         4.34
      0.1510         4.37
      0.1520         4.34
      0.1530         4.30
      0.1540         4.37
      0.1550         4.40
      0.1560         4.40
      0.1570         4.49
      0.1580         4.42
      0.1590         4.37
      0.1600         4.41
      0.1610         4.40
      0.1620         4.34
      0.1630         4.32
      0.1640         4.25
      0.1650         4.24
      0.1660         4.26
      0.1670         4.26
      0.1680         4.28
      0.1690         4.32
      0.1700         4.32
      0.1710         4.28
      0.1720         4.24
      0.1730         4.30
      0.1740         4.28
      0.1750         4.26
      0.1760         4.30
      0.1770         4.33
      0.1780         4.38
      0.1790         4.42
      0.1800         4.49
      0.1810         4.43
      0.1820         4.38
      0.1830         4.38
      0.1840         4.42
      0.1850         4.41
      0.1860         4.46
      0.1870         4.54
      0.1880         4.50
      0.1890         4.39
      0.1900         4.46
      0.1910         4.49
      0.1920         4.54
      0.1930         4.51
      0.1940         4.46
      0.1950         4.42
      0.1960         4.37
      0.1970         4.30
      0.1980         4.34
      0.1990         4.33
      0.2000         4.17
      0.2010         4.22
      0.2020         4.30
      0.2030         4.37
      0.2040         4.42
      0.2050         4.46
      0.2060         4.43
      0.2070         4.45
      0.2080         4.48
      0.2090         4.54
      0.2100         4.51
      0.2110         4.46
      0.2120         4.46
      0.2130         4.49
      0.2140         4.51
      0.2150         4.58
      0.2160         4.61
      0.2170         4.67
      0.2180         4.65
      0.2190         4.57
      0.2200         4.66
      0.2210         4.64
      0.2220         4.62
      0.2230         4.58
      0.2240         4.51
      0.2250         4.56
      0.2260         4.58
      0.2270         4.52
      0.2280         4.58
      0.2290         4.61
      0.2300         4.58
      0.2310         4.65
      0.2320         4.62
      0.2330         4.65
      0.2340         4.65
      0.2350         4.62
      0.2360         4.64
      0.2370         4.64
      0.2380         4.68
      0.2390         4.70
      0.2400         4.73
      0.2410         4.73
      0.2420         4.77
      0.2430         4.76
      0.2440         4.70
      0.2450         4.58
      0.2460         4.50
      0.2470         4.56
      0.2480         4.52
      0.2490         4.49
      0.2500         4.49
      0.2510         4.49
      0.2520         4.52
      0.2530         4.45
      0.2540         4.42
      0.2550         4.49
      0.2560         4.45
      0.2570         4.44
      0.2580         4.40
      0.2590         4.41
      0.2600         4.41
      0.2610         4.44
      0.2620         4.40
      0.2630         4.44
      0.2640         4.55
      0.2650         4.63
      0.2660         4.67
      0.2670         4.71
      0.2680         4.72
      0.2690         4.72
      0.2700         4.73
      0.2710         4.68
      0.2720         4.63
      0.2730         4.65
      0.2740         4.69
      0.2750         4.60
      0.2760         4.59
      0.2770         4.56
      0.2780         4.51
      0.2790         4.43
      0.2800         4.39
      0.2810         4.36
      0.2820         4.37
      0.2830         4.30
      0.2840         4.25
      0.2850         4.24
      0.2860         4.24
      0.2870         4.14
      0.2880         4.13
      0.2890         4.14
      0.2900         4.18
      0.2910         4.21
      0.2920         4.25
      0.2930         4.24
      0.2940         4.25
      0.2950         4.32
      0.2960         4.32
      0.2970         4.37
      0.2980         4.45
      0.2990         4.53
      0.3000         4.49
      0.3010         4.51
      0.3020         4.48
      0.3030         4.53
      0.3040         4.53
      0.3050         4.53
      0.3060         4.55
      0.3070         4.57
      0.3080         4.57
      0.3090         4.55
      0.3100         4.49
      0.3110         4.55
      0.3120         4.60
      0.3130         4.61
      0.3140         4.55
      0.3150         4.49
      0.3160         4.48
      0.3170         4.45
      0.3180         4.44
      0.3190         4.45
      0.3200         4.48
      0.3210         4.51
      0.3220         4.60
      0.3230         4.53
      0.3240         4.59
      0.3250         4.59
      0.3260         4.63
      0.3270         4.61
      0.3280         4.67
      0.3290         4.65
      0.3300         4.67
      0.3310         4.57
      0.3320         4.55
      0.3330         4.49
      0.3340         4.51
      0.3350         4.44
      0.3360         4.44
      0.3370         4.44
      0.3380         4.39
      0.3390         4.39
      0.3400         4.45
      0.3410         4.44
      0.3420         4.35
      0.3430         4.37
      0.3440         4.29
      0.3450         4.29
      0.3460         4.24
      0.3470         4.21
      0.3480         4.15
      0.3490         4.23
      0.3500         4.21
      0.3510         4.27
      0.3520         4.20
      0.3530         4.24
      0.3540         4.28
      0.3550         4.36
      0.3560         4.39
      0.3570         4.43
      0.3580         4.45
      0.3590         4.43
      0.3600         4.35
      0.3610         4.28
      0.3620         4.36
      0.3630         4.36
      0.3640         4.41
      0.3650         4.31
      0.3660         4.27
      0.3670         4.31
      0.3680         4.24
      0.3690         4.15
      0.3700         4.16
      0.3710         4.12
      0.3720         4.16
      0.3730         4.16
      0.3740         4.15
      0.3750         4.15
      0.3760         4.23
      0.3770         4.15
      0.3780         4.17
      0.3790         4.23
      0.3800         4.32
      0.3810         4.43
      0.3820         4.39
      0.3830         4.48
      0.3840         4.55
      0.3850         4.65
      0.3860         4.67
      0.3870         4.70
      0.3880         4.86
      0.3890         4.91
      0.3900         4.88
      0.3910         4.96
      0.3920         4.95
      0.3930         4.90
      0.3940         4.94
      0.3950         4.88
      0.3960         4.78
      0.3970         4.83
      0.3980         4.70
      0.3990         4.63
      0.4000         4.62
      0.4010         4.55
      0.4020         4.51
      0.4030         4.47
      0.4040         4.36
      0.4050         4.42
      0.4060         4.43
      0.4070         4.40
      0.4080         4.30
      0.4090         4.32
      0.4100         4.38
      0.4110         4.36
      0.4120         4.38
      0.4130         4.47
      0.4140         4.46
      0.4150         4.48
      0.4160         4.50
      0.4170         4.48
      0.4180         4.59
      0.4190         4.66
      0.4200         4.58
      0.4210         4.59
      0.4220         4.52
      0.4230         4.49
      0.4240         4.51
      0.4250         4.37
      0.4260         4.33
      0.4270         4.36
      0.4280         4.36
      0.4290         4.28
      0.4300         4.27
      0.4310         4.21
      0.4320         4.24
      0.4330         4.16
      0.4340         4.09
      0.4350         4.08
      0.4360         4.21
      0.4370         4.24
      0.4380         4.27
      0.4390         4.23
      0.4400         4.35
      0.4410         4.44
      0.4420         4.54
      0.4430         4.58
      0.4440         4.62
      0.4450         4.75
      0.4460         4.75
      0.4470         4.67
      0.4480         4.70
      0.4490         4.82
      0.4500         4.76
      0.4510         4.74
      0.4520         4.64
      0.4530         4.66
      0.4540         4.64
      0.4550         4.62
      0.4560         4.44
      0.4570         4.40
      0.4580         4.31
      0.4590         4.25
      0.4600         4.19
      0.4610         4.13
      0.4620         4.07
      0.4630         4.00
      0.4640         3.95
      0.4650         3.91
      0.4660         3.99
      0.4670         4.07
      0.4680         4.07
      0.4690         4.09
      0.4700         4.18
      0.4710         4.28
      0.4720         4.36
      0.4730         4.40
      0.4740         4.47
      0.4750         4.56
      0.4760         4.60
      0.4770         4.56
      0.4780         4.66
      0.4790         4.70
      0.4800         4.64
      0.4810         4.56
      0.4820         4.58
      0.4830         4.60
      0.4840         4.63
      0.4850         4.58
      0.4860         4.58
      0.4870         4.59
      0.4880         4.51
      0.4890         4.37
      0.4900         4.31
      0.4910         4.28
      0.4920         4.36
      0.4930         4.36
      0.4940         4.34
      0.4950         4.34
      0.4960         4.32
      0.4970         4.32
      0.4980         4.34
      0.4990         4.35
      0.5000         4.31
      0.5010         4.39
      0.5020         4.39
      0.5030         4.39
      0.5040         4.43
      0.5050         4.40
      0.5060         4.28
      0.5070         4.28
      0.5080         4.34
      0.5090         4.30
      0.5100         4.32
      0.5110         4.30
      0.5120         4.19
      0.5130         4.20
      0.5140         4.20
      0.5150         4.11
      0.5160         4.07
      0.5170         4.07
      0.5180         4.01
      0.5190         4.03
      0.5200         4.12
      0.5210         4.04
      0.5220         4.04
      0.5230         3.98
      0.5240         3.99
      0.5250         4.11
      0.5260         4.24
      0.5270         4.16
      0.5280         4.16
      0.5290         4.30
      0.5300         4.34
      0.5310         4.39
      0.5320         4.40
      0.5330         4.35
      0.5340         4.40
      0.5350         4.51
      0.5360         4.58
      0.5370         4.56
      0.5380         4.64
      0.5390         4.63
      0.5400         4.56
      0.5410         4.62
      0.5420         4.60
      0.5430         4.67
      0.5440         4.66
      0.5450         4.51
      0.5460         4.50
      0.5470         4.52
      0.5480         4.51
      0.5490         4.44
      0.5500         4.40
      0.5510         4.35
      0.5520         4.36
      0.5530         4.39
      0.5540         4.34
      0.5550         4.34
      0.5560         4.36
      0.5570         4.39
      0.5580         4.39
      0.5590         4.44
      0.5600         4.51
      0.5610         4.49
      0.5620         4.57
      0.5630         4.61
      0.5640         4.57
      0.5650         4.62
      0.5660         4.60
      0.5670         4.63
      0.5680         4.66
      0.5690         4.62
      0.5700         4.63
      0.5710         4.58
      0.5720         4.52
      0.5730         4.43
      0.5740         4.46
      0.5750         4.44
      0.5760         4.38
      0.5770         4.34
      0.5780         4.27
      0.5790         4.24
      0.5800         4.26
      0.5810         4.22
      0.5820         4.16
      0.5830         4.06
      0.5840         4.00
      0.5850         4.04
      0.5860         4.06
      0.5870         4.07
      0.5880         4.12
      0.5890         4.23
      0.5900         4.24
      0.5910         4.31
      0.5920         4.36
      0.5930         4.38
      0.5940         4.38
      0.5950         4.31
      0.5960         4.27
      0.5970         4.35
      0.5980         4.35
      0.5990         4.32
      0.6000         4.22
      0.6010         4.24
      0.6020         4.16
      0.6030         4.22
      0.6040         4.35
      0.6050         4.26
      0.6060         4.26
      0.6070         4.22
      0.6080         4.08
      0.6090         4.02
      0.6100         3.98
      0.6110         3.99
      0.6120         4.03
      0.6130         4.11
      0.6140         4.04
      0.6150         4.07
      0.6160         4.20
      0.6170         4.22
      0.6180         4.27
      0.6190         4.31
      0.6200         4.42
      0.6210         4.50
      0.6220         4.66
      0.6230         4.61
      0.6240         4.50
      0.6250         4.59
      0.6260         4.52
      0.6270         4.48
      0.6280         4.56
      0.6290         4.58
      0.6300         4.58
      0.6310         4.50
      0.6320         4.51
      0.6330         4.50
      0.6340         4.52
      0.6350         4.50
      0.6360         4.43
      0.6370         4.42
      0.6380         4.40
      0.6390         4.36
      0.6400         4.30
      0.6410         4.27
      0.6420         4.23
      0.6430         4.31
      0.6440         4.40
      0.6450         4.35
      0.6460         4.42
      0.6470         4.44
      0.6480         4.43
      0.6490         4.44
      0.6500         4.47
      0.6510         4.56
      0.6520         4.54
      0.6530         4.55
      0.6540         4.54
      0.6550         4.62
      0.6560         4.54
      0.6570         4.47
      0.6580         4.43
      0.6590         4.42
      0.6600         4.40
      0.6610         4.38
      0.6620         4.38
      0.6630         4.42
      0.6640         4.32
      0.6650         4.39
      0.6660         4.35
      0.6670         4.39
      0.6680         4.42
      0.6690         4.39
      0.6700         4.40
      0.6710         4.36
      0.6720         4.34
      0.6730         4.38
      0.6740         4.55
      0.6750         4.56
      0.6760         4.70
      0.6770         4.83
      0.6780         5.43
      0.6790         5.52
      0.6800         5.62
      0.6810         5.62
      0.6820         5.58
      0.6830         5.51
      0.6840         5.55
      0.6850         5.50
      0.6860         5.52
      0.6870         4.95
      0.6880         4.97
      0.6890         5.02
      0.6900         4.95
      0.6910         4.94
      0.6920         4.94
      0.6930         4.95
      0.6940         4.89
      0.6950         4.85
      0.6960         4.74
      0.6970         4.70
      0.6980         4.65
      0.6990         4.65
      0.7000         4.63
      0.7010         4.67
      0.7020         4.74
      0.7030         5.39
      0.7040         5.51
      0.7050         5.56
      0.7060         5.63
      0.7070         5.90
      0.7080         5.94
      0.7090         5.95
      0.7100         6.10
      0.7110         6.10
      0.7120         6.12
      0.7130         6.08
      0.7140         6.07
      0.7150         6.12
      0.7160         6.28
      0.7170         6.16
      0.7180         6.16
      0.7190         6.11
      0.7200         6.12
      0.7210         6.07
      0.7220         6.10
      0.7230         5.87
      0.7240         5.79
      0.7250         5.83
      0.7260         5.92
      0.7270         5.83
      0.7280         5.76
      0.7290         5.83
      0.7300         5.83
      0.7310         5.91
      0.7320         5.91
      0.7330         6.01
      0.7340         6.16
      0.7350         6.16
      0.7360         6.20
      0.7370         6.35
      0.7380         6.34
      0.7390         6.40
      0.7400         6.51
      0.7410         6.47
      0.7420         6.43
      0.7430         6.58
      0.7440         6.60
      0.7450         6.63
      0.7460         6.58
      0.7470         6.48
      0.7480         6.56
      0.7490         6.50
      0.7500         6.52
      0.7510         6.55
      0.7520         6.59
      0.7530         6.56
      0.7540         6.44
      0.7550         6.47
      0.7560         6.39
      0.7570         6.43
      0.7580         6.54
      0.7590         6.62
      0.7600         6.64
      0.7610         6.79
      0.7620         6.90
      0.7630         6.98
      0.7640         7.15
      0.7650         7.27
      0.7660         7.34
      0.7670         7.50
      0.7680         7.55
      0.7690         7.58
      0.7700         7.56
      0.7710         7.64
      0.7720         7.59
      0.7730         7.63
      0.7740         7.74
      0.7750         7.84
      0.7760         8.00
      0.7770         8.00
      0.7780         8.07
      0.7790         8.11
      0.7800         8.16
      0.7810         8.19
      0.7820         8.15
      0.7830         8.11
      0.7840         8.07
      0.7850         8.09
      0.7860         8.19
      0.7870         8.17
      0.7880         8.32
      0.7890         8.49
      0.7900         8.57
      0.7910         8.56
      0.7920         8.79
      0.7930         8.84
      0.7940         8.95
      0.7950         8.92
      0.7960         8.91
      0.7970         8.97
      0.7980         8.97
      0.7990         8.95
      0.8000         8.92
      0.8010         8.89
      0.8020         8.92
      0.8030         8.99
      0.8040         9.07
      0.8050         9.01
      0.8060         9.03
      0.8070         9.11
      0.8080         9.04
      0.8090         8.96
      0.8100         8.99
      0.8110         9.06
      0.8120         9.06
      0.8130         9.08
      0.8140         9.06
      0.8150         9.10
      0.8160         9.23
      0.8170         9.27
      0.8180         9.39
      0.8190         9.55
      0.8200         9.73
      0.8210         9.84
      0.8220         9.91
      0.8230         9.96
      0.8240         9.99
      0.8250         9.95
      0.8260         9.89
      0.8270         9.92
      0.8280         9.99
      0.8290        10.09
      0.8300        10.63
      0.8310        10.63
      0.8320        10.64
      0.8330        10.74
      0.8340        10.79
      0.8350        10.82
      0.8360        10.78
      0.8370        10.70
      0.8380        10.68
      0.8390        10.56
      0.8400        10.46
      0.8410        10.54
      0.8420        10.63
      0.8430        10.70
      0.8440        10.71
      0.8450        10.92
      0.8460        11.08
      0.8470        11.20
      0.8480        10.73
      0.8490        11.35
      0.8500        11.44
      0.8510        11.61
      0.8520        11.71
      0.8530        11.26
      0.8540        11.80
      0.8550        11.88
      0.8560        11.93
      0.8570        12.13
      0.8580        12.20
      0.8590        12.35
      0.8600        12.35
      0.8610        12.31
      0.8620        12.30
      0.8630        12.30
      0.8640        12.36
      0.8650        12.24
      0.8660        12.16
      0.8670        12.14
      0.8680        12.06
      0.8690        12.03
      0.8700        12.12
      0.8710        12.06
      0.8720        12.00
      0.8730        11.97
      0.8740        11.97
      0.8750        12.01
      0.8760        12.19
      0.8770        12.20
      0.8780        12.33
      0.8790        12.39
      0.8800        12.56
      0.8810        12.70
      0.8820        12.84
      0.8830        12.83
      0.8840        12.77
      0.8850        12.88
      0.8860        12.92
      0.8870        13.04
      0.8880        13.17
      0.8890        13.28
      0.8900        13.29
      0.8910        13.37
      0.8920        13.29
      0.8930        13.41
      0.8940        13.47
      0.8950        13.49
      0.8960        13.28
      0.8970        13.27
      0.8980        13.15
      0.8990        13.17
      0.9000        13.19
      0.9010        13.14
      0.9020        13.10
      0.9030        13.25
      0.9040        13.44
      0.9050        13.61
      0.9060        13.78
      0.9070        13.76
      0.9080        13.88
      0.9090        13.88
      0.9100        13.91
      0.9110        14.01
      0.9120        14.34
      0.9130        14.38
      0.9140        14.42
      0.9150        14.56
      0.9160        14.72
      0.9170        14.86
      0.9180        14.97
      0.9190        15.08
      0.9200        15.15
      0.9210        15.27
      0.9220        15.25
      0.9230        15.24
      0.9240        15.22
      0.9250        15.15
      0.9260        15.08
      0.9270        15.12
      0.9280        15.11
      0.9290        15.18
      0.9300        15.15
      0.9310        14.98
      0.9320        14.82
      0.9330        14.88
      0.9340        15.00
      0.9350        15.11
      0.9360        15.22
      0.9370        15.23
      0.9380        15.25
      0.9390        15.37
      0.9400        15.43
      0.9410        15.54
      0.9420        15.77
      0.9430        15.75
      0.9440        15.78
      0.9450        15.89
      0.9460        15.91
      0.9470        16.01
      0.9480        15.98
      0.9490        16.04
      0.9500        16.02
      0.9510        16.16
      0.9520        16.20
      0.9530        16.23
      0.9540        16.21
      0.9550        16.09
      0.9560        16.02
      0.9570        16.00
      0.9580        16.07
      0.9590        15.93
      0.9600        15.93
      0.9610        15.89
      0.9620        15.82
      0.9630        15.97
      0.9640        16.10
      0.9650        16.05
      0.9660        16.18
      0.9670        16.15
      0.9680        16.27
      0.9690        16.30
      0.9700        16.39
      0.9710        16.51
      0.9720        16.60
      0.9730        16.69
      0.9740        16.77
      0.9750        16.79
      0.9760        16.88
      0.9770        16.92
      0.9780        16.92
      0.9790        16.94
      0.9800        16.93
      0.9810        16.84
      0.9820        16.75
      0.9830        16.65
      0.9840        16.52
      0.9850        16.52
      0.9860        16.45
      0.9870        16.56
      0.9880        16.60
      0.9890        16.52
      0.9900        16.60
      0.9910        16.56
      0.9920        16.50
      0.9930        16.59
      0.9940        16.74
      0.9950        16.79
      0.9960        16.87
      0.9970        16.93
      0.9980        17.08
      0.9990        17.20
      1.0000        17.27
      1.0010        17.41
      1.0020        17.56
      1.0030        17.64
      1.0040        17.68
      1.0050        17.79
      1.0060        17.84
      1.0070        17.84
      1.0080        17.83
      1.0090        17.87
      1.0100        17.83
      1.0110        17.79
      1.0120        17.83
      1.0130        17.65
      1.0140        17.50
      1.0150        17.52
      1.0160        17.54
      1.0170        17.44
      1.0180        17.31
      1.0190        17.24
      1.0200        17.14
      1.0210        17.12
      1.0220        17.12
      1.0230        17.12
      1.0240        17.28
      1.0250        17.19
      1.0260        17.24
      1.0270        17.24
      1.0280        17.28
      1.0290        17.34
      1.0300        17.42
      1.0310        17.57
      1.0320        17.68
      1.0330        17.74
      1.0340        17.77
      1.0350        17.85
      1.0360        17.77
      1.0370        17.88
      1.0380        17.97
      1.0390        18.09
      1.0400        18.28
      1.0410        18.28
      1.0420        18.20
      1.0430        18.18
      1.0440        18.12
      1.0450        18.28
      1.0460        18.24
      1.0470        18.24
      1.0480        18.23
      1.0490        18.27
      1.0500        18.36
      1.0510        18.42
      1.0520        18.42
      1.0530        18.47
      1.0540        18.44
      1.0550        18.51
      1.0560        18.63
      1.0570        18.67
      1.0580        18.67
      1.0590        18.56
      1.0600        18.53
      1.0610        18.60
      1.0620        18.67
      1.0630        18.77
      1.0640        18.76
      1.0650        18.68
      1.0660        18.65
      1.0670        18.57
      1.0680        18.55
      1.0690        18.56
      1.0700        18.52
      1.0710        18.50
      1.0720        18.53
      1.0730        18.42
      1.0740        18.37
      1.0750        18.23
      1.0760        18.11
      1.0770        18.15
      1.0780        18.23
      1.0790        18.35
      1.0800        18.29
      1.0810        18.28
      1.0820        18.30
      1.0830        18.36
      1.0840        18.50
      1.0850        18.55
      1.0860        18.72
      1.0870        18.83
      1.0880        18.89
      1.0890        18.93
      1.0900        19.01
      1.0910        19.00
      1.0920        18.96
      1.0930        19.08
      1.0940        19.24
      1.0950        19.32
      1.0960        19.41
      1.0970        19.30
      1.0980        19.27
      1.0990        19.23
      1.1000        19.39
      1.1010        19.37
      1.1020        19.49
      1.1030        19.42
      1.1040        19.30
      1.1050        19.44
      1.1060        19.30
      1.1070        19.37
      1.1080        19.38
      1.1090        19.44
      1.1100        19.42
      1.1110        19.44
      1.1120        19.50
      1.1130        19.50
      1.1140        19.42
      1.1150        19.36
      1.1160        19.43
      1.1170        19.59
      1.1180        19.58
      1.1190        19.57
      1.1200        19.53
      1.1210        19.60
      1.1220        19.57
      1.1230        19.51
      1.1240        19.57
      1.1250        19.44
      1.1260        19.55
      1.1270        19.44
      1.1280        19.42
      1.1290        19.35
      1.1300        19.30
      1.1310        19.28
      1.1320        19.33
      1.1330        19.33
      1.1340        19.38
      1.1350        19.57
      1.1360        19.47
      1.1370        19.39
      1.1380        19.47
      1.1390        19.49
      1.1400        19.51
      1.1410        19.53
      1.1420        19.49
      1.1430        19.59
      1.1440        19.58
      1.1450        19.68
      1.1460        19.74
      1.1470        19.83
      1.1480        19.83
      1.1490        19.87
      1.1500        19.90
      1.1510        19.92
      1.1520        19.87
      1.1530        19.99
      1.1540        20.01
      1.1550        19.96
      1.1560        20.01
      1.1570        19.97
      1.1580        19.96
      1.1590        19.92
      1.1600        19.96
      1.1610        19.97
      1.1620        20.03
      1.1630        20.01
      1.1640        20.01
      1.1650        19.94
      1.1660        19.95
      1.1670        19.97
      1.1680        19.98
      1.1690        19.94
      1.1700        19.95
      1.1710        20.07
      1.1720        20.13
      1.1730        20.07
      1.1740        20.08
      1.1750        20.08
      1.1760        20.15
      1.1770        20.23
      1.1780        20.23
      1.1790        20.27
      1.1800        20.18
      1.1810        20.06
      1.1820        20.04
      1.1830        20.12
      1.1840        20.16
      1.1850        20.33
      1.1860        20.29
      1.1870        20.15
      1.1880        20.26
      1.1890        20.34
      1.1900        20.27
      1.1910        20.17
      1.1920        20.23
      1.1930        20.19
      1.1940        20.14
      1.1950        20.17
      1.1960        20.17
      1.1970        20.26
      1.1980        20.27
      1.1990        20.29
      1.2000        20.31
      1.2010        20.50
      1.2020        20.50
      1.2030        20.53
      1.2040        20.54
      1.2050        20.40
      1.2060        20.48
      1.2070        20.70
      1.2080        20.70
      1.2090        20.71
      1.2100        20.97
      1.2110        20.99
      1.2120        20.91
      1.2130        20.99
      1.2140        21.07
      1.2150        21.09
      1.2160        21.06
      1.2170        20.92
      1.2180        20.93
      1.2190        20.96
      1.2200        21.02
      1.2210        20.96
      1.2220        20.96
      1.2230        20.89
      1.2240        20.92
      1.2250        20.96
      1.2260        20.94
      1.2270        20.90
      1.2280        20.90
      1.2290        21.05
      1.2300        20.94
      1.2310        21.02
      1.2320        21.06
      1.2330        21.01
      1.2340        21.09
      1.2350        21.11
      1.2360        21.23
      1.2370        21.37
      1.2380        21.39
      1.2390        21.45
      1.2400        21.43
      1.2410        21.39
      1.2420        21.41
      1.2430        21.53
      1.2440        21.42
      1.2450        21.46
      1.2460        21.40
      1.2470        21.40
      1.2480        21.32
      1.2490        21.18
      1.2500        21.17
      1.2510        21.18
      1.2520        21.22
      1.2530        21.26
      1.2540        21.20
      1.2550        21.14
      1.2560        21.14
      1.2570        21.21
      1.2580        21.17
      1.2590        21.18
      1.2600        21.23
      1.2610        21.34
      1.2620        21.41
      1.2630        21.35
      1.2640        21.41
      1.2650        21.46
      1.2660        21.61
      1.2670        21.63
      1.2680        21.65
      1.2690        21.64
      1.2700        21.60
      1.2710        21.58
      1.2720        21.56
      1.2730        21.52
      1.2740        21.53
      1.2750        21.49
      1.2760        21.52
      1.2770        21.48
      1.2780        21.53
      1.2790        21.54
      1.2800        21.54
      1.2810        21.60
      1.2820        21.60
      1.2830        21.62
      1.2840        21.65
      1.2850        21.61
      1.2860        21.51
      1.2870        21.63
      1.2880        21.71
      1.2890        21.83
      1.2900        21.88
      1.2910        21.96
      1.2920        21.99
      1.2930        22.08
      1.2940        22.12
      1.2950        22.30
      1.2960        22.18
      1.2970        22.16
      1.2980        22.18
      1.2990        22.23
      1.3000        22.22
      1.3010        22.16
      1.3020        22.23
      1.3030        22.25
      1.3040        22.25
      1.3050        22.23
      1.3060        22.19
      1.3070        22.11
      1.3080        22.03
      1.3090        21.94
      1.3100        22.00
      1.3110        21.93
      1.3120        21.98
      1.3130        21.95
      1.3140        22.02
      1.3150        22.01
      1.3160        22.10
      1.3170        22.06
      1.3180        22.13
      1.3190        22.15
      1.3200        22.14
      1.3210        22.19
      1.3220        22.22
      1.3230        22.13
      1.3240        22.31
      1.3250        22.27
      1.3260        22.38
      1.3270        22.38
      1.3280        22.44
      1.3290        22.40
      1.3300        22.24
      1.3310        22.22
      1.3320        22.16
      1.3330        22.12
      1.3340        22.01
      1.3350        22.01
      1.3360        21.99
      1.3370        22.00
      1.3380        21.93
      1.3390        21.84
      1.3400        21.92
      1.3410        21.89
      1.3420        21.80
      1.3430        21.89
      1.3440        21.78
      1.3450        21.86
      1.3460        21.83
      1.3470        21.83
      1.3480        21.87
      1.3490        21.95
      1.3500        22.07
      1.3510        22.11
      1.3520        22.15
      1.3530        22.26
      1.3540        22.20
      1.3550        22.20
      1.3560        22.28
      1.3570        22.18
      1.3580        22.15
      1.3590        22.14
      1.3600        22.02
      1.3610        22.10
      1.3620        22.09
      1.3630        22.13
      1.3640        22.09
      1.3650        22.03
      1.3660        21.91
      1.3670        21.93
      1.3680        21.93
      1.3690        21.88
      1.3700        21.81
      1.3710        21.82
      1.3720        21.81
      1.3730        21.71
      1.3740        21.76
      1.3750        21.75
      1.3760        21.66
      1.3770        21.72
      1.3780        21.83
      1.3790        21.80
      1.3800        21.75
      1.3810        21.63
      1.3820        21.60
      1.3830        21.61
      1.3840        21.65
      1.3850        21.72
      1.3860        21.83
      1.3870        21.77
      1.3880        21.73
      1.3890        21.76
      1.3900        21.68
      1.3910        21.60
      1.3920        21.51
      1.3930        21.49
      1.3940        21.39
      1.3950        21.26
      1.3960        21.21
      1.3970        21.21
      1.3980        21.01
      1.3990        20.97
      1.4000        21.02
      1.4010        20.98
      1.4020        20.98
      1.4030        20.84
      1.4040        20.76
      1.4050        20.73
      1.4060        20.74
      1.4070        20.75
      1.4080        20.85
      1.4090        20.82
      1.4100        20.92
      1.4110        20.88
      1.4120        20.96
      1.4130        21.05
      1.4140        21.08
      1.4150        21.08
      1.4160        21.04
      1.4170        21.09
      1.4180        21.15
      1.4190        21.12
      1.4200        21.11
      1.4210        21.13
      1.4220        21.11
      1.4230        21.00
      1.4240        20.95
      1.4250        20.88
      1.4260        20.80
      1.4270        20.74
      1.4280        20.57
      1.4290        20.48
      1.4300        20.47
      1.4310        20.48
      1.4320        20.41
      1.4330        20.44
      1.4340        20.48
      1.4350        20.61
      1.4360        20.70
      1.4370        20.65
      1.4380        20.69
      1.4390        20.70
      1.4400        20.74
      1.4410        20.78
      1.4420        20.85
      1.4430        20.98
      1.4440        21.07
      1.4450        20.95
      1.4460        20.92
      1.4470        20.99
      1.4480        21.04
      1.4490        21.11
      1.4500        21.00
      1.4510        20.95
      1.4520        20.91
      1.4530        20.79
      1.4540        20.78
      1.4550        20.62
      1.4560        20.54
      1.4570        20.47
      1.4580        20.51
      1.4590        20.54
      1.4600        20.60
      1.4610        20.53
      1.4620        20.56
      1.4630        20.60
      1.4640        20.65
      1.4650        20.80
      1.4660        20.87
      1.4670        20.92
      1.4680        20.83
      1.4690        20.91
      1.4700        20.92
      1.4710        20.93
      1.4720        21.01
      1.4730        20.96
      1.4740        20.96
      1.4750        21.00
      1.4760        21.08
      1.4770        21.13
      1.4780        21.05
      1.4790        21.08
      1.4800        21.01
      1.4810        21.07
      1.4820        20.96
      1.4830        20.95
      1.4840        20.86
      1.4850        20.80
      1.4860        20.75
      1.4870        20.60
      1.4880        20.70
      1.4890        20.52
      1.4900        20.57
      1.4910        20.65
      1.4920        20.52
      1.4930        20.60
      1.4940        20.53
      1.4950        20.46
      1.4960        20.32
      1.4970        20.29
      1.4980        20.25
      1.4990        20.19
      1.5000        20.05
      1.5010        20.01
      1.5020        19.98
      1.5030        19.84
      1.5040        19.70
      1.5050        19.66
      1.5060        19.58
      1.5070        19.53
      1.5080        19.49
      1.5090        19.51
      1.5100        19.41
      1.5110        19.29
      1.5120        19.20
      1.5130        19.16
      1.5140        19.25
      1.5150        19.29
      1.5160        19.18
      1.5170        19.10
      1.5180        19.08
      1.5190        19.07
      1.5200        19.12
      1.5210        19.17
      1.5220        19.17
      1.5230        19.23
      1.5240        19.39
      1.5250        19.39
      1.5260        19.40
      1.5270        19.38
      1.5280        19.36
      1.5290        19.25
      1.5300        19.24
      1.5310        19.18
      1.5320        19.21
      1.5330        19.08
      1.5340        18.90
      1.5350        18.92
      1.5360        18.86
      1.5370        18.84
      1.5380        18.73
      1.5390        18.62
      1.5400        18.57
      1.5410        18.45
      1.5420        18.35
      1.5430        18.28
      1.5440        18.13
      1.5450        18.01
      1.5460        17.97
      1.5470        18.01
      1.5480        17.83
      1.5490        17.85
      1.5500        17.81
      1.5510        17.78
      1.5520        17.76
      1.5530        17.77
      1.5540        17.83
      1.5550        17.86
      1.5560        17.95
      1.5570        17.79
      1.5580        17.86
      1.5590        17.84
      1.5600        17.79
      1.5610        17.63
      1.5620        17.60
      1.5630        17.58
      1.5640        17.56
      1.5650        17.61
      1.5660        17.46
      1.5670        17.37
      1.5680        17.29
      1.5690        17.16
      1.5700        17.06
      1.5710        16.96
      1.5720        17.00
      1.5730        16.97
      1.5740        16.73
      1.5750        16.46
      1.5760        16.34
      1.5770        16.33
      1.5780        16.11
      1.5790        16.00
      1.5800        15.89
      1.5810        15.82
      1.5820        15.71
      1.5830        15.54
      1.5840        15.43
      1.5850        15.26
      1.5860        15.12
      1.5870        14.95
      1.5880        14.93
      1.5890        14.94
      1.5900        14.92
      1.5910        14.78
      1.5920        14.48
      1.5930        14.26
      1.5940        14.22
      1.5950        14.10
      1.5960        14.02
      1.5970        13.86
      1.5980        13.70
      1.5990        13.58
      1.6000        13.44
      1.6010        13.22
      1.6020        13.04
      1.6030        12.90
      1.6040        12.69
      1.6050        12.61
      1.6060        12.56
      1.6070        12.43
      1.6080        12.29
      1.6090        12.19
      1.6100        12.04
      1.6110        12.08
      1.6120        12.07
      1.6130        12.06
      1.6140        11.96
      1.6150        11.74
      1.6160        11.04
      1.6170        11.03
      1.6180        11.07
      1.6190        10.93
      1.6200        10.80
      1.6210        10.67
      1.6220        10.51
      1.6230        10.29
      1.6240        10.15
      1.6250         9.88
      1.6260         9.56
      1.6270         9.24
      1.6280         9.07
      1.6290         8.75
      1.6300         8.51
      1.6310         8.31
      1.6320         8.07
      1.6330         7.81
      1.6340         7.61
      1.6350         7.47
      1.6360         7.37
      1.6370         7.17
      1.6380         7.04
      1.6390         6.78
      1.6400         6.73
      1.6410         6.68
      1.6420         6.65
      1.6430         6.52
      1.6440         6.40
      1.6450         6.38
      1.6460         6.38
      1.6470         6.32
      1.6480         6.28
      1.6490         6.28
      1.6500         6.18
      1.6510         5.93
      1.6520         5.88
      1.6530         5.76
      1.6540         5.17
      1.6550         5.14
      1.6560         5.15
      1.6570         5.09
      1.6580         4.90
      1.6590         4.91
      1.6600         4.80
      1.6610         4.76
      1.6620         4.76
      1.6630         4.72
      1.6640         4.64
      1.6650         4.52
      1.6660         4.48
      1.6670         4.45
      1.6680         4.40
      1.6690         4.32
      1.6700         4.30
      1.6710         4.34
      1.6720         4.41
      1.6730         4.45
      1.6740         4.42
      1.6750         4.42
      1.6760         4.30
      1.6770         4.34
      1.6780         4.29
      1.6790         4.25
      1.6800         4.22
      1.6810         4.23
      1.6820         4.18
      1.6830         4.19
      1.6840         4.22
      1.6850         4.22
      1.6860         4.19
      1.6870         4.18
      1.6880         4.15
      1.6890         4.15
      1.6900         4.11
      1.6910         4.17
      1.6920         4.06
      1.6930         4.09
      1.6940         4.06
      1.6950         4.11
      1.6960         4.17
      1.6970         4.14
      1.6980         4.23
      1.6990         4.34
      1.7000         4.38
      1.7010         4.39
      1.7020         4.38
      1.7030         4.39
      1.7040         4.49
      1.7050         4.51
      1.7060         4.49
      1.7070         4.57
      1.7080         4.54
      1.7090         4.55
      1.7100         4.57
      1.7110         4.57
      1.7120         4.58
      1.7130         4.51
      1.7140         4.58
      1.7150         4.54
      1.7160         4.57
      1.7170         4.50
      1.7180         4.47
      1.7190         4.42
      1.7200         4.39
      1.7210         4.33
      1.7220         4.34
      1.7230         4.30
      1.7240         4.22
      1.7250         4.21
      1.7260         4.29
      1.7270         4.31
      1.7280         4.34
      1.7290         4.35
      1.7300         4.37
      1.7310         4.41
      1.7320         4.46
      1.7330         4.50
      1.7340         4.42
      1.7350         4.50
      1.7360         4.53
      1.7370         4.55
      1.7380         4.61
      1.7390         4.57
      1.7400         4.63
      1.7410         4.58
      1.7420         4.54
      1.7430         4.59
      1.7440         4.63
      1.7450         4.62
      1.7460         4.53
      1.7470         4.46
      1.7480         4.51
      1.7490         4.45
      1.7500         4.47
      1.7510         4.42
      1.7520         4.35
      1.7530         4.37
      1.7540         4.42
      1.7550         4.34
      1.7560         4.29
      1.7570         4.33
      1.7580         4.33
      1.7590         4.38
      1.7600         4.39
      1.7610         4.47
      1.7620         4.57
      1.7630         4.58
      1.7640         4.59
      1.7650         4.59
      1.7660         4.73
      1.7670         4.74
      1.7680         4.66
      1.7690         4.69
      1.7700         4.66
      1.7710         4.61
      1.7720         4.57
      1.7730         4.46
      1.7740         4.46
      1.7750         4.51
      1.7760         4.51
      1.7770         4.45
      1.7780         4.41
      1.7790         4.46
      1.7800         4.41
      1.7810         4.41
      1.7820         4.45
      1.7830         4.37
      1.7840         4.37
      1.7850         4.38
      1.7860         4.38
      1.7870         4.38
      1.7880         4.47
      1.7890         4.49
      1.7900         4.47
      1.7910         4.55
      1.7920         4.62
      1.7930         4.71
      1.7940         4.70
      1.7950         4.65
      1.7960         4.69
      1.7970         4.66
      1.7980         4.62
      1.7990         4.51
      1.8000         4.51
      1.8010         4.42
      1.8020         4.39
      1.8030         4.45
      1.8040         4.42
      1.8050         4.46
      1.8060         4.38
      1.8070         4.27
      1.8080         4.22
      1.8090         4.33
      1.8100         4.30
      1.8110         4.29
      1.8120         4.22
      1.8130         4.22
      1.8140         4.25
      1.8150         4.30
      1.8160         4.27
      1.8170         4.37
      1.8180         4.43
      1.8190         4.50
      1.8200         4.55
      1.8210         4.62
      1.8220         4.57
      1.8230         4.59
      1.8240         4.61
      1.8250         4.63
      1.8260         4.62
      1.8270         4.79
      1.8280         4.77
      1.8290         4.62
      1.8300         4.58
      1.8310         4.49
      1.8320         4.51
      1.8330         4.47
      1.8340         4.43
      1.8350         4.35
      1.8360         4.41
      1.8370         4.41
      1.8380         4.38
      1.8390         4.39
      1.8400         4.30
      1.8410         4.34
      1.8420         4.37
      1.8430         4.33
      1.8440         4.30
      1.8450         4.29
      1.8460         4.34
      1.8470         4.27
      1.8480         4.35
      1.8490         4.39
      1.8500         4.47
      1.8510         4.49
      1.8520         4.46
      1.8530         4.51
      1.8540         4.58
      1.8550         4.59
      1.8560         4.51
      1.8570         4.46
      1.8580         4.46
      1.8590         4.43
      1.8600         4.41
      1.8610         4.37
      1.8620         4.41
      1.8630         4.38
      1.8640         4.34
      1.8650         4.34
      1.8660         4.41
      1.8670         4.35
      1.8680         4.29
      1.8690         4.33
      1.8700         4.31
      1.8710         4.39
      1.8720         4.49
      1.8730         4.47
      1.8740         4.47
      1.8750         4.51
      1.8760         4.59
      1.8770         4.66
      1.8780         4.63
      1.8790         4.66
      1.8800         4.71
      1.8810         4.77
      1.8820         4.74
      1.8830         4.82
      1.8840         4.87
      1.8850         4.87
      1.8860         4.79
      1.8870         4.85
      1.8880         4.83
      1.8890         4.77
      1.8900         4.75
      1.8910         4.70
      1.8920         4.63
      1.8930         4.58
      1.8940         4.47
      1.8950         4.47
      1.8960         4.41
      1.8970         4.41
      1.8980         4.39
      1.8990         4.31
      1.9000         4.31
      1.9010         4.25
      1.9020         4.21
      1.9030         4.21
      1.9040         4.31
      1.9050         4.38
      1.9060         4.35
      1.9070         4.42
      1.9080         4.47
      1.9090         4.55
      1.9100         4.53
      1.9110         4.57
      1.9120         4.58
      1.9130         4.62
      1.9140         4.65
      1.9150         4.51
      1.9160         4.54
      1.9170         4.53
      1.9180         4.58
      1.9190         4.59
      1.9200         4.62
      1.9210         4.57
      1.9220         4.59
      1.9230         4.53
      1.9240         4.35
      1.9250         4.26
      1.9260         4.30
      1.9270         4.26
      1.9280         4.15
      1.9290         4.15
      1.9300         4.18
      1.9310         4.18
      1.9320         4.23
      1.9330         4.29
      1.9340         4.33
      1.9350         4.49
      1.9360         4.45
      1.9370         4.47
      1.9380         4.46
      1.9390         4.47
      1.9400         4.42
      1.9410         4.50
      1.9420         4.49
      1.9430         4.50
      1.9440         4.53
      1.9450         4.53
      1.9460         4.42
      1.9470         4.42
      1.9480         4.50
      1.9490         4.45
      1.9500         4.43
      1.9510         4.37
      1.9520         4.33
      1.9530         4.29
      1.9540         4.30
      1.9550         4.21
      1.9560         4.19
      1.9570         4.11
      1.9580         4.07
      1.9590         4.11
      1.9600         4.14
      1.9610         4.11
      1.9620         4.19
      1.9630         4.19
      1.9640         4.19
      1.9650         4.18
      1.9660         4.27
      1.9670         4.26
      1.9680         4.27
      1.9690         4.30
      1.9700         4.29
      1.9710         4.31
      1.9720         4.27
      1.9730         4.29
      1.9740         4.27
      1.9750         4.34
      1.9760         4.37
      1.9770         4.46
      1.9780         4.54
      1.9790         4.53
      1.9800         4.54
      1.9810         4.49
      1.9820         4.43
      1.9830         4.48
      1.9840         4.56
      1.9850         4.52
      1.9860         4.44
      1.9870         4.40
      1.9880         4.33
      1.9890         4.33
      1.9900         4.40
      1.9910         4.48
      1.9920         4.57
      1.9930         4.54
      1.9940         4.57
      1.9950         4.62
      1.9960         4.66
      1.9970         4.56
      1.9980         4.50
      1.9990         4.52
      2.0000         4.52
      2.0010         4.58
      2.0020         4.48
      2.0030         4.41
      2.0040         4.42
      2.0050         4.44
      2.0060         4.49
      2.0070         4.49
      2.0080         4.52
      2.0090         4.50
      2.0100         4.44
      2.0110         4.37
      2.0120         4.32
      2.0130         4.28
      2.0140         4.21
      2.0150         4.17
      2.0160         4.16
      2.0170         4.20
      2.0180         4.20
      2.0190         4.25
      2.0200         4.25
      2.0210         4.28
      2.0220         4.40
      2.0230         4.45
      2.0240         4.40
      2.0250         4.44
      2.0260         4.43
      2.0270         4.40
      2.0280         4.40
      2.0290         4.40
      2.0300         4.45
      2.0310         4.42
      2.0320         4.38
      2.0330         4.48
      2.0340         4.51
      2.0350         4.44
      2.0360         4.38
      2.0370         4.38
      2.0380         4.38
      2.0390         4.33
      2.0400         4.30
      2.0410         4.28
      2.0420         4.26
      2.0430         4.29
      2.0440         4.25
      2.0450         4.21
      2.0460         4.30
      2.0470         4.26
      2.0480         4.32
      2.0490         4.37
      2.0500         4.37
      2.0510         4.40
      2.0520         4.38
      2.0530         4.41
      2.0540         4.38
      2.0550         4.40
      2.0560         4.43
      2.0570         4.49
      2.0580         4.51
      2.0590         4.53
      2.0600         4.59
      2.0610         4.61
      2.0620         4.53
      2.0630         4.47
      2.0640         4.51
      2.0650         4.49
      2.0660         4.46
      2.0670         4.57
      2.0680         4.61
      2.0690         4.54
      2.0700         4.57
      2.0710         4.53
      2.0720         4.58
      2.0730         4.51
      2.0740         4.61
      2.0750         4.61
      2.0760         4.59
      2.0770         4.55
      2.0780         4.53
      2.0790         4.55
      2.0800         4.55
      2.0810         4.59
      2.0820         4.65
      2.0830         4.67
      2.0840         4.69
      2.0850         4.73
      2.0860         4.71
      2.0870         4.74
      2.0880         4.69
      2.0890         4.66
      2.0900         4.62
      2.0910         4.65
      2.0920         4.67
      2.0930         4.62
      2.0940         4.55
      2.0950         4.61
      2.0960         4.59
      2.0970         4.57
      2.0980         4.62
      2.0990         4.57
      2.1000         4.54
      2.1010         4.54
      2.1020         4.57
      2.1030         4.61
      2.1040         4.55
      2.1050         4.62
      2.1060         4.61
      2.1070         4.55
      2.1080         4.61
      2.1090         4.67
      2.1100         4.71
      2.1110         4.74
      2.1120         4.74
      2.1130         4.78
      2.1140         4.75
      2.1150         4.79
      2.1160         4.85
      2.1170         4.94
      2.1180         4.90
      2.1190         4.90
      2.1200         4.79
      2.1210         4.75
      2.1220         4.71
      2.1230         4.67
      2.1240         4.66
      2.1250         4.61
      2.1260         4.61
      2.1270         4.59
      2.1280         4.54
      2.1290         4.54
      2.1300         4.55
      2.1310         4.53
      2.1320         4.54
      2.1330         4.51
      2.1340         4.58
      2.1350         4.46
      2.1360         4.38
      2.1370         4.30
      2.1380         4.34
      2.1390         4.39
      2.1400         4.53
      2.1410         4.50
      2.1420         4.54
      2.1430         4.51
      2.1440         4.58
      2.1450         4.53
      2.1460         4.55
      2.1470         4.58
      2.1480         4.58
      2.1490         4.52
      2.1500         4.40
      2.1510         4.46
      2.1520         4.36
      2.1530         4.40
      2.1540         4.36
      2.1550         4.39
      2.1560         4.38
      2.1570         4.35
      2.1580         4.26
      2.1590         4.22
      2.1600         4.16
      2.1610         4.19
      2.1620         4.18
      2.1630         4.17
      2.1640         4.11
      2.1650         4.19
      2.1660         4.14
      2.1670         4.14
      2.1680         4.14
      2.1690         4.15
      2.1700         4.25
      2.1710         4.20
      2.1720         4.29
      2.1730         4.35
      2.1740         4.41
      2.1750         4.47
      2.1760         4.53
      2.1770         4.46
      2.1780         4.51
      2.1790         4.46
      2.1800         4.43
      2.1810         4.41
      2.1820         4.34
      2.1830         4.32
      2.1840         4.35
      2.1850         4.30
      2.1860         4.31
      2.1870         4.30
      2.1880         4.20
      2.1890         4.24
      2.1900         4.19
      2.1910         4.16
      2.1920         4.19
      2.1930         4.14
      2.1940         4.12
      2.1950         4.11
      2.1960         4.12
      2.1970         4.27
      2.1980         4.34
      2.1990         4.43
      2.2000         4.51
      2.2010         4.53
      2.2020         4.57
      2.2030         4.57
      2.2040         4.55
      2.2050         4.62
      2.2060         4.62
      2.2070         4.59
      2.2080         4.67
      2.2090         4.65
      2.2100         4.62
      2.2110         4.61
      2.2120         4.54
      2.2130         4.55
      2.2140         4.55
      2.2150         4.55
      2.2160         4.53
      2.2170         4.46
      2.2180         4.37
      2.2190         4.31
      2.2200         4.25
      2.2210         4.34
      2.2220         4.37
      2.2230         4.37
      2.2240         4.46
      2.2250         4.47
      2.2260         4.50
      2.2270         4.51
      2.2280         4.46
      2.2290         4.43
      2.2300         4.46
      2.2310         4.50
      2.2320         4.49
      2.2330         4.43
      2.2340         4.38
      2.2350         4.33
      2.2360         4.31
      2.2370         4.37
      2.2380         4.39
      2.2390         4.38
      2.2400         4.41
      2.2410         4.30
      2.2420         4.25
      2.2430         4.23
      2.2440         4.13
      2.2450         4.01
      2.2460         3.87
      2.2470         3.86
      2.2480         3.93
      2.2490         3.90
      2.2500         3.89
      2.2510         3.89
      2.2520         3.93
      2.2530         3.94
      2.2540         3.94
      2.2550         3.97
      2.2560         4.05
      2.2570         4.02
      2.2580         4.06
      2.2590         4.09
      2.2600         4.06
      2.2610         4.07
      2.2620         4.14
      2.2630         4.13
      2.2640         4.10
      2.2650         4.18
      2.2660         4.30
      2.2670         4.33
      2.2680         4.29
      2.2690         4.33
      2.2700         4.37
      2.2710         4.41
      2.2720         4.41
      2.2730         4.42
      2.2740         4.41
      2.2750         4.41
      2.2760         4.33
      2.2770         4.39
      2.2780         4.42
      2.2790         4.45
      2.2800         4.46
      2.2810         4.41
      2.2820         4.39
      2.2830         4.39
      2.2840         4.49
      2.2850         4.56
      2.2860         4.62
      2.2870         4.62
      2.2880         4.73
      2.2890         4.74
      2.2900         4.74
      2.2910         4.65
      2.2920         4.64
      2.2930         4.62
      2.2940         4.68
      2.2950         4.61
      2.2960         4.60
      2.2970         4.42
      2.2980         4.34
      2.2990         4.27
      2.3000         4.30
      2.3010         4.37
      2.3020         4.33
      2.3030         4.33
      2.3040         4.31
      2.3050         4.30
      2.3060         4.21
      2.3070         4.19
      2.3080         4.09
      2.3090         4.11
      2.3100         4.10
      2.3110         4.13
      2.3120         4.17
      2.3130         4.24
      2.3140         4.28
      2.3150         4.36
      2.3160         4.42
      2.3170         4.52
      2.3180         4.56
      2.3190         4.58
      2.3200         4.56
      2.3210         4.58
      2.3220         4.56
      2.3230         4.61
      2.3240         4.60
      2.3250         4.57
      2.3260         4.54
      2.3270         4.57
      2.3280         4.54
      2.3290         4.48
      2.3300         4.52
      2.3310         4.51
      2.3320         4.41
      2.3330         4.37
      2.3340         4.30
      2.3350         4.30
      2.3360         4.27
      2.3370         4.29
      2.3380         4.26
      2.3390         4.29
      2.3400         4.31
      2.3410         4.31
      2.3420         4.34
      2.3430         4.35
      2.3440         4.38
      2.3450         4.35
      2.3460         4.46
      2.3470         4.47
      2.3480         4.49
      2.3490         4.59
      2.3500         4.57
      2.3510         4.66
      2.3520         4.74
      2.3530         4.70
      2.3540         4.73
      2.3550         4.69
      2.3560         4.69
      2.3570         4.65
      2.3580         4.67
      2.3590         4.66
      2.3600         4.63
      2.3610         4.53
      2.3620         4.58
      2.3630         4.51
      2.3640         4.55
      2.3650         4.52
      2.3660         4.44
      2.3670         4.49
      2.3680         4.49
      2.3690         4.47
      2.3700         4.47
      2.3710         4.42
      2.3720         4.37
      2.3730         4.46
      2.3740         4.51
      2.3750         4.57
      2.3760         4.59
      2.3770         4.66
      2.3780         4.65
      2.3790         4.66
      2.3800         4.70
      2.3810         4.73
      2.3820         4.71
      2.3830         4.77
      2.3840         4.69
      2.3850         4.74
      2.3860         4.73
      2.3870         4.65
      2.3880         4.69
      2.3890         4.62
      2.3900         4.57
      2.3910         4.51
      2.3920         4.58
      2.3930         4.45
      2.3940         4.41
      2.3950         4.37
      2.3960         4.33
      2.3970         4.33
      2.3980         4.39
      2.3990         4.46
      2.4000         4.43
      2.4010         4.49
      2.4020         4.46
      2.4030         4.42
      2.4040         4.45
      2.4050         4.41
      2.4060         4.38
      2.4070         4.41
      2.4080         4.39
      2.4090         4.46
      2.4100         4.49
      2.4110         4.53
      2.4120         4.43
      2.4130         4.47
      2.4140         4.42
      2.4150         4.39
      2.4160         4.35
      2.4170         4.29
      2.4180         4.19
      2.4190         4.07
      2.4200         4.06
      2.4210         4.05
      2.4220         4.05
      2.4230         4.06
      2.4240         4.03
      2.4250         4.06
      2.4260         4.13
      2.4270         4.10
      2.4280         4.17
      2.4290         4.17
      2.4300         4.22
      2.4310         4.18
      2.4320         4.19
      2.4330         4.21
      2.4340         4.27
      2.4350         4.31
      2.4360         4.41
      2.4370         4.47
      2.4380         4.54
      2.4390         4.54
      2.4400         4.51
      2.4410         4.49
      2.4420         4.50
      2.4430         4.46
      2.4440         4.38
      2.4450         4.39
      2.4460         4.33
      2.4470         4.29
      2.4480         4.19
      2.4490         4.17
      2.4500         4.16
      2.4510         4.15
      2.4520         4.15
      2.4530         4.18
      2.4540         4.17
      2.4550         4.17
      2.4560         4.17
      2.4570         4.14
      2.4580         4.11
      2.4590         4.19
      2.4600         4.26
      2.4610         4.25
      2.4620         4.33
      2.4630         4.42
      2.4640         4.55
      2.4650         4.57
      2.4660         4.63
      2.4670         4.70
      2.4680         4.74
      2.4690         4.63
      2.4700         4.54
      2.4710         4.59
      2.4720         4.64
      2.4730         4.68
      2.4740         4.67
      2.4750         4.67
      2.4760         4.63
      2.4770         4.59
      2.4780         4.55
      2.4790         4.52
      2.4800         4.52
      2.4810         4.54
      2.4820         4.43
      2.4830         4.39
      2.4840         4.35
      2.4850         4.31
      2.4860         4.33
      2.4870         4.26
      2.4880         4.25
      2.4890         4.34
      2.4900         4.43
      2.4910         4.51
      2.4920         4.49
      2.4930         4.43
      2.4940         4.38
      2.4950         4.33
      2.4960         4.31
      2.4970         4.35
      2.4980         4.94
      2.4990         4.33
      2.5000         4.29
      2.5010         4.30
      2.5020         4.33
      2.5030         4.30
      2.5040         4.32
      2.5050         4.36
      2.5060         4.36
      2.5070         4.42
      2.5080         4.40
      2.5090         4.41
      2.5100         4.37
      2.5110         4.26
      2.5120         4.29
      2.5130         4.33
      2.5140         4.33
      2.5150         4.40
      2.5160         4.38
      2.5170         4.42
      2.5180         4.40
      2.5190         4.52
      2.5200         4.50
      2.5210         4.50
      2.5220         4.59
      2.5230         4.63
      2.5240         4.60
      2.5250         4.54
      2.5260         4.57
      2.5270         4.54
      2.5280         4.54
      2.5290         4.50
      2.5300         4.55
      2.5310         4.63
      2.5320         4.60
      2.5330         4.53
      2.5340         4.57
      2.5350         4.55
      2.5360         4.63
      2.5370         4.53
      2.5380         4.50
      2.5390         4.40
      2.5400         4.44
      2.5410         4.51
      2.5420         4.45
      2.5430         4.45
      2.5440         4.40
      2.5450         4.47
      2.5460         4.41
      2.5470         4.44
      2.5480         4.49
      2.5490         4.59
      2.5500         4.57
      2.5510         4.56
      2.5520         4.57
      2.5530         4.60
      2.5540         4.56
      2.5550         4.56
      2.5560         4.55
      2.5570         4.57
      2.5580         4.67
      2.5590         4.72
      2.5600         4.65
      2.5610         4.63
      2.5620         4.60
      2.5630         4.52
      2.5640         4.61
      2.5650         4.56
      2.5660         4.61
      2.5670         4.64
      2.5680         4.53
      2.5690         4.55
      2.5700         4.49
      2.5710         4.41
      2.5720         4.44
      2.5730         4.43
      2.5740         4.45
      2.5750         4.51
      2.5760         4.55
      2.5770         4.59
      2.5780         4.55
      2.5790         4.56
      2.5800         4.64
      2.5810         4.64
      2.5820         4.65
      2.5830         4.73
      2.5840         4.75
      2.5850         4.76
      2.5860         4.73
      2.5870         4.63
      2.5880         4.71
      2.5890         4.57
      2.5900         4.59
      2.5910         4.64
      2.5920         4.56
      2.5930         4.60
      2.5940         4.52
      2.5950         4.43
      2.5960         4.31
      2.5970         4.29
      2.5980         4.28
      2.5990         4.28
      2.6000         4.28
      2.6010         4.32
      2.6020         4.28
      2.6030         4.28
      2.6040         4.21
      2.6050         4.25
      2.6060         4.25
      2.6070         4.28
      2.6080         4.25
      2.6090         4.37
      2.6100         4.41
      2.6110         4.39
      2.6120         4.44
      2.6130         4.44
      2.6140         4.55
      2.6150         4.65
      2.6160         4.74
      2.6170         4.71
      2.6180         4.68
      2.6190         4.64
      2.6200         4.61
      2.6210         4.56
      2.6220         4.59
      2.6230         4.56
      2.6240         4.57
      2.6250         4.53
      2.6260         4.52
      2.6270         4.55
      2.6280         4.58
      2.6290         4.48
      2.6300         4.39
      2.6310         4.39
      2.6320         4.43
      2.6330         4.44
      2.6340         4.46
      2.6350         4.43
      2.6360         4.42
      2.6370         4.45
      2.6380         4.44
      2.6390         4.41
      2.6400         4.44
      2.6410         4.43
      2.6420         4.53
      2.6430         4.57
      2.6440         4.61
      2.6450         4.57
      2.6460         4.56
      2.6470         4.60
      2.6480         4.59
      2.6490         4.64
      2.6500         4.68
      2.6510         4.69
      2.6520         4.65
      2.6530         4.59
      2.6540         4.55
      2.6550         4.55
      2.6560         4.47
      2.6570         4.47
      2.6580         4.51
      2.6590         4.56
      2.6600         4.54
      2.6610         4.51
      2.6620         4.50
      2.6630         4.47
      2.6640         4.50
      2.6650         4.52
      2.6660         4.50
      2.6670         4.50
      2.6680         4.54
      2.6690         4.46
      2.6700         4.51
      2.6710         4.50
      2.6720         4.58
      2.6730         4.55
      2.6740         4.58
      2.6750         4.56
      2.6760         4.60
      2.6770         4.55
      2.6780         4.52
      2.6790         4.55
      2.6800         4.59
      2.6810         4.60
      2.6820         4.51
      2.6830         4.47
      2.6840         4.36
      2.6850         4.35
      2.6860         4.32
      2.6870         4.23
      2.6880         4.23
      2.6890         4.28
      2.6900         4.24
      2.6910         4.34
      2.6920         4.30
      2.6930         4.35
      2.6940         4.32
      2.6950         4.32
      2.6960         4.35
      2.6970         4.40
      2.6980         4.44
      2.6990         4.48
      2.7000         4.48
      2.7010         4.50
      2.7020         4.48
      2.7030         4.55
      2.7040         4.62
      2.7050         4.63
      2.7060         4.67
      2.7070         4.70
      2.7080         4.67
      2.7090         4.70
      2.7100         4.74
      2.7110         4.64
      2.7120         4.62
      2.7130         4.59
      2.7140         4.59
      2.7150         4.56
      2.7160         4.55
      2.7170         4.50
      2.7180         4.44
      2.7190         4.34
      2.7200         4.36
      2.7210         4.32
      2.7220         4.38
      2.7230         4.36
      2.7240         4.31
      2.7250         4.38
      2.7260         4.46
      2.7270         4.55
      2.7280         4.51
      2.7290         4.48
      2.7300         4.46
      2.7310         4.50
      2.7320         4.46
      2.7330         4.48
      2.7340         4.48
      2.7350         4.48
      2.7360         4.48
      2.7370         4.50
      2.7380         4.50
      2.7390         4.48
      2.7400         4.40
      2.7410         4.48
      2.7420         4.40
      2.7430         4.39
      2.7440         4.49
      2.7450         4.43
      2.7460         4.39
      2.7470         4.35
      2.7480         4.41
      2.7490         4.40
      2.7500         4.43
      2.7510         4.44
      2.7520         4.49
      2.7530         4.48
      2.7540         4.47
      2.7550         4.52
      2.7560         4.57
      2.7570         4.53
      2.7580         4.57
      2.7590         4.60
      2.7600         4.64
      2.7610         4.59
      2.7620         4.61
      2.7630         4.64
      2.7640         4.49
      2.7650         4.52
      2.7660         4.49
      2.7670         4.47
      2.7680         4.39
      2.7690         4.32
      2.7700         4.29
      2.7710         4.24
      2.7720         4.19
      2.7730         4.17
      2.7740         4.20
      2.7750         4.11
      2.7760         3.99
      2.7770         4.07
      2.7780         4.09
      2.7790         4.03
      2.7800         4.03
      2.7810         4.00
      2.7820         4.03
      2.7830         4.03
      2.7840         4.15
      2.7850         4.17
      2.7860         4.23
      2.7870         4.28
      2.7880         4.36
      2.7890         4.41
      2.7900         4.47
      2.7910         4.48
      2.7920         4.51
      2.7930         4.49
      2.7940         4.48
      2.7950         4.53
      2.7960         4.69
      2.7970         4.61
      2.7980         4.56
      2.7990         4.63
      2.8000         4.56
      2.8010         4.61
      2.8020         4.55
      2.8030         4.53
      2.8040         4.51
      2.8050         4.48
      2.8060         4.48
      2.8070         4.45
      2.8080         4.45
      2.8090         4.49
      2.8100         4.43
      2.8110         4.52
      2.8120         4.56
      2.8130         4.63
      2.8140         4.66
      2.8150         4.63
      2.8160         4.56
      2.8170         4.63
      2.8180         4.64
      2.8190         4.66
      2.8200         4.75
      2.8210         4.72
      2.8220         4.82
      2.8230         4.84
      2.8240         4.84
      2.8250         4.82
      2.8260         4.75
      2.8270         4.71
      2.8280         4.70
      2.8290         4.68
      2.8300         4.70
      2.8310         4.66
      2.8320         4.66
      2.8330         4.63
      2.8340         4.66
      2.8350         4.67
      2.8360         4.59
      2.8370         4.55
      2.8380         4.56
      2.8390         4.62
      2.8400         4.52
      2.8410         4.51
      2.8420         4.51
      2.8430         4.44
      2.8440         4.40
      2.8450         4.39
      2.8460         4.42
      2.8470         4.46
      2.8480         4.46
      2.8490         4.44
      2.8500         4.43
      2.8510         4.38
      2.8520         4.35
      2.8530         4.39
      2.8540         4.31
      2.8550         4.31
      2.8560         4.36
      2.8570         4.32
      2.8580         4.26
      2.8590         4.15
      2.8600         4.19
      2.8610         4.23
      2.8620         4.19
      2.8630         4.31
      2.8640         4.39
      2.8650         4.44
      2.8660         4.43
      2.8670         4.47
      2.8680         4.43
      2.8690         4.44
      2.8700         4.52
      2.8710         4.52
      2.8720         4.52
      2.8730         4.50
      2.8740         4.52
      2.8750         4.44
      2.8760         4.44
      2.8770         4.54
      2.8780         4.54
      2.8790         4.62
      2.8800         4.67
      2.8810         4.67
      2.8820         4.64
      2.8830         4.58
      2.8840         4.52
      2.8850         4.47
      2.8860         4.43
      2.8870         4.40
      2.8880         4.43
      2.8890         4.44
      2.8900         4.38
      2.8910         4.38
      2.8920         4.35
      2.8930         4.32
      2.8940         4.31
      2.8950         4.39
      2.8960         4.38
      2.8970         4.35
      2.8980         4.46
      2.8990         4.39
      2.9000         4.40
      2.9010         4.40
      2.9020         4.44
      2.9030         4.42
      2.9040         4.43
      2.9050         4.40
      2.9060         4.45
      2.9070         4.42
      2.9080         4.39
      2.9090         4.44
      2.9100         4.48
      2.9110         4.45
      2.9120         4.44
      2.9130         4.52
      2.9140         4.56
      2.9150         4.56
      2.9160         4.52
      2.9170         4.47
      2.9180         4.43
      2.9190         4.47
      2.9200         4.33
      2.9210         4.31
      2.9220         4.33
      2.9230         4.39
      2.9240         4.32
      2.9250         4.35
      2.9260         4.32
      2.9270         4.29
      2.9280         4.35
      2.9290         4.29
      2.9300         4.21
      2.9310         4.27
      2.9320         4.28
      2.9330         4.32
      2.9340         4.32
      2.9350         4.32
      2.9360         4.43
      2.9370         4.60
      2.9380         4.61
      2.9390         4.60
      2.9400         4.68
      2.9410         4.65
      2.9420         4.55
      2.9430         4.41
      2.9440         4.41
      2.9450         4.39
      2.9460         4.35
      2.9470         4.33
      2.9480         4.32
      2.9490         4.31
      2.9500         4.39
      2.9510         4.37
      2.9520         4.37
      2.9530         4.28
      2.9540         4.27
      2.9550         4.29
      2.9560         4.25
      2.9570         4.17
      2.9580         4.16
      2.9590         4.19
      2.9600         4.24
      2.9610         4.27
      2.9620         4.43
      2.9630         4.57
      2.9640         4.64
      2.9650         4.75
      2.9660         4.86
      2.9670         4.94
      2.9680         4.95
      2.9690         4.94
      2.9700         4.91
      2.9710         4.90
      2.9720         4.87
      2.9730         4.86
      2.9740         4.94
      2.9750         4.90
      2.9760         4.86
      2.9770         4.76
      2.9780         4.75
      2.9790         4.70
      2.9800         4.62
      2.9810         4.63
      2.9820         4.52
      2.9830         4.46
      2.9840         4.40
      2.9850         4.40
      2.9860         4.40
      2.9870         4.40
      2.9880         4.43
      2.9890         4.48
      2.9900         4.47
      2.9910         4.48
      2.9920         4.54
      2.9930         4.48
      2.9940         4.47
      2.9950         4.52
      2.9960         4.55
      2.9970         4.56
      2.9980         4.58
      2.9990         4.58
