        Time   Palpation Force
      0.0000         1.00
      0.0010         1.00
      0.0020         1.00
      0.0030         1.07
      0.0040         1.39
      0.0050         1.65
      0.0060         1.97
      0.0070         2.27
      0.0080         2.51
      0.0090         2.80
      0.0100         3.13
      0.0110         3.38
      0.0120         3.64
      0.0130         3.97
      0.0140         4.26
      0.0150         4.54
      0.0160         4.84
      0.0170         5.08
      0.0180         5.39
      0.0190         5.61
      0.0200         5.65
      0.0210         5.58
      0.0220         5.49
      0.0230         5.50
      0.0240         5.44
      0.0250         5.42
      0.0260         5.38
      0.0270         5.36
      0.0280         5.36
      0.0290         5.33
      0.0300         5.28
      0.0310         5.20
      0.0320         5.18
      0.0330         5.12
      0.0340         5.16
      0.0350         5.09
      0.0360         5.04
      0.0370         5.08
      0.0380         5.10
      0.0390         5.17
      0.0400         5.24
      0.0410         5.28
      0.0420         5.30
      0.0430         5.29
      0.0440         5.29
      0.0450         5.32
      0.0460         5.33
      0.0470         5.34
      0.0480         5.37
      0.0490         5.33
      0.0500         5.30
      0.0510         5.38
      0.0520         5.36
      0.0530         5.34
      0.0540         5.22
      0.0550         5.22
      0.0560         5.22
      0.0570         5.21
      0.0580         5.09
      0.0590         5.04
      0.0600         5.04
      0.0610         5.05
      0.0620         5.03
      0.0630         5.07
      0.0640         5.12
      0.0650         5.08
      0.0660         5.08
      0.0670         5.09
      0.0680         5.05
      0.0690         5.05
      0.0700         5.15
      0.0710         5.20
      0.0720         5.25
      0.0730         5.24
      0.0740         5.28
      0.0750         5.36
      0.0760         5.36
      0.0770         5.37
      0.0780         5.41
      0.0790         5.42
      0.0800         5.37
      0.0810         5.30
      0.0820         5.32
      0.0830         5.29
      0.0840         5.25
      0.0850         5.26
      0.0860         5.28
      0.0870         5.26
      0.0880         5.28
      0.0890         5.30
      0.0900         5.20
      0.0910         5.16
      0.0920         5.17
      0.0930         5.24
      0.0940         5.21
      0.0950         5.27
      0.0960         5.31
      0.0970         5.31
      0.0980         5.35
      0.0990         5.37
      0.1000         5.47
      0.1010         5.48
      0.1020         5.55
      0.1030         5.59
      0.1040         5.57
      0.1050         5.57
      0.1060         5.49
      0.1070         5.47
      0.1080         5.45
      0.1090         5.37
      0.1100         5.34
      0.1110         5.38
      0.1120         5.30
      0.1130         5.30
      0.1140         5.32
      0.1150         5.22
      0.1160         5.17
      0.1170         5.17
      0.1180         5.14
      0.1190         5.10
      0.1200         5.00
      0.1210         5.04
      0.1220         4.97
      0.1230         4.98
      0.1240         5.05
      0.1250         5.04
      0.1260         5.00
      0.1270         4.98
      0.1280         5.10
      0.1290         5.24
      0.1300         5.33
      0.1310         5.34
      0.1320         5.41
      0.1330         5.33
      0.1340         5.36
      0.1350         5.34
      0.1360         5.38
      0.1370         5.40
      0.1380         5.38
      0.1390         5.41
      0.1400         5.36
      0.1410         5.30
      0.1420         5.34
      0.1430         5.29
      0.1440         5.22
      0.1450         5.26
      0.1460         5.40
      0.1470         5.42
      0.1480         5.32
      0.1490         5.24
      0.1500         5.16
      0.1510         5.06
      0.1520         5.09
      0.1530         5.14
      0.1540         5.14
      0.1550         5.24
      0.1560         5.24
      0.1570         5.21
      0.1580         5.28
      0.1590         5.30
      0.1600         5.42
      0.1610         5.53
      0.1620         5.53
      0.1630         5.53
      0.1640         5.54
      0.1650         5.57
      0.1660         5.43
      0.1670         5.42
      0.1680         5.37
      0.1690         5.37
      0.1700         5.41
      0.1710         5.46
      0.1720         5.41
      0.1730         5.38
      0.1740         5.34
      0.1750         5.26
      0.1760         5.27
      0.1770         5.30
      0.1780         5.33
      0.1790         5.21
      0.1800         5.17
      0.1810         5.06
      0.1820         5.06
      0.1830         5.09
      0.1840         5.14
      0.1850         5.17
      0.1860         5.28
      0.1870         5.34
      0.1880         5.48
      0.1890         5.50
      0.1900         5.50
      0.1910         5.56
      0.1920         5.58
      0.1930         5.62
      0.1940         5.69
      0.1950         5.70
      0.1960         5.69
      0.1970         5.65
      0.1980         5.54
      0.1990         5.63
      0.2000         5.63
      0.2010         5.60
      0.2020         5.65
      0.2030         5.61
      0.2040         5.52
      0.2050         5.45
      0.2060         5.40
      0.2070         5.33
      0.2080         5.32
      0.2090         5.25
      0.2100         5.24
      0.2110         5.17
      0.2120         5.21
      0.2130         5.24
      0.2140         5.25
      0.2150         5.32
      0.2160         5.37
      0.2170         5.40
      0.2180         5.44
      0.2190         5.44
      0.2200         5.42
      0.2210         5.45
      0.2220         5.41
      0.2230         5.46
      0.2240         5.53
      0.2250         5.56
      0.2260         5.60
      0.2270         5.60
      0.2280         5.53
      0.2290         5.62
      0.2300         5.56
      0.2310         5.52
      0.2320         5.45
      0.2330         5.40
      0.2340         5.37
      0.2350         5.28
      0.2360         5.25
      0.2370         5.28
      0.2380         5.22
      0.2390         5.22
      0.2400         5.26
      0.2410         5.33
      0.2420         5.37
      0.2430         5.40
      0.2440         5.39
      0.2450         5.37
      0.2460         5.35
      0.2470         5.35
      0.2480         5.40
      0.2490         5.41
      0.2500         5.49
      0.2510         5.56
      0.2520         5.63
      0.2530         5.62
      0.2540         5.61
      0.2550         5.66
      0.2560         5.53
      0.2570         5.50
      0.2580         5.54
      0.2590         5.58
      0.2600         5.52
      0.2610         5.45
      0.2620         5.37
      0.2630         5.29
      0.2640         5.26
      0.2650         5.26
      0.2660         5.29
      0.2670         5.26
      0.2680         5.20
      0.2690         5.18
      0.2700         5.22
      0.2710         5.18
      0.2720         5.17
      0.2730         5.21
      0.2740         5.24
      0.2750         5.26
      0.2760         5.38
      0.2770         5.40
      0.2780         5.36
      0.2790         5.37
      0.2800         5.49
      0.2810         5.48
      0.2820         5.48
      0.2830         5.52
      0.2840         5.49
      0.2850         5.48
      0.2860         5.44
      0.2870         5.51
      0.2880         5.56
      0.2890         5.53
      0.2900         5.48
      0.2910         5.51
      0.2920         5.44
      0.2930         5.40
      0.2940         5.35
      0.2950         5.29
      0.2960         5.24
      0.2970         5.27
      0.2980         5.35
      0.2990         5.31
      0.3000         5.24
      0.3010         5.37
      0.3020         5.47
      0.3030         5.47
      0.3040         5.53
      0.3050         5.56
      0.3060         5.63
      0.3070         5.59
      0.3080         5.55
      0.3090         5.61
      0.3100         5.63
      0.3110         5.67
      0.3120         5.72
      0.3130         5.72
      0.3140         5.75
      0.3150         5.76
      0.3160         5.73
      0.3170         5.68
      0.3180         5.64
      0.3190         5.65
      0.3200         5.67
      0.3210         5.57
      0.3220         5.49
      0.3230         5.45
      0.3240         5.45
      0.3250         5.47
      0.3260         5.47
      0.3270         5.44
      0.3280         5.47
      0.3290         5.41
      0.3300         5.45
      0.3310         5.48
      0.3320         5.43
      0.3330         5.44
      0.3340         5.45
      0.3350         5.45
      0.3360         5.55
      0.3370         5.61
      0.3380         5.59
      0.3390         5.65
      0.3400         5.65
      0.3410         5.61
      0.3420         5.61
      0.3430         5.68
      0.3440         5.59
      0.3450         5.56
      0.3460         5.47
      0.3470         5.49
      0.3480         5.48
      0.3490         5.52
      0.3500         5.45
      0.3510         5.41
      0.3520         5.40
      0.3530         5.35
      0.3540         5.36
      0.3550         5.39
      0.3560         5.32
      0.3570         5.29
      0.3580         5.37
      0.3590         5.31
      0.3600         5.28
      0.3610         5.37
      0.3620         5.37
      0.3630         5.36
      0.3640         5.44
      0.3650         5.41
      0.3660         5.48
      0.3670         5.55
      0.3680         5.64
      0.3690         5.60
      0.3700         5.70
      0.3710         5.63
      0.3720         5.64
      0.3730         5.66
      0.3740         5.60
      0.3750         5.54
      0.3760         5.62
      0.3770         5.59
      0.3780         5.50
      0.3790         5.45
      0.3800         5.42
      0.3810         5.41
      0.3820         5.45
      0.3830         5.47
      0.3840         5.46
      0.3850         5.45
      0.3860         5.39
      0.3870         5.37
      0.3880         5.33
      0.3890         5.35
      0.3900         5.30
      0.3910         5.37
      0.3920         5.35
      0.3930         5.41
      0.3940         5.37
      0.3950         5.45
      0.3960         5.41
      0.3970         5.45
      0.3980         5.50
      0.3990         5.49
      0.4000         5.47
      0.4010         5.43
      0.4020         5.38
      0.4030         5.28
      0.4040         5.20
      0.4050         5.26
      0.4060         5.26
      0.4070         5.18
      0.4080         5.19
      0.4090         5.15
      0.4100         5.18
      0.4110         5.12
      0.4120         5.14
      0.4130         5.16
      0.4140         5.18
      0.4150         5.16
      0.4160         5.15
      0.4170         5.15
      0.4180         5.12
      0.4190         5.22
      0.4200         5.20
      0.4210         5.24
      0.4220         5.24
      0.4230         5.31
      0.4240         5.40
      0.4250         5.39
      0.4260         5.48
      0.4270         5.53
      0.4280         5.53
      0.4290         5.54
      0.4300         5.42
      0.4310         5.43
      0.4320         5.46
      0.4330         5.35
      0.4340         5.37
      0.4350         5.33
      0.4360         5.30
      0.4370         5.21
      0.4380         5.27
      0.4390         5.26
      0.4400         5.34
      0.4410         5.31
      0.4420         5.34
      0.4430         5.38
      0.4440         5.31
      0.4450         5.34
      0.4460         5.33
      0.4470         5.33
      0.4480         5.29
      0.4490         5.27
      0.4500         5.41
      0.4510         5.46
      0.4520         5.47
      0.4530         5.51
      0.4540         5.61
      0.4550         5.62
      0.4560         5.62
      0.4570         5.66
      0.4580         5.62
      0.4590         5.61
      0.4600         5.58
      0.4610         5.58
      0.4620         5.52
      0.4630         5.47
      0.4640         5.44
      0.4650         5.35
      0.4660         5.34
      0.4670         5.36
      0.4680         5.30
      0.4690         5.32
      0.4700         5.28
      0.4710         5.28
      0.4720         5.26
      0.4730         5.31
      0.4740         5.30
      0.4750         5.32
      0.4760         5.31
      0.4770         5.30
      0.4780         5.30
      0.4790         5.34
      0.4800         5.38
      0.4810         5.40
      0.4820         5.47
      0.4830         5.52
      0.4840         5.64
      0.4850         5.66
      0.4860         5.63
      0.4870         5.58
      0.4880         5.62
      0.4890         5.59
      0.4900         5.60
      0.4910         5.55
      0.4920         5.51
      0.4930         5.50
      0.4940         5.44
      0.4950         5.38
      0.4960         5.36
      0.4970         5.38
      0.4980         5.43
      0.4990         5.44
      0.5000         5.45
      0.5010         5.39
      0.5020         5.38
      0.5030         5.27
      0.5040         5.31
      0.5050         5.39
      0.5060         5.45
      0.5070         5.57
      0.5080         5.58
      0.5090         5.62
      0.5100         5.61
      0.5110         5.66
      0.5120         5.70
      0.5130         5.70
      0.5140         5.76
      0.5150         5.78
      0.5160         5.89
      0.5170         5.88
      0.5180         5.84
      0.5190         5.73
      0.5200         5.69
      0.5210         5.69
      0.5220         5.68
      0.5230         5.74
      0.5240         5.57
      0.5250         5.52
      0.5260         5.45
      0.5270         5.29
      0.5280         5.33
      0.5290         5.32
      0.5300         5.36
      0.5310         5.19
      0.5320         5.22
      0.5330         5.18
      0.5340         5.17
      0.5350         5.21
      0.5360         5.18
      0.5370         5.25
      0.5380         5.29
      0.5390         5.34
      0.5400         5.30
      0.5410         5.37
      0.5420         5.34
      0.5430         5.38
      0.5440         5.51
      0.5450         5.51
      0.5460         5.54
      0.5470         5.62
      0.5480         5.62
      0.5490         5.55
      0.5500         5.46
      0.5510         5.57
      0.5520         5.53
      0.5530         5.53
      0.5540         5.57
      0.5550         5.55
      0.5560         5.50
      0.5570         5.41
      0.5580         5.38
      0.5590         5.31
      0.5600         5.34
      0.5610         5.34
      0.5620         5.34
      0.5630         5.29
      0.5640         5.27
      0.5650         5.33
      0.5660         5.31
      0.5670         5.31
      0.5680         5.32
      0.5690         5.38
      0.5700         5.46
      0.5710         5.49
      0.5720         5.56
      0.5730         5.58
      0.5740         5.49
      0.5750         5.52
      0.5760         5.54
      0.5770         5.60
      0.5780         5.60
      0.5790         5.68
      0.5800         5.75
      0.5810         5.64
      0.5820         5.64
      0.5830         5.64
      0.5840         5.63
      0.5850         5.61
      0.5860         5.65
      0.5870         5.65
      0.5880         5.59
      0.5890         5.52
      0.5900         5.49
      0.5910         5.44
      0.5920         5.37
      0.5930         5.39
      0.5940         5.49
      0.5950         5.51
      0.5960         5.53
      0.5970         5.52
      0.5980         5.49
      0.5990         5.52
      0.6000         5.48
      0.6010         5.53
      0.6020         5.49
      0.6030         5.45
      0.6040         5.41
      0.6050         5.37
      0.6060         5.32
      0.6070         5.29
      0.6080         5.22
      0.6090         5.26
      0.6100         5.25
      0.6110         5.26
      0.6120         5.26
      0.6130         5.22
      0.6140         5.12
      0.6150         5.10
      0.6160         5.06
      0.6170         5.02
      0.6180         5.00
      0.6190         4.96
      0.6200         4.94
      0.6210         4.93
      0.6220         5.12
      0.6230         5.19
      0.6240         5.24
      0.6250         5.29
      0.6260         5.36
      0.6270         5.35
      0.6280         5.45
      0.6290         5.48
      0.6300         5.51
      0.6310         5.48
      0.6320         5.49
      0.6330         5.49
      0.6340         5.59
      0.6350         5.56
      0.6360         5.56
      0.6370         5.59
      0.6380         5.61
      0.6390         5.60
      0.6400         5.59
      0.6410         5.60
      0.6420         5.49
      0.6430         5.41
      0.6440         5.35
      0.6450         5.28
      0.6460         5.21
      0.6470         5.29
      0.6480         5.29
      0.6490         5.33
      0.6500         5.31
      0.6510         5.31
      0.6520         5.31
      0.6530         5.37
      0.6540         5.31
      0.6550         5.30
      0.6560         5.32
      0.6570         5.30
      0.6580         5.30
      0.6590         5.28
      0.6600         5.32
      0.6610         5.31
      0.6620         5.26
      0.6630         5.26
      0.6640         5.30
      0.6650         5.26
      0.6660         5.19
      0.6670         5.08
      0.6680         5.10
      0.6690         5.03
      0.6700         5.00
      0.6710         5.03
      0.6720         5.02
      0.6730         4.92
      0.6740         4.88
      0.6750         4.91
      0.6760         4.95
      0.6770         5.00
      0.6780         5.01
      0.6790         5.01
      0.6800         5.00
      0.6810         5.02
      0.6820         5.11
      0.6830         5.20
      0.6840         5.24
      0.6850         5.31
      0.6860         5.41
      0.6870         5.49
      0.6880         5.49
      0.6890         5.50
      0.6900         5.53
      0.6910         5.55
      0.6920         5.61
      0.6930         5.63
      0.6940         5.67
      0.6950         5.58
      0.6960         5.53
      0.6970         5.47
      0.6980         5.42
      0.6990         5.45
      0.7000         5.43
      0.7010         5.36
      0.7020         5.32
      0.7030         5.27
      0.7040         5.27
      0.7050         5.23
      0.7060         5.24
      0.7070         5.18
      0.7080         5.12
      0.7090         5.14
      0.7100         5.15
      0.7110         5.14
      0.7120         5.12
      0.7130         5.15
      0.7140         5.16
      0.7150         5.28
      0.7160         5.28
      0.7170         5.28
      0.7180         5.33
      0.7190         5.33
      0.7200         5.32
      0.7210         5.37
      0.7220         5.35
      0.7230         5.27
      0.7240         5.23
      0.7250         5.24
      0.7260         5.21
      0.7270         5.25
      0.7280         5.29
      0.7290         5.25
      0.7300         5.15
      0.7310         5.13
      0.7320         5.07
      0.7330         5.07
      0.7340         5.07
      0.7350         4.99
      0.7360         5.01
      0.7370         5.07
      0.7380         5.07
      0.7390         5.05
      0.7400         5.12
      0.7410         5.16
      0.7420         5.23
      0.7430         5.37
      0.7440         5.40
      0.7450         5.49
      0.7460         5.49
      0.7470         5.49
      0.7480         5.47
      0.7490         5.49
      0.7500         5.61
      0.7510         5.60
      0.7520         5.65
      0.7530         5.57
      0.7540         5.56
      0.7550         5.56
      0.7560         5.52
      0.7570         5.52
      0.7580         5.44
      0.7590         5.49
      0.7600         5.44
      0.7610         5.52
      0.7620         5.46
      0.7630         5.40
      0.7640         5.33
      0.7650         5.30
      0.7660         5.31
      0.7670         5.32
      0.7680         5.41
      0.7690         5.41
      0.7700         5.40
      0.7710         5.44
      0.7720         5.44
      0.7730         5.51
      0.7740         5.53
      0.7750         5.57
      0.7760         5.59
      0.7770         5.59
      0.7780         5.67
      0.7790         5.61
      0.7800         5.59
      0.7810         5.47
      0.7820         5.46
      0.7830         5.56
      0.7840         5.56
      0.7850         5.50
      0.7860         5.49
      0.7870         5.50
      0.7880         5.41
      0.7890         5.36
      0.7900         5.30
      0.7910         5.26
      0.7920         5.25
      0.7930         5.26
      0.7940         5.26
      0.7950         5.29
      0.7960         5.30
      0.7970         5.25
      0.7980         5.25
      0.7990         5.22
      0.8000         5.22
      0.8010         5.26
      0.8020         5.30
      0.8030         5.28
      0.8040         5.33
      0.8050         5.36
      0.8060         5.37
      0.8070         5.40
      0.8080         5.41
      0.8090         5.47
      0.8100         5.47
      0.8110         5.49
      0.8120         5.52
      0.8130         5.51
      0.8140         5.40
      0.8150         5.33
      0.8160         5.37
      0.8170         5.41
      0.8180         5.35
      0.8190         5.40
      0.8200         5.43
      0.8210         5.37
      0.8220         5.29
      0.8230         5.22
      0.8240         5.20
      0.8250         5.17
      0.8260         5.18
      0.8270         5.14
      0.8280         5.13
      0.8290         5.16
      0.8300         5.22
      0.8310         5.28
      0.8320         5.33
      0.8330         5.28
      0.8340         5.37
      0.8350         5.44
      0.8360         5.37
      0.8370         5.41
      0.8380         5.45
      0.8390         5.48
      0.8400         5.53
      0.8410         5.53
      0.8420         5.56
      0.8430         5.58
      0.8440         5.57
      0.8450         5.60
      0.8460         5.56
      0.8470         5.57
      0.8480         5.53
      0.8490         5.49
      0.8500         5.46
      0.8510         5.37
      0.8520         5.32
      0.8530         5.37
      0.8540         5.42
      0.8550         5.37
      0.8560         5.38
      0.8570         5.38
      0.8580         5.38
      0.8590         5.36
      0.8600         5.33
      0.8610         5.34
      0.8620         5.40
      0.8630         5.38
      0.8640         5.45
      0.8650         5.48
      0.8660         5.45
      0.8670         5.40
      0.8680         5.45
      0.8690         5.34
      0.8700         5.29
      0.8710         5.37
      0.8720         5.37
      0.8730         5.42
      0.8740         5.34
      0.8750         5.36
      0.8760         5.36
      0.8770         5.29
      0.8780         5.32
      0.8790         5.33
      0.8800         5.33
      0.8810         5.34
      0.8820         5.30
      0.8830         5.30
      0.8840         5.29
      0.8850         5.25
      0.8860         5.33
      0.8870         5.40
      0.8880         5.41
      0.8890         5.49
      0.8900         5.53
      0.8910         5.54
      0.8920         5.49
      0.8930         5.52
      0.8940         6.18
      0.8950         6.27
      0.8960         6.43
      0.8970         7.08
      0.8980         7.07
      0.8990         7.15
      0.9000         7.34
      0.9010         7.36
      0.9020         7.44
      0.9030         7.59
      0.9040         7.62
      0.9050         7.63
      0.9060         7.67
      0.9070         7.67
      0.9080         7.71
      0.9090         7.83
      0.9100         7.89
      0.9110         7.86
      0.9120         7.93
      0.9130         7.97
      0.9140         7.93
      0.9150         7.89
      0.9160         7.86
      0.9170         7.91
      0.9180         8.17
      0.9190         8.27
      0.9200         8.27
      0.9210         8.41
      0.9220         8.43
      0.9230         8.46
      0.9240         8.54
      0.9250         8.66
      0.9260         8.71
      0.9270         8.78
      0.9280         8.94
      0.9290         9.00
      0.9300         9.08
      0.9310         9.10
      0.9320         9.20
      0.9330         9.15
      0.9340         9.12
      0.9350         9.23
      0.9360         9.26
      0.9370         9.26
      0.9380         9.15
      0.9390         9.10
      0.9400         9.02
      0.9410         9.03
      0.9420         9.14
      0.9430         9.15
      0.9440         9.27
      0.9450         9.27
      0.9460         9.28
      0.9470         9.31
      0.9480         9.26
      0.9490         9.32
      0.9500         9.34
      0.9510         9.47
      0.9520         9.54
      0.9530         9.58
      0.9540         9.52
      0.9550         9.49
      0.9560         9.52
      0.9570         9.52
      0.9580         9.51
      0.9590         9.69
      0.9600         9.83
      0.9610         9.87
      0.9620         9.97
      0.9630        10.10
      0.9640         9.97
      0.9650        10.00
      0.9660         9.97
      0.9670        10.04
      0.9680        10.13
      0.9690        10.08
      0.9700        10.16
      0.9710        10.09
      0.9720        10.09
      0.9730        10.12
      0.9740        10.28
      0.9750        10.38
      0.9760        10.42
      0.9770        10.58
      0.9780        10.73
      0.9790        10.68
      0.9800        10.70
      0.9810        10.86
      0.9820        10.89
      0.9830        10.88
      0.9840        11.05
      0.9850        11.15
      0.9860        11.31
      0.9870        11.36
      0.9880        11.39
      0.9890        11.43
      0.9900        11.42
      0.9910        11.58
      0.9920        11.63
      0.9930        11.65
      0.9940        11.65
      0.9950        11.76
      0.9960        11.78
      0.9970        11.72
      0.9980        11.76
      0.9990        11.86
      1.0000        11.98
      1.0010        11.98
      1.0020        12.07
      1.0030        12.22
      1.0040        12.29
      1.0050        12.37
      1.0060        12.49
      1.0070        12.53
      1.0080        12.65
      1.0090        12.75
      1.0100        12.87
      1.0110        12.94
      1.0120        13.01
      1.0130        13.13
      1.0140        13.19
      1.0150        13.21
      1.0160        13.31
      1.0170        13.42
      1.0180        13.44
      1.0190        13.46
      1.0200        13.48
      1.0210        13.56
      1.0220        13.60
      1.0230        13.51
      1.0240        13.58
      1.0250        13.52
      1.0260        13.56
      1.0270        13.71
      1.0280        13.74
      1.0290        13.78
      1.0300        13.91
      1.0310        14.03
      1.0320        14.03
      1.0330        14.07
      1.0340        14.23
      1.0350        14.35
      1.0360        14.51
      1.0370        14.64
      1.0380        14.73
      1.0390        14.84
      1.0400        15.00
      1.0410        14.92
      1.0420        14.96
      1.0430        15.15
      1.0440        15.20
      1.0450        15.47
      1.0460        15.52
      1.0470        15.48
      1.0480        15.59
      1.0490        15.75
      1.0500        15.83
      1.0510        15.81
      1.0520        15.95
      1.0530        16.02
      1.0540        16.06
      1.0550        16.10
      1.0560        16.07
      1.0570        16.15
      1.0580        16.33
      1.0590        16.37
      1.0600        16.39
      1.0610        16.58
      1.0620        16.62
      1.0630        16.74
      1.0640        16.91
      1.0650        16.95
      1.0660        17.06
      1.0670        17.27
      1.0680        17.39
      1.0690        17.47
      1.0700        17.54
      1.0710        17.78
      1.0720        17.93
      1.0730        18.08
      1.0740        18.16
      1.0750        18.31
      1.0760        18.38
      1.0770        18.46
      1.0780        18.46
      1.0790        18.51
      1.0800        18.62
      1.0810        18.69
      1.0820        18.77
      1.0830        18.86
      1.0840        18.84
      1.0850        18.89
      1.0860        18.97
      1.0870        19.04
      1.0880        19.03
      1.0890        19.17
      1.0900        19.41
      1.0910        19.45
      1.0920        19.44
      1.0930        19.59
      1.0940        19.82
      1.0950        19.91
      1.0960        20.03
      1.0970        20.12
      1.0980        20.32
      1.0990        20.54
      1.1000        20.69
      1.1010        20.86
      1.1020        20.98
      1.1030        20.97
      1.1040        21.05
      1.1050        21.17
      1.1060        21.28
      1.1070        21.33
      1.1080        21.39
      1.1090        21.45
      1.1100        21.33
      1.1110        21.34
      1.1120        21.48
      1.1130        21.59
      1.1140        21.59
      1.1150        21.59
      1.1160        21.71
      1.1170        21.82
      1.1180        21.84
      1.1190        21.84
      1.1200        21.96
      1.1210        22.00
      1.1220        22.17
      1.1230        22.32
      1.1240        22.45
      1.1250        22.57
      1.1260        22.76
      1.1270        22.88
      1.1280        23.07
      1.1290        23.12
      1.1300        23.20
      1.1310        23.27
      1.1320        23.30
      1.1330        23.26
      1.1340        23.24
      1.1350        23.27
      1.1360        23.25
      1.1370        23.25
      1.1380        23.32
      1.1390        23.37
      1.1400        23.39
      1.1410        23.48
      1.1420        23.51
      1.1430        23.44
      1.1440        23.37
      1.1450        23.44
      1.1460        23.43
      1.1470        23.36
      1.1480        23.40
      1.1490        23.50
      1.1500        23.54
      1.1510        23.62
      1.1520        23.62
      1.1530        23.70
      1.1540        23.86
      1.1550        23.92
      1.1560        24.06
      1.1570        24.15
      1.1580        24.23
      1.1590        24.33
      1.1600        24.34
      1.1610        24.31
      1.1620        24.41
      1.1630        24.52
      1.1640        24.66
      1.1650        24.66
      1.1660        24.73
      1.1670        24.87
      1.1680        24.80
      1.1690        24.82
      1.1700        24.88
      1.1710        24.87
      1.1720        24.99
      1.1730        25.02
      1.1740        25.04
      1.1750        25.15
      1.1760        25.26
      1.1770        25.33
      1.1780        25.34
      1.1790        25.34
      1.1800        25.40
      1.1810        25.55
      1.1820        25.55
      1.1830        25.66
      1.1840        25.70
      1.1850        25.80
      1.1860        25.86
      1.1870        25.96
      1.1880        26.12
      1.1890        26.14
      1.1900        26.29
      1.1910        26.43
      1.1920        26.45
      1.1930        26.54
      1.1940        26.60
      1.1950        26.60
      1.1960        26.67
      1.1970        26.67
      1.1980        26.75
      1.1990        26.82
      1.2000        26.84
      1.2010        26.79
      1.2020        26.75
      1.2030        26.75
      1.2040        26.86
      1.2050        26.84
      1.2060        26.91
      1.2070        26.91
      1.2080        27.06
      1.2090        27.29
      1.2100        27.34
      1.2110        27.38
      1.2120        27.52
      1.2130        27.66
      1.2140        27.79
      1.2150        27.90
      1.2160        27.94
      1.2170        28.03
      1.2180        28.14
      1.2190        28.18
      1.2200        28.25
      1.2210        28.32
      1.2220        28.44
      1.2230        28.49
      1.2240        28.54
      1.2250        28.61
      1.2260        28.59
      1.2270        28.60
      1.2280        28.62
      1.2290        28.54
      1.2300        28.48
      1.2310        28.50
      1.2320        28.59
      1.2330        28.63
      1.2340        28.64
      1.2350        28.72
      1.2360        28.82
      1.2370        28.86
      1.2380        28.88
      1.2390        29.07
      1.2400        29.16
      1.2410        29.33
      1.2420        29.43
      1.2430        29.57
      1.2440        29.68
      1.2450        29.76
      1.2460        29.81
      1.2470        30.04
      1.2480        30.07
      1.2490        30.19
      1.2500        30.36
      1.2510        30.47
      1.2520        30.42
      1.2530        30.39
      1.2540        30.40
      1.2550        30.44
      1.2560        30.35
      1.2570        30.45
      1.2580        30.50
      1.2590        30.54
      1.2600        30.57
      1.2610        30.61
      1.2620        30.67
      1.2630        30.75
      1.2640        30.82
      1.2650        30.89
      1.2660        30.95
      1.2670        30.88
      1.2680        31.00
      1.2690        31.07
      1.2700        31.17
      1.2710        31.14
      1.2720        31.30
      1.2730        31.27
      1.2740        31.27
      1.2750        31.28
      1.2760        31.44
      1.2770        31.43
      1.2780        31.47
      1.2790        31.54
      1.2800        31.49
      1.2810        31.50
      1.2820        31.50
      1.2830        31.49
      1.2840        31.49
      1.2850        31.44
      1.2860        31.44
      1.2870        31.41
      1.2880        31.32
      1.2890        31.21
      1.2900        31.23
      1.2910        31.39
      1.2920        31.36
      1.2930        31.47
      1.2940        31.54
      1.2950        31.71
      1.2960        31.72
      1.2970        31.83
      1.2980        31.83
      1.2990        31.83
      1.3000        32.04
      1.3010        32.12
      1.3020        32.21
      1.3030        32.25
      1.3040        32.35
      1.3050        32.43
      1.3060        32.51
      1.3070        32.58
      1.3080        32.64
      1.3090        32.78
      1.3100        32.75
      1.3110        32.71
      1.3120        32.74
      1.3130        32.81
      1.3140        32.85
      1.3150        32.83
      1.3160        32.82
      1.3170        32.79
      1.3180        32.74
      1.3190        32.61
      1.3200        32.55
      1.3210        32.49
      1.3220        32.49
      1.3230        32.50
      1.3240        32.39
      1.3250        32.40
      1.3260        32.39
      1.3270        32.47
      1.3280        32.48
      1.3290        32.41
      1.3300        32.50
      1.3310        32.54
      1.3320        32.54
      1.3330        32.51
      1.3340        32.43
      1.3350        32.44
      1.3360        32.47
      1.3370        32.39
      1.3380        32.39
      1.3390        32.48
      1.3400        32.49
      1.3410        32.40
      1.3420        32.33
      1.3430        32.30
      1.3440        32.28
      1.3450        32.32
      1.3460        32.33
      1.3470        32.21
      1.3480        32.25
      1.3490        32.32
      1.3500        32.13
      1.3510        32.08
      1.3520        32.11
      1.3530        32.09
      1.3540        32.18
      1.3550        32.07
      1.3560        31.98
      1.3570        32.11
      1.3580        32.16
      1.3590        32.20
      1.3600        32.19
      1.3610        32.32
      1.3620        32.36
      1.3630        32.39
      1.3640        32.58
      1.3650        32.64
      1.3660        32.60
      1.3670        32.70
      1.3680        32.62
      1.3690        32.58
      1.3700        32.62
      1.3710        32.67
      1.3720        32.53
      1.3730        32.54
      1.3740        32.49
      1.3750        32.50
      1.3760        32.59
      1.3770        32.57
      1.3780        32.54
      1.3790        32.55
      1.3800        32.65
      1.3810        32.74
      1.3820        32.90
      1.3830        33.05
      1.3840        33.05
      1.3850        33.00
      1.3860        33.18
      1.3870        33.17
      1.3880        33.27
      1.3890        33.35
      1.3900        33.60
      1.3910        33.73
      1.3920        33.86
      1.3930        33.93
      1.3940        34.07
      1.3950        34.13
      1.3960        34.23
      1.3970        34.25
      1.3980        34.33
      1.3990        34.39
      1.4000        34.31
      1.4010        34.30
      1.4020        34.09
      1.4030        33.99
      1.4040        33.85
      1.4050        33.93
      1.4060        33.88
      1.4070        33.92
      1.4080        34.02
      1.4090        33.99
      1.4100        33.78
      1.4110        33.61
      1.4120        33.60
      1.4130        33.69
      1.4140        33.69
      1.4150        33.79
      1.4160        33.82
      1.4170        33.84
      1.4180        33.92
      1.4190        33.92
      1.4200        34.03
      1.4210        34.00
      1.4220        34.17
      1.4230        34.24
      1.4240        34.27
      1.4250        34.23
      1.4260        34.24
      1.4270        34.31
      1.4280        34.17
      1.4290        34.20
      1.4300        34.31
      1.4310        34.28
      1.4320        34.35
      1.4330        34.26
      1.4340        34.20
      1.4350        34.10
      1.4360        34.06
      1.4370        33.97
      1.4380        33.96
      1.4390        33.97
      1.4400        33.89
      1.4410        33.96
      1.4420        33.88
      1.4430        33.83
      1.4440        33.85
      1.4450        33.88
      1.4460        33.78
      1.4470        33.66
      1.4480        33.72
      1.4490        33.74
      1.4500        33.66
      1.4510        33.78
      1.4520        33.77
      1.4530        33.80
      1.4540        33.81
      1.4550        33.72
      1.4560        33.65
      1.4570        33.59
      1.4580        33.49
      1.4590        33.41
      1.4600        33.47
      1.4610        33.40
      1.4620        33.28
      1.4630        33.23
      1.4640        33.15
      1.4650        33.03
      1.4660        33.00
      1.4670        33.03
      1.4680        32.98
      1.4690        32.84
      1.4700        32.92
      1.4710        32.81
      1.4720        32.73
      1.4730        32.73
      1.4740        32.71
      1.4750        32.77
      1.4760        32.77
      1.4770        32.86
      1.4780        32.83
      1.4790        32.79
      1.4800        32.62
      1.4810        32.50
      1.4820        32.55
      1.4830        32.51
      1.4840        32.58
      1.4850        32.54
      1.4860        32.50
      1.4870        32.39
      1.4880        32.34
      1.4890        32.22
      1.4900        32.06
      1.4910        31.96
      1.4920        31.85
      1.4930        31.61
      1.4940        31.60
      1.4950        31.46
      1.4960        31.38
      1.4970        31.30
      1.4980        31.14
      1.4990        31.10
      1.5000        31.03
      1.5010        30.95
      1.5020        30.85
      1.5030        30.76
      1.5040        30.54
      1.5050        30.51
      1.5060        30.50
      1.5070        30.43
      1.5080        30.30
      1.5090        30.18
      1.5100        30.11
      1.5110        30.03
      1.5120        29.92
      1.5130        29.89
      1.5140        29.59
      1.5150        29.45
      1.5160        29.29
      1.5170        29.05
      1.5180        28.93
      1.5190        28.69
      1.5200        28.48
      1.5210        28.41
      1.5220        28.22
      1.5230        28.08
      1.5240        27.88
      1.5250        27.70
      1.5260        27.52
      1.5270        27.42
      1.5280        27.30
      1.5290        27.26
      1.5300        27.14
      1.5310        27.00
      1.5320        26.95
      1.5330        26.87
      1.5340        26.88
      1.5350        26.81
      1.5360        26.61
      1.5370        26.60
      1.5380        26.47
      1.5390        26.35
      1.5400        26.32
      1.5410        26.06
      1.5420        25.99
      1.5430        25.81
      1.5440        25.79
      1.5450        25.53
      1.5460        25.28
      1.5470        25.05
      1.5480        24.78
      1.5490        24.54
      1.5500        24.22
      1.5510        24.02
      1.5520        23.76
      1.5530        23.42
      1.5540        23.09
      1.5550        22.84
      1.5560        22.66
      1.5570        22.40
      1.5580        22.21
      1.5590        22.01
      1.5600        21.72
      1.5610        21.56
      1.5620        21.29
      1.5630        20.98
      1.5640        20.74
      1.5650        20.56
      1.5660        20.42
      1.5670        20.13
      1.5680        19.85
      1.5690        19.59
      1.5700        19.41
      1.5710        19.18
      1.5720        18.87
      1.5730        18.63
      1.5740        18.39
      1.5750        18.07
      1.5760        17.80
      1.5770        17.48
      1.5780        17.07
      1.5790        16.87
      1.5800        16.56
      1.5810        16.07
      1.5820        15.70
      1.5830        15.46
      1.5840        15.12
      1.5850        14.71
      1.5860        14.41
      1.5870        14.18
      1.5880        13.97
      1.5890        13.69
      1.5900        13.34
      1.5910        13.00
      1.5920        12.74
      1.5930        12.43
      1.5940        12.07
      1.5950        11.86
      1.5960        11.49
      1.5970        11.33
      1.5980        11.22
      1.5990        10.83
      1.6000        10.51
      1.6010        10.33
      1.6020        10.06
      1.6030         9.74
      1.6040         9.40
      1.6050         9.15
      1.6060         8.85
      1.6070         8.53
      1.6080         8.24
      1.6090         7.97
      1.6100         7.77
      1.6110         7.46
      1.6120         7.23
      1.6130         6.91
      1.6140         6.78
      1.6150         6.11
      1.6160         6.06
      1.6170         5.86
      1.6180         5.33
      1.6190         5.29
      1.6200         5.37
      1.6210         5.37
      1.6220         5.36
      1.6230         5.33
      1.6240         5.33
      1.6250         5.44
      1.6260         5.36
      1.6270         5.32
      1.6280         5.35
      1.6290         5.35
      1.6300         5.32
      1.6310         5.29
      1.6320         5.25
      1.6330         5.36
      1.6340         5.37
      1.6350         5.34
      1.6360         5.32
      1.6370         5.29
      1.6380         5.18
      1.6390         5.20
      1.6400         5.15
      1.6410         5.21
      1.6420         5.17
      1.6430         5.19
      1.6440         5.21
      1.6450         5.17
      1.6460         5.23
      1.6470         5.20
      1.6480         5.21
      1.6490         5.25
      1.6500         5.29
      1.6510         5.37
      1.6520         5.43
      1.6530         5.51
      1.6540         5.44
      1.6550         5.49
      1.6560         5.44
      1.6570         5.45
      1.6580         5.51
      1.6590         5.56
      1.6600         5.57
      1.6610         5.52
      1.6620         5.57
      1.6630         5.57
      1.6640         5.51
      1.6650         5.47
      1.6660         5.43
      1.6670         5.53
      1.6680         5.48
      1.6690         5.51
      1.6700         5.52
      1.6710         5.48
      1.6720         5.40
      1.6730         5.29
      1.6740         5.32
      1.6750         5.30
      1.6760         5.38
      1.6770         5.42
      1.6780         5.49
      1.6790         5.44
      1.6800         5.45
      1.6810         5.49
      1.6820         5.52
      1.6830         5.53
      1.6840         5.53
      1.6850         5.61
      1.6860         5.66
      1.6870         5.61
      1.6880         5.65
      1.6890         5.60
      1.6900         5.56
      1.6910         5.56
      1.6920         5.57
      1.6930         5.56
      1.6940         5.54
      1.6950         5.44
      1.6960         5.40
      1.6970         5.38
      1.6980         5.32
      1.6990         5.29
      1.7000         5.29
      1.7010         5.29
      1.7020         5.27
      1.7030         5.17
      1.7040         5.16
      1.7050         5.07
      1.7060         5.09
      1.7070         5.11
      1.7080         5.15
      1.7090         5.17
      1.7100         5.19
      1.7110         5.23
      1.7120         5.31
      1.7130         5.35
      1.7140         5.40
      1.7150         5.49
      1.7160         5.59
      1.7170         5.59
      1.7180         5.64
      1.7190         5.61
      1.7200         5.59
      1.7210         5.56
      1.7220         5.60
      1.7230         5.67
      1.7240         5.67
      1.7250         5.73
      1.7260         5.68
      1.7270         5.64
      1.7280         5.54
      1.7290         5.54
      1.7300         5.52
      1.7310         5.44
      1.7320         5.41
      1.7330         5.37
      1.7340         5.36
      1.7350         5.36
      1.7360         5.30
      1.7370         5.38
      1.7380         5.34
      1.7390         5.42
      1.7400         5.46
      1.7410         5.45
      1.7420         5.38
      1.7430         5.37
      1.7440         5.37
      1.7450         5.36
      1.7460         5.32
      1.7470         5.32
      1.7480         5.28
      1.7490         5.24
      1.7500         5.28
      1.7510         5.33
      1.7520         5.27
      1.7530         5.39
      1.7540         5.36
      1.7550         5.27
      1.7560         5.31
      1.7570         5.21
      1.7580         5.16
      1.7590         5.12
      1.7600         5.12
      1.7610         5.15
      1.7620         5.21
      1.7630         5.27
      1.7640         5.29
      1.7650         5.25
      1.7660         5.28
      1.7670         5.39
      1.7680         5.50
      1.7690         5.52
      1.7700         5.58
      1.7710         5.58
      1.7720         5.70
      1.7730         5.59
      1.7740         5.64
      1.7750         5.78
      1.7760         5.71
      1.7770         5.75
      1.7780         5.80
      1.7790         5.79
      1.7800         5.74
      1.7810         5.75
      1.7820         5.70
      1.7830         5.63
      1.7840         5.62
      1.7850         5.63
      1.7860         5.66
      1.7870         5.57
      1.7880         5.49
      1.7890         5.50
      1.7900         5.41
      1.7910         5.41
      1.7920         5.38
      1.7930         5.38
      1.7940         5.37
      1.7950         5.29
      1.7960         5.31
      1.7970         5.31
      1.7980         5.39
      1.7990         5.37
      1.8000         5.41
      1.8010         5.43
      1.8020         5.51
      1.8030         5.51
      1.8040         5.53
      1.8050         5.51
      1.8060         5.49
      1.8070         5.43
      1.8080         5.47
      1.8090         5.43
      1.8100         5.41
      1.8110         5.41
      1.8120         5.44
      1.8130         5.46
      1.8140         5.37
      1.8150         5.44
      1.8160         5.45
      1.8170         5.42
      1.8180         5.33
      1.8190         5.32
      1.8200         5.24
      1.8210         5.20
      1.8220         5.16
      1.8230         5.18
      1.8240         5.17
      1.8250         5.19
      1.8260         5.21
      1.8270         5.28
      1.8280         5.25
      1.8290         5.35
      1.8300         5.33
      1.8310         5.29
      1.8320         5.26
      1.8330         5.29
      1.8340         5.36
      1.8350         5.27
      1.8360         5.24
      1.8370         5.28
      1.8380         5.31
      1.8390         5.31
      1.8400         5.36
      1.8410         5.36
      1.8420         5.32
      1.8430         5.29
      1.8440         5.29
      1.8450         5.31
      1.8460         5.27
      1.8470         5.20
      1.8480         5.25
      1.8490         5.19
      1.8500         5.27
      1.8510         5.33
      1.8520         5.29
      1.8530         5.31
      1.8540         5.27
      1.8550         5.31
      1.8560         5.29
      1.8570         5.32
      1.8580         5.32
      1.8590         5.33
      1.8600         5.34
      1.8610         5.38
      1.8620         5.46
      1.8630         5.45
      1.8640         5.48
      1.8650         5.56
      1.8660         5.66
      1.8670         5.74
      1.8680         5.72
      1.8690         5.68
      1.8700         5.68
      1.8710         5.61
      1.8720         5.58
      1.8730         5.45
      1.8740         5.47
      1.8750         5.54
      1.8760         5.55
      1.8770         5.47
      1.8780         5.42
      1.8790         5.43
      1.8800         5.49
      1.8810         5.42
      1.8820         5.39
      1.8830         5.50
      1.8840         5.49
      1.8850         5.47
      1.8860         5.43
      1.8870         5.45
      1.8880         5.46
      1.8890         5.54
      1.8900         5.51
      1.8910         5.62
      1.8920         5.65
      1.8930         5.69
      1.8940         5.69
      1.8950         5.61
      1.8960         5.58
      1.8970         5.54
      1.8980         5.61
      1.8990         5.54
      1.9000         5.41
      1.9010         5.43
      1.9020         5.40
      1.9030         5.28
      1.9040         5.29
      1.9050         5.22
      1.9060         5.24
      1.9070         5.19
      1.9080         5.15
      1.9090         5.17
      1.9100         5.18
      1.9110         5.17
      1.9120         5.21
      1.9130         5.29
      1.9140         5.30
      1.9150         5.37
      1.9160         5.44
      1.9170         5.53
      1.9180         5.54
      1.9190         5.62
      1.9200         5.66
      1.9210         5.60
      1.9220         5.61
      1.9230         5.69
      1.9240         5.58
      1.9250         5.60
      1.9260         5.52
      1.9270         5.52
      1.9280         5.53
      1.9290         5.53
      1.9300         5.50
      1.9310         5.45
      1.9320         5.40
      1.9330         5.37
      1.9340         5.40
      1.9350         5.30
      1.9360         5.31
      1.9370         5.34
      1.9380         5.26
      1.9390         5.29
      1.9400         5.34
      1.9410         5.41
      1.9420         5.42
      1.9430         5.45
      1.9440         5.50
      1.9450         5.53
      1.9460         5.58
      1.9470         5.62
      1.9480         5.63
      1.9490         5.58
      1.9500         5.63
      1.9510         5.62
      1.9520         5.64
      1.9530         5.64
      1.9540         5.59
      1.9550         5.64
      1.9560         5.57
      1.9570         5.49
      1.9580         5.56
      1.9590         5.55
      1.9600         5.52
      1.9610         5.46
      1.9620         5.42
      1.9630         5.34
      1.9640         5.46
      1.9650         5.40
      1.9660         5.38
      1.9670         5.40
      1.9680         5.42
      1.9690         5.44
      1.9700         5.49
      1.9710         5.52
      1.9720         5.56
      1.9730         5.64
      1.9740         5.70
      1.9750         5.70
      1.9760         5.73
      1.9770         5.77
      1.9780         5.72
      1.9790         5.72
      1.9800         5.73
      1.9810         5.74
      1.9820         5.76
      1.9830         5.78
      1.9840         5.62
      1.9850         5.62
      1.9860         5.59
      1.9870         5.51
      1.9880         5.53
      1.9890         5.47
      1.9900         5.38
      1.9910         5.33
      1.9920         5.22
      1.9930         5.10
      1.9940         5.14
      1.9950         5.05
      1.9960         5.06
      1.9970         5.06
      1.9980         5.14
      1.9990         5.13
      2.0000         5.14
      2.0010         5.21
      2.0020         5.23
      2.0030         5.29
      2.0040         5.39
      2.0050         5.46
      2.0060         5.51
      2.0070         5.57
      2.0080         5.50
      2.0090         5.51
      2.0100         5.55
      2.0110         5.58
      2.0120         5.63
      2.0130         5.67
      2.0140         5.58
      2.0150         5.66
      2.0160         5.59
      2.0170         5.47
      2.0180         5.46
      2.0190         5.50
      2.0200         5.50
      2.0210         5.43
      2.0220         5.42
      2.0230         5.41
      2.0240         5.38
      2.0250         5.34
      2.0260         5.39
      2.0270         5.34
      2.0280         5.38
      2.0290         5.42
      2.0300         5.35
      2.0310         5.38
      2.0320         5.41
      2.0330         5.37
      2.0340         5.38
      2.0350         5.39
      2.0360         5.42
      2.0370         5.46
      2.0380         5.44
      2.0390         5.44
      2.0400         5.43
      2.0410         5.50
      2.0420         5.52
      2.0430         5.40
      2.0440         5.35
      2.0450         5.35
      2.0460         5.23
      2.0470         5.27
      2.0480         5.27
      2.0490         5.26
      2.0500         5.25
      2.0510         5.15
      2.0520         5.19
      2.0530         5.21
      2.0540         5.19
      2.0550         5.25
      2.0560         5.27
      2.0570         5.31
      2.0580         5.34
      2.0590         5.38
      2.0600         5.49
      2.0610         5.39
      2.0620         5.34
      2.0630         5.46
      2.0640         5.54
      2.0650         5.58
      2.0660         5.65
      2.0670         5.65
      2.0680         5.65
      2.0690         5.66
      2.0700         5.74
      2.0710         5.82
      2.0720         5.77
      2.0730         5.81
      2.0740         5.76
      2.0750         5.65
      2.0760         5.64
      2.0770         5.65
      2.0780         5.56
      2.0790         5.52
      2.0800         5.44
      2.0810         5.49
      2.0820         5.52
      2.0830         5.53
      2.0840         5.45
      2.0850         5.41
      2.0860         5.34
      2.0870         5.33
      2.0880         5.32
      2.0890         5.36
      2.0900         5.36
      2.0910         5.38
      2.0920         5.33
      2.0930         5.32
      2.0940         5.41
      2.0950         5.50
      2.0960         5.52
      2.0970         5.48
      2.0980         5.52
      2.0990         5.45
      2.1000         5.38
      2.1010         5.36
      2.1020         5.37
      2.1030         5.37
      2.1040         5.38
      2.1050         5.36
      2.1060         5.40
      2.1070         5.36
      2.1080         5.30
      2.1090         5.28
      2.1100         5.20
      2.1110         5.18
      2.1120         5.24
      2.1130         5.25
      2.1140         5.24
      2.1150         5.20
      2.1160         5.16
      2.1170         5.25
      2.1180         5.25
      2.1190         5.29
      2.1200         5.38
      2.1210         5.44
      2.1220         5.41
      2.1230         5.30
      2.1240         5.37
      2.1250         5.40
      2.1260         5.41
      2.1270         5.46
      2.1280         5.52
      2.1290         5.54
      2.1300         5.61
      2.1310         5.56
      2.1320         5.53
      2.1330         5.52
      2.1340         5.42
      2.1350         5.37
      2.1360         5.37
      2.1370         5.34
      2.1380         5.36
      2.1390         5.32
      2.1400         5.28
      2.1410         5.25
      2.1420         5.21
      2.1430         5.25
      2.1440         5.25
      2.1450         5.25
      2.1460         5.24
      2.1470         5.24
      2.1480         5.35
      2.1490         5.32
      2.1500         5.31
      2.1510         5.33
      2.1520         5.40
      2.1530         5.40
      2.1540         5.44
      2.1550         5.52
      2.1560         5.52
      2.1570         5.45
      2.1580         5.45
      2.1590         5.48
      2.1600         5.51
      2.1610         5.55
      2.1620         5.53
      2.1630         5.52
      2.1640         5.40
      2.1650         5.35
      2.1660         5.35
      2.1670         5.32
      2.1680         5.24
      2.1690         5.27
      2.1700         5.21
      2.1710         5.16
      2.1720         5.09
      2.1730         5.13
      2.1740         5.21
      2.1750         5.19
      2.1760         5.15
      2.1770         5.23
      2.1780         5.27
      2.1790         5.31
      2.1800         5.28
      2.1810         5.27
      2.1820         5.25
      2.1830         5.27
      2.1840         5.31
      2.1850         5.35
      2.1860         5.32
      2.1870         5.36
      2.1880         5.33
      2.1890         5.33
      2.1900         5.33
      2.1910         5.35
      2.1920         5.40
      2.1930         5.32
      2.1940         5.35
      2.1950         5.29
      2.1960         5.33
      2.1970         5.29
      2.1980         5.20
      2.1990         5.20
      2.2000         5.19
      2.2010         5.24
      2.2020         5.29
      2.2030         5.36
      2.2040         5.45
      2.2050         5.49
      2.2060         5.45
      2.2070         5.41
      2.2080         5.47
      2.2090         5.43
      2.2100         5.51
      2.2110         5.53
      2.2120         5.48
      2.2130         5.53
      2.2140         5.43
      2.2150         5.47
      2.2160         5.55
      2.2170         5.59
      2.2180         5.63
      2.2190         5.52
      2.2200         5.52
      2.2210         5.48
      2.2220         5.48
      2.2230         5.40
      2.2240         5.33
      2.2250         5.30
      2.2260         5.40
      2.2270         5.38
      2.2280         5.33
      2.2290         5.41
      2.2300         5.41
      2.2310         5.44
      2.2320         5.47
      2.2330         5.45
      2.2340         5.51
      2.2350         5.47
      2.2360         5.40
      2.2370         5.35
      2.2380         5.33
      2.2390         5.37
      2.2400         5.37
      2.2410         5.37
      2.2420         5.37
      2.2430         5.48
      2.2440         5.48
      2.2450         5.49
      2.2460         5.45
      2.2470         5.47
      2.2480         5.43
      2.2490         5.29
      2.2500         5.25
      2.2510         5.21
      2.2520         5.20
      2.2530         5.17
      2.2540         5.20
      2.2550         5.24
      2.2560         5.23
      2.2570         5.25
      2.2580         5.21
      2.2590         5.20
      2.2600         5.21
      2.2610         5.16
      2.2620         5.20
      2.2630         5.12
      2.2640         5.17
      2.2650         5.26
      2.2660         5.34
      2.2670         5.38
      2.2680         5.41
      2.2690         5.49
      2.2700         5.46
      2.2710         5.48
      2.2720         5.46
      2.2730         5.57
      2.2740         5.53
      2.2750         5.52
      2.2760         5.48
      2.2770         5.48
      2.2780         5.48
      2.2790         5.52
      2.2800         5.54
      2.2810         5.54
      2.2820         5.53
      2.2830         5.50
      2.2840         5.45
      2.2850         5.37
      2.2860         5.33
      2.2870         5.33
      2.2880         5.36
      2.2890         5.27
      2.2900         5.27
      2.2910         5.29
      2.2920         5.31
      2.2930         5.16
      2.2940         5.23
      2.2950         5.21
      2.2960         5.32
      2.2970         5.29
      2.2980         5.35
      2.2990         5.35
      2.3000         5.29
      2.3010         5.29
      2.3020         5.24
      2.3030         5.35
      2.3040         5.37
      2.3050         5.36
      2.3060         5.32
      2.3070         5.33
      2.3080         5.32
      2.3090         5.35
      2.3100         5.36
      2.3110         5.31
      2.3120         5.29
      2.3130         5.35
      2.3140         5.18
      2.3150         5.18
      2.3160         5.13
      2.3170         5.13
      2.3180         5.22
      2.3190         5.25
      2.3200         5.28
      2.3210         5.24
      2.3220         5.34
      2.3230         5.33
      2.3240         5.32
      2.3250         5.28
      2.3260         5.32
      2.3270         5.29
      2.3280         5.36
      2.3290         5.41
      2.3300         5.41
      2.3310         5.45
      2.3320         5.49
      2.3330         5.53
      2.3340         5.64
      2.3350         5.65
      2.3360         5.69
      2.3370         5.69
      2.3380         5.56
      2.3390         5.55
      2.3400         5.55
      2.3410         5.57
      2.3420         5.49
      2.3430         5.40
      2.3440         5.37
      2.3450         5.41
      2.3460         5.31
      2.3470         5.29
      2.3480         5.20
      2.3490         5.19
      2.3500         5.15
      2.3510         5.15
      2.3520         5.17
      2.3530         5.13
      2.3540         5.15
      2.3550         5.17
      2.3560         5.21
      2.3570         5.21
      2.3580         5.28
      2.3590         5.29
      2.3600         5.31
      2.3610         5.36
      2.3620         5.37
      2.3630         5.40
      2.3640         5.38
      2.3650         5.36
      2.3660         5.44
      2.3670         5.44
      2.3680         5.50
      2.3690         5.54
      2.3700         5.57
      2.3710         5.58
      2.3720         5.56
      2.3730         5.54
      2.3740         5.45
      2.3750         5.45
      2.3760         5.30
      2.3770         5.32
      2.3780         5.34
      2.3790         5.32
      2.3800         5.29
      2.3810         5.26
      2.3820         5.32
      2.3830         5.31
      2.3840         5.32
      2.3850         5.32
      2.3860         5.27
      2.3870         5.27
      2.3880         5.21
      2.3890         5.12
      2.3900         5.20
      2.3910         5.20
      2.3920         5.17
      2.3930         5.25
      2.3940         5.35
      2.3950         5.28
      2.3960         5.33
      2.3970         5.31
      2.3980         5.24
      2.3990         5.19
      2.4000         5.19
      2.4010         5.19
      2.4020         5.12
      2.4030         5.12
      2.4040         5.15
      2.4050         5.15
      2.4060         5.23
      2.4070         5.25
      2.4080         5.25
      2.4090         5.33
      2.4100         5.35
      2.4110         5.35
      2.4120         5.32
      2.4130         5.32
      2.4140         5.27
      2.4150         5.31
      2.4160         5.35
      2.4170         5.39
      2.4180         5.43
      2.4190         5.44
      2.4200         5.47
      2.4210         5.45
      2.4220         5.45
      2.4230         5.47
      2.4240         5.49
      2.4250         5.51
      2.4260         5.43
      2.4270         5.39
      2.4280         5.33
      2.4290         5.31
      2.4300         5.25
      2.4310         5.25
      2.4320         5.24
      2.4330         5.16
      2.4340         5.16
      2.4350         5.18
      2.4360         5.14
      2.4370         5.13
      2.4380         5.20
      2.4390         5.30
      2.4400         5.32
      2.4410         5.34
      2.4420         5.40
      2.4430         5.45
      2.4440         5.44
      2.4450         5.48
      2.4460         5.54
      2.4470         5.56
      2.4480         5.64
      2.4490         5.71
      2.4500         5.64
      2.4510         5.60
      2.4520         5.57
      2.4530         5.60
      2.4540         5.58
      2.4550         5.52
      2.4560         5.52
      2.4570         5.52
      2.4580         5.41
      2.4590         5.33
      2.4600         5.26
      2.4610         5.24
      2.4620         5.21
      2.4630         5.14
      2.4640         5.17
      2.4650         5.12
      2.4660         5.10
      2.4670         5.10
      2.4680         5.16
      2.4690         5.12
      2.4700         5.22
      2.4710         5.34
      2.4720         5.46
      2.4730         5.41
      2.4740         5.45
      2.4750         5.56
      2.4760         5.61
      2.4770         5.65
      2.4780         5.68
      2.4790         5.74
      2.4800         5.78
      2.4810         5.72
      2.4820         5.67
      2.4830         5.66
      2.4840         5.59
      2.4850         5.59
      2.4860         5.59
      2.4870         5.57
      2.4880         5.49
      2.4890         5.49
      2.4900         5.43
      2.4910         5.34
      2.4920         5.30
      2.4930         5.37
      2.4940         5.42
      2.4950         5.38
      2.4960         5.35
      2.4970         5.35
      2.4980         5.42
      2.4990         5.37
      2.5000         5.39
      2.5010         5.47
      2.5020         5.46
      2.5030         5.47
      2.5040         5.50
      2.5050         5.54
      2.5060         5.53
      2.5070         5.51
      2.5080         5.53
      2.5090         5.50
      2.5100         5.56
      2.5110         5.53
      2.5120         5.52
      2.5130         5.53
      2.5140         5.45
      2.5150         5.48
      2.5160         5.49
      2.5170         5.52
      2.5180         5.36
      2.5190         5.36
      2.5200         5.31
      2.5210         5.31
      2.5220         5.37
      2.5230         5.36
      2.5240         5.30
      2.5250         5.30
      2.5260         5.30
      2.5270         5.35
      2.5280         5.35
      2.5290         5.38
      2.5300         5.35
      2.5310         5.39
      2.5320         5.44
      2.5330         5.34
      2.5340         5.36
      2.5350         5.34
      2.5360         5.32
      2.5370         5.27
      2.5380         5.31
      2.5390         5.28
      2.5400         5.20
      2.5410         5.24
      2.5420         5.23
      2.5430         5.24
      2.5440         5.26
      2.5450         5.18
      2.5460         5.10
      2.5470         5.08
      2.5480         5.08
      2.5490         4.95
      2.5500         4.96
      2.5510         4.98
      2.5520         4.91
      2.5530         4.98
      2.5540         4.92
      2.5550         4.90
      2.5560         4.91
      2.5570         4.90
      2.5580         4.94
      2.5590         5.03
      2.5600         5.14
      2.5610         5.08
      2.5620         5.10
      2.5630         5.11
      2.5640         5.19
      2.5650         5.22
      2.5660         5.31
      2.5670         5.28
      2.5680         5.28
      2.5690         5.39
      2.5700         5.35
      2.5710         5.39
      2.5720         5.43
      2.5730         5.43
      2.5740         5.44
      2.5750         5.45
      2.5760         5.41
      2.5770         5.36
      2.5780         5.36
      2.5790         5.27
      2.5800         5.27
      2.5810         5.29
      2.5820         5.28
      2.5830         5.27
      2.5840         5.32
      2.5850         5.35
      2.5860         5.32
      2.5870         5.37
      2.5880         5.37
      2.5890         5.35
      2.5900         5.33
      2.5910         5.31
      2.5920         5.28
      2.5930         5.31
      2.5940         5.32
      2.5950         5.37
      2.5960         5.40
      2.5970         5.43
      2.5980         5.35
      2.5990         5.32
      2.6000         5.33
      2.6010         5.36
      2.6020         5.25
      2.6030         5.27
      2.6040         5.20
      2.6050         5.19
      2.6060         5.19
      2.6070         5.17
      2.6080         5.16
      2.6090         5.16
      2.6100         5.13
      2.6110         5.13
      2.6120         5.16
      2.6130         5.16
      2.6140         5.21
      2.6150         5.17
      2.6160         5.21
      2.6170         5.24
      2.6180         5.33
      2.6190         5.39
      2.6200         5.35
      2.6210         5.31
      2.6220         5.36
      2.6230         5.33
      2.6240         5.40
      2.6250         5.39
      2.6260         5.43
      2.6270         5.41
      2.6280         5.48
      2.6290         5.49
      2.6300         5.48
      2.6310         5.47
      2.6320         5.48
      2.6330         5.47
      2.6340         5.44
      2.6350         5.40
      2.6360         5.33
      2.6370         5.29
      2.6380         5.23
      2.6390         5.20
      2.6400         5.17
      2.6410         5.12
      2.6420         5.17
      2.6430         5.19
      2.6440         5.12
      2.6450         5.21
      2.6460         5.21
      2.6470         5.19
      2.6480         5.16
      2.6490         5.21
      2.6500         5.27
      2.6510         5.21
      2.6520         5.23
      2.6530         5.27
      2.6540         5.24
      2.6550         5.24
      2.6560         5.19
      2.6570         5.24
      2.6580         5.25
      2.6590         5.24
      2.6600         5.36
      2.6610         5.40
      2.6620         5.37
      2.6630         5.35
      2.6640         5.25
      2.6650         5.19
      2.6660         5.16
      2.6670         5.20
      2.6680         5.23
      2.6690         5.20
      2.6700         5.21
      2.6710         5.17
      2.6720         5.08
      2.6730         5.09
      2.6740         5.09
      2.6750         5.13
      2.6760         5.15
      2.6770         5.16
      2.6780         5.19
      2.6790         5.27
      2.6800         5.19
      2.6810         5.27
      2.6820         5.25
      2.6830         5.25
      2.6840         5.31
      2.6850         5.28
      2.6860         5.27
      2.6870         5.24
      2.6880         5.11
      2.6890         5.11
      2.6900         5.08
      2.6910         5.12
      2.6920         5.20
      2.6930         5.15
      2.6940         5.20
      2.6950         5.19
      2.6960         5.16
      2.6970         5.13
      2.6980         5.13
      2.6990         5.15
      2.7000         5.19
      2.7010         5.15
      2.7020         5.23
      2.7030         5.29
      2.7040         5.31
      2.7050         5.39
      2.7060         5.39
      2.7070         5.45
      2.7080         5.52
      2.7090         5.49
      2.7100         5.51
      2.7110         5.53
      2.7120         5.57
      2.7130         5.57
      2.7140         5.51
      2.7150         5.49
      2.7160         5.63
      2.7170         5.63
      2.7180         5.61
      2.7190         5.56
      2.7200         5.51
      2.7210         5.51
      2.7220         5.41
      2.7230         5.36
      2.7240         5.36
      2.7250         5.31
      2.7260         5.27
      2.7270         5.20
      2.7280         5.16
      2.7290         5.13
      2.7300         5.17
      2.7310         5.20
      2.7320         5.15
      2.7330         5.19
      2.7340         5.20
      2.7350         5.20
      2.7360         5.13
      2.7370         5.17
      2.7380         5.29
      2.7390         5.28
      2.7400         5.28
      2.7410         5.27
      2.7420         5.28
      2.7430         5.33
      2.7440         5.35
      2.7450         5.37
      2.7460         5.44
      2.7470         5.41
      2.7480         5.47
      2.7490         5.49
      2.7500         5.39
      2.7510         5.41
      2.7520         5.35
      2.7530         5.31
      2.7540         5.36
      2.7550         5.40
      2.7560         5.40
      2.7570         5.36
      2.7580         5.32
      2.7590         5.32
      2.7600         5.32
      2.7610         5.31
      2.7620         5.34
      2.7630         5.34
      2.7640         5.35
      2.7650         5.34
      2.7660         5.38
      2.7670         5.42
      2.7680         5.40
      2.7690         5.47
      2.7700         5.54
      2.7710         5.43
      2.7720         5.50
      2.7730         5.54
      2.7740         5.46
      2.7750         5.43
      2.7760         5.50
      2.7770         5.51
      2.7780         5.48
      2.7790         5.50
      2.7800         5.50
      2.7810         5.43
      2.7820         5.45
      2.7830         5.40
      2.7840         5.39
      2.7850         5.34
      2.7860         5.27
      2.7870         5.27
      2.7880         5.34
      2.7890         5.38
      2.7900         5.43
      2.7910         5.47
      2.7920         5.46
      2.7930         5.42
      2.7940         5.50
      2.7950         5.47
      2.7960         5.44
      2.7970         5.46
      2.7980         5.47
      2.7990         5.50
      2.8000         5.48
      2.8010         5.50
      2.8020         5.56
      2.8030         5.56
      2.8040         5.56
      2.8050         5.59
      2.8060         5.55
      2.8070         5.56
      2.8080         5.44
      2.8090         5.30
      2.8100         5.22
      2.8110         5.26
      2.8120         5.18
      2.8130         5.16
      2.8140         5.15
      2.8150         5.18
      2.8160         5.20
      2.8170         5.19
      2.8180         5.15
      2.8190         5.16
      2.8200         5.19
      2.8210         5.30
      2.8220         5.28
      2.8230         5.28
      2.8240         5.27
      2.8250         5.28
      2.8260         5.37
      2.8270         5.40
      2.8280         5.51
      2.8290         5.55
      2.8300         5.56
      2.8310         5.53
      2.8320         5.55
      2.8330         5.52
      2.8340         5.49
      2.8350         5.46
      2.8360         5.34
      2.8370         5.37
      2.8380         5.30
      2.8390         5.22
      2.8400         5.20
      2.8410         5.22
      2.8420         5.20
      2.8430         5.20
      2.8440         5.22
      2.8450         5.22
      2.8460         5.20
      2.8470         5.13
      2.8480         5.13
      2.8490         5.14
      2.8500         5.22
      2.8510         5.21
      2.8520         5.32
      2.8530         5.38
      2.8540         5.37
      2.8550         5.45
      2.8560         5.50
      2.8570         5.46
      2.8580         5.52
      2.8590         5.52
      2.8600         5.46
      2.8610         5.37
      2.8620         5.40
      2.8630         5.38
      2.8640         5.33
      2.8650         5.33
      2.8660         5.34
      2.8670         5.36
      2.8680         5.34
      2.8690         5.34
      2.8700         5.28
      2.8710         5.28
      2.8720         5.22
      2.8730         5.22
      2.8740         5.24
      2.8750         5.27
      2.8760         5.29
      2.8770         5.26
      2.8780         5.39
      2.8790         5.47
      2.8800         5.63
      2.8810         5.75
      2.8820         5.67
      2.8830         5.73
      2.8840         5.80
      2.8850         5.80
      2.8860         5.84
      2.8870         5.85
      2.8880         5.84
      2.8890         5.76
      2.8900         5.85
      2.8910         5.86
      2.8920         5.89
      2.8930         5.85
      2.8940         5.84
      2.8950         5.73
      2.8960         5.69
      2.8970         5.72
      2.8980         5.61
      2.8990         5.58
      2.9000         5.48
      2.9010         5.34
      2.9020         5.38
      2.9030         5.34
      2.9040         5.29
      2.9050         5.28
      2.9060         5.22
      2.9070         5.26
      2.9080         5.26
      2.9090         5.34
      2.9100         5.32
      2.9110         5.40
      2.9120         5.37
      2.9130         5.40
      2.9140         5.42
      2.9150         5.45
      2.9160         5.46
      2.9170         5.48
      2.9180         5.50
      2.9190         5.50
      2.9200         5.57
      2.9210         5.58
      2.9220         5.54
      2.9230         5.54
      2.9240         5.56
      2.9250         5.56
      2.9260         5.61
      2.9270         5.60
      2.9280         5.57
      2.9290         5.50
      2.9300         5.42
      2.9310         5.30
      2.9320         5.37
      2.9330         5.40
      2.9340         5.33
      2.9350         5.30
      2.9360         5.34
      2.9370         5.40
      2.9380         5.41
      2.9390         5.38
      2.9400         5.38
      2.9410         5.48
      2.9420         5.57
      2.9430         5.58
      2.9440         5.56
      2.9450         5.54
      2.9460         5.52
      2.9470         5.56
      2.9480         5.56
      2.9490         5.57
      2.9500         5.60
      2.9510         5.64
      2.9520         5.44
      2.9530         5.40
      2.9540         5.42
      2.9550         5.44
      2.9560         5.34
      2.9570         5.25
      2.9580         5.21
      2.9590         5.20
      2.9600         5.14
      2.9610         5.09
      2.9620         5.02
      2.9630         4.98
      2.9640         5.04
      2.9650         5.10
      2.9660         5.08
      2.9670         5.06
      2.9680         5.02
      2.9690         5.02
      2.9700         5.05
      2.9710         5.07
      2.9720         5.24
      2.9730         5.21
      2.9740         5.23
      2.9750         5.25
      2.9760         5.30
      2.9770         5.31
      2.9780         5.34
      2.9790         5.39
      2.9800         5.38
      2.9810         5.37
      2.9820         5.30
      2.9830         5.29
      2.9840         5.27
      2.9850         5.26
      2.9860         5.26
      2.9870         5.18
      2.9880         5.21
      2.9890         5.33
      2.9900         5.23
      2.9910         5.14
      2.9920         5.14
      2.9930         5.23
      2.9940         5.23
      2.9950         5.23
      2.9960         5.26
      2.9970         5.26
      2.9980         5.23
      2.9990         5.20
