        Time   Palpation Force
      0.0000         1.00
      0.0010         1.00
      0.0020         1.00
      0.0030         1.02
      0.0040         1.28
      0.0050         1.55
      0.0060         1.86
      0.0070         2.18
      0.0080         2.43
      0.0090         2.76
      0.0100         3.05
      0.0110         3.32
      0.0120         3.62
      0.0130         3.94
      0.0140         4.24
      0.0150         4.53
      0.0160         4.83
      0.0170         5.11
      0.0180         5.34
      0.0190         5.64
      0.0200         5.65
      0.0210         5.69
      0.0220         5.66
      0.0230         5.74
      0.0240         5.78
      0.0250         5.80
      0.0260         5.74
      0.0270         5.69
      0.0280         5.77
      0.0290         5.69
      0.0300         5.70
      0.0310         5.74
      0.0320         5.73
      0.0330         5.70
      0.0340         5.74
      0.0350         5.68
      0.0360         5.65
      0.0370         5.69
      0.0380         5.82
      0.0390         5.82
      0.0400         5.92
      0.0410         5.96
      0.0420         5.97
      0.0430         5.89
      0.0440         5.96
      0.0450         5.96
      0.0460         6.01
      0.0470         5.96
      0.0480         5.84
      0.0490         5.86
      0.0500         5.80
      0.0510         5.76
      0.0520         5.74
      0.0530         5.78
      0.0540         5.69
      0.0550         5.74
      0.0560         5.76
      0.0570         5.66
      0.0580         5.62
      0.0590         5.61
      0.0600         5.53
      0.0610         5.55
      0.0620         5.58
      0.0630         5.65
      0.0640         5.59
      0.0650         5.57
      0.0660         5.57
      0.0670         5.69
      0.0680         5.76
      0.0690         5.81
      0.0700         5.85
      0.0710         5.82
      0.0720         5.89
      0.0730         5.88
      0.0740         5.88
      0.0750         5.92
      0.0760         5.93
      0.0770         5.96
      0.0780         5.82
      0.0790         5.80
      0.0800         5.73
      0.0810         5.62
      0.0820         5.54
      0.0830         5.48
      0.0840         5.45
      0.0850         5.48
      0.0860         5.42
      0.0870         5.38
      0.0880         5.40
      0.0890         5.38
      0.0900         5.37
      0.0910         5.38
      0.0920         5.34
      0.0930         5.22
      0.0940         5.29
      0.0950         5.24
      0.0960         5.26
      0.0970         5.26
      0.0980         5.37
      0.0990         5.37
      0.1000         5.44
      0.1010         5.56
      0.1020         5.64
      0.1030         5.79
      0.1040         5.78
      0.1050         5.76
      0.1060         5.77
      0.1070         5.79
      0.1080         5.73
      0.1090         5.75
      0.1100         5.69
      0.1110         5.71
      0.1120         5.71
      0.1130         5.83
      0.1140         5.77
      0.1150         5.74
      0.1160         5.70
      0.1170         5.70
      0.1180         5.69
      0.1190         5.68
      0.1200         5.65
      0.1210         5.65
      0.1220         5.64
      0.1230         5.56
      0.1240         5.57
      0.1250         5.66
      0.1260         5.70
      0.1270         5.62
      0.1280         5.74
      0.1290         5.72
      0.1300         5.78
      0.1310         5.80
      0.1320         5.86
      0.1330         5.81
      0.1340         5.86
      0.1350         5.88
      0.1360         5.85
      0.1370         5.88
      0.1380         5.86
      0.1390         5.94
      0.1400         5.95
      0.1410         5.87
      0.1420         5.83
      0.1430         5.78
      0.1440         5.75
      0.1450         5.71
      0.1460         5.65
      0.1470         5.67
      0.1480         5.63
      0.1490         5.63
      0.1500         5.62
      0.1510         5.58
      0.1520         5.50
      0.1530         5.58
      0.1540         5.58
      0.1550         5.66
      0.1560         5.71
      0.1570         5.66
      0.1580         5.73
      0.1590         5.73
      0.1600         5.73
      0.1610         5.77
      0.1620         5.81
      0.1630         5.89
      0.1640         5.92
      0.1650         5.89
      0.1660         5.85
      0.1670         5.84
      0.1680         5.79
      0.1690         5.74
      0.1700         5.73
      0.1710         5.73
      0.1720         5.71
      0.1730         5.66
      0.1740         5.58
      0.1750         5.50
      0.1760         5.53
      0.1770         5.58
      0.1780         5.53
      0.1790         5.49
      0.1800         5.51
      0.1810         5.51
      0.1820         5.46
      0.1830         5.39
      0.1840         5.33
      0.1850         5.31
      0.1860         5.43
      0.1870         5.55
      0.1880         5.54
      0.1890         5.62
      0.1900         5.75
      0.1910         5.79
      0.1920         5.82
      0.1930         5.82
      0.1940         5.92
      0.1950         5.89
      0.1960         5.77
      0.1970         5.74
      0.1980         5.70
      0.1990         5.71
      0.2000         5.62
      0.2010         5.62
      0.2020         5.66
      0.2030         5.63
      0.2040         5.70
      0.2050         5.74
      0.2060         5.71
      0.2070         5.54
      0.2080         5.58
      0.2090         5.53
      0.2100         5.39
      0.2110         5.42
      0.2120         5.43
      0.2130         5.42
      0.2140         5.38
      0.2150         5.51
      0.2160         5.55
      0.2170         5.58
      0.2180         5.63
      0.2190         5.65
      0.2200         5.77
      0.2210         5.75
      0.2220         5.73
      0.2230         5.78
      0.2240         5.78
      0.2250         5.75
      0.2260         5.71
      0.2270         5.80
      0.2280         5.78
      0.2290         5.76
      0.2300         5.83
      0.2310         5.82
      0.2320         5.79
      0.2330         5.80
      0.2340         5.82
      0.2350         5.75
      0.2360         5.74
      0.2370         5.76
      0.2380         5.75
      0.2390         5.78
      0.2400         5.74
      0.2410         5.78
      0.2420         5.85
      0.2430         5.86
      0.2440         5.91
      0.2450         5.93
      0.2460         6.02
      0.2470         6.05
      0.2480         6.07
      0.2490         6.69
      0.2500         6.65
      0.2510         6.73
      0.2520         6.77
      0.2530         6.73
      0.2540         6.62
      0.2550         6.69
      0.2560         6.66
      0.2570         6.14
      0.2580         6.69
      0.2590         6.68
      0.2600         6.71
      0.2610         6.64
      0.2620         6.67
      0.2630         6.56
      0.2640         6.41
      0.2650         6.41
      0.2660         6.36
      0.2670         6.37
      0.2680         6.37
      0.2690         6.34
      0.2700         6.42
      0.2710         6.37
      0.2720         6.97
      0.2730         7.08
      0.2740         7.17
      0.2750         7.18
      0.2760         7.32
      0.2770         7.34
      0.2780         6.83
      0.2790         6.75
      0.2800         6.79
      0.2810         6.90
      0.2820         6.91
      0.2830         7.07
      0.2840         7.66
      0.2850         7.67
      0.2860         7.70
      0.2870         7.59
      0.2880         7.59
      0.2890         7.49
      0.2900         7.57
      0.2910         7.53
      0.2920         7.42
      0.2930         7.37
      0.2940         7.44
      0.2950         7.52
      0.2960         7.48
      0.2970         6.92
      0.2980         6.89
      0.2990         6.93
      0.3000         7.41
      0.3010         7.44
      0.3020         7.41
      0.3030         7.42
      0.3040         7.38
      0.3050         7.42
      0.3060         7.55
      0.3070         7.67
      0.3080         7.65
      0.3090         7.78
      0.3100         7.71
      0.3110         7.82
      0.3120         7.86
      0.3130         7.87
      0.3140         7.89
      0.3150         7.69
      0.3160         7.53
      0.3170         7.61
      0.3180         7.67
      0.3190         7.65
      0.3200         7.60
      0.3210         7.53
      0.3220         7.44
      0.3230         7.40
      0.3240         7.46
      0.3250         7.48
      0.3260         7.41
      0.3270         7.48
      0.3280         7.53
      0.3290         7.60
      0.3300         7.68
      0.3310         7.69
      0.3320         7.66
      0.3330         7.65
      0.3340         7.69
      0.3350         7.94
      0.3360         8.10
      0.3370         8.17
      0.3380         8.18
      0.3390         8.29
      0.3400         8.43
      0.3410         8.55
      0.3420         8.61
      0.3430         8.57
      0.3440         8.48
      0.3450         8.40
      0.3460         8.41
      0.3470         8.41
      0.3480         8.45
      0.3490         8.42
      0.3500         8.42
      0.3510         8.42
      0.3520         8.52
      0.3530         8.64
      0.3540         8.66
      0.3550         8.60
      0.3560         8.70
      0.3570         8.77
      0.3580         8.84
      0.3590         8.89
      0.3600         9.01
      0.3610         9.05
      0.3620         9.22
      0.3630         9.37
      0.3640         9.61
      0.3650         9.89
      0.3660         9.93
      0.3670         9.99
      0.3680        10.05
      0.3690        10.14
      0.3700        10.20
      0.3710        10.31
      0.3720        10.40
      0.3730        10.41
      0.3740        10.44
      0.3750        10.40
      0.3760        10.33
      0.3770        10.26
      0.3780        10.36
      0.3790        10.34
      0.3800        10.29
      0.3810        10.34
      0.3820        10.27
      0.3830        10.30
      0.3840        10.26
      0.3850        10.22
      0.3860        10.41
      0.3870        10.46
      0.3880        10.54
      0.3890        10.63
      0.3900        10.59
      0.3910        10.61
      0.3920        10.60
      0.3930        10.75
      0.3940        10.84
      0.3950        10.95
      0.3960        11.11
      0.3970        11.15
      0.3980        11.18
      0.3990        11.33
      0.4000        11.38
      0.4010        11.35
      0.4020        11.39
      0.4030        11.45
      0.4040        11.33
      0.4050        11.40
      0.4060        11.29
      0.4070        11.23
      0.4080        11.21
      0.4090        11.16
      0.4100        11.24
      0.4110        11.28
      0.4120        11.17
      0.4130        11.09
      0.4140        11.04
      0.4150        11.04
      0.4160        10.97
      0.4170        11.15
      0.4180        11.15
      0.4190        11.07
      0.4200        11.13
      0.4210        11.14
      0.4220        11.27
      0.4230        11.30
      0.4240        11.50
      0.4250        11.48
      0.4260        11.61
      0.4270        11.72
      0.4280        11.68
      0.4290        11.72
      0.4300        11.76
      0.4310        11.81
      0.4320        11.96
      0.4330        11.98
      0.4340        11.99
      0.4350        11.93
      0.4360        12.05
      0.4370        11.97
      0.4380        11.95
      0.4390        12.06
      0.4400        12.06
      0.4410        12.10
      0.4420        12.08
      0.4430        12.12
      0.4440        12.17
      0.4450        12.22
      0.4460        12.28
      0.4470        12.30
      0.4480        12.52
      0.4490        12.53
      0.4500        12.67
      0.4510        12.75
      0.4520        12.87
      0.4530        12.97
      0.4540        13.04
      0.4550        13.17
      0.4560        13.24
      0.4570        13.27
      0.4580        13.38
      0.4590        13.37
      0.4600        13.44
      0.4610        13.52
      0.4620        13.55
      0.4630        13.67
      0.4640        13.67
      0.4650        13.76
      0.4660        13.72
      0.4670        13.76
      0.4680        13.72
      0.4690        13.78
      0.4700        13.80
      0.4710        13.86
      0.4720        13.89
      0.4730        13.98
      0.4740        14.01
      0.4750        14.13
      0.4760        14.14
      0.4770        14.34
      0.4780        14.41
      0.4790        14.65
      0.4800        14.76
      0.4810        14.85
      0.4820        14.92
      0.4830        14.94
      0.4840        14.96
      0.4850        15.00
      0.4860        15.10
      0.4870        15.25
      0.4880        15.32
      0.4890        15.46
      0.4900        15.53
      0.4910        15.57
      0.4920        15.57
      0.4930        15.61
      0.4940        15.67
      0.4950        15.72
      0.4960        15.76
      0.4970        15.73
      0.4980        15.79
      0.4990        15.75
      0.5000        15.75
      0.5010        15.78
      0.5020        15.87
      0.5030        15.91
      0.5040        16.11
      0.5050        16.30
      0.5060        16.35
      0.5070        16.40
      0.5080        16.49
      0.5090        16.54
      0.5100        16.73
      0.5110        16.75
      0.5120        16.87
      0.5130        16.91
      0.5140        17.11
      0.5150        17.33
      0.5160        17.50
      0.5170        17.61
      0.5180        17.65
      0.5190        17.70
      0.5200        17.77
      0.5210        17.89
      0.5220        17.98
      0.5230        18.00
      0.5240        17.95
      0.5250        17.79
      0.5260        17.84
      0.5270        17.80
      0.5280        17.82
      0.5290        17.86
      0.5300        17.90
      0.5310        17.92
      0.5320        17.99
      0.5330        18.12
      0.5340        18.22
      0.5350        18.16
      0.5360        18.20
      0.5370        18.27
      0.5380        18.30
      0.5390        18.36
      0.5400        18.54
      0.5410        18.66
      0.5420        18.72
      0.5430        18.83
      0.5440        18.92
      0.5450        19.11
      0.5460        19.26
      0.5470        19.34
      0.5480        19.46
      0.5490        19.46
      0.5500        19.39
      0.5510        19.40
      0.5520        19.48
      0.5530        19.43
      0.5540        19.39
      0.5550        19.42
      0.5560        19.39
      0.5570        19.43
      0.5580        19.52
      0.5590        19.47
      0.5600        19.36
      0.5610        19.30
      0.5620        19.31
      0.5630        19.36
      0.5640        19.51
      0.5650        19.56
      0.5660        19.47
      0.5670        19.63
      0.5680        19.72
      0.5690        19.92
      0.5700        20.09
      0.5710        20.16
      0.5720        20.14
      0.5730        20.30
      0.5740        20.32
      0.5750        20.37
      0.5760        20.41
      0.5770        20.48
      0.5780        20.53
      0.5790        20.69
      0.5800        20.78
      0.5810        20.91
      0.5820        21.00
      0.5830        20.95
      0.5840        20.94
      0.5850        21.01
      0.5860        21.08
      0.5870        21.02
      0.5880        20.99
      0.5890        20.95
      0.5900        20.97
      0.5910        21.15
      0.5920        21.22
      0.5930        21.24
      0.5940        21.37
      0.5950        21.44
      0.5960        21.58
      0.5970        21.70
      0.5980        21.81
      0.5990        21.84
      0.6000        21.94
      0.6010        22.01
      0.6020        22.13
      0.6030        22.25
      0.6040        22.36
      0.6050        22.34
      0.6060        22.49
      0.6070        22.51
      0.6080        22.62
      0.6090        22.64
      0.6100        22.67
      0.6110        22.64
      0.6120        22.62
      0.6130        22.54
      0.6140        22.58
      0.6150        22.54
      0.6160        22.57
      0.6170        22.46
      0.6180        22.46
      0.6190        22.45
      0.6200        22.46
      0.6210        22.51
      0.6220        22.50
      0.6230        22.66
      0.6240        22.61
      0.6250        22.69
      0.6260        22.71
      0.6270        22.91
      0.6280        22.99
      0.6290        23.11
      0.6300        23.11
      0.6310        23.27
      0.6320        23.43
      0.6330        23.58
      0.6340        23.66
      0.6350        23.71
      0.6360        23.63
      0.6370        23.71
      0.6380        23.75
      0.6390        23.76
      0.6400        23.82
      0.6410        23.73
      0.6420        23.68
      0.6430        23.56
      0.6440        23.58
      0.6450        23.54
      0.6460        23.56
      0.6470        23.44
      0.6480        23.37
      0.6490        23.34
      0.6500        23.46
      0.6510        23.49
      0.6520        23.56
      0.6530        23.65
      0.6540        23.70
      0.6550        23.85
      0.6560        24.00
      0.6570        24.14
      0.6580        24.22
      0.6590        24.42
      0.6600        24.48
      0.6610        24.57
      0.6620        24.65
      0.6630        24.75
      0.6640        24.80
      0.6650        24.87
      0.6660        24.79
      0.6670        24.90
      0.6680        25.01
      0.6690        24.94
      0.6700        24.89
      0.6710        24.81
      0.6720        24.87
      0.6730        24.87
      0.6740        24.87
      0.6750        24.91
      0.6760        24.88
      0.6770        24.91
      0.6780        24.87
      0.6790        24.85
      0.6800        24.87
      0.6810        24.93
      0.6820        24.99
      0.6830        25.05
      0.6840        25.16
      0.6850        25.30
      0.6860        25.46
      0.6870        25.48
      0.6880        25.64
      0.6890        25.74
      0.6900        25.86
      0.6910        25.89
      0.6920        25.90
      0.6930        26.00
      0.6940        25.98
      0.6950        26.02
      0.6960        26.06
      0.6970        25.96
      0.6980        25.98
      0.6990        25.97
      0.7000        26.01
      0.7010        26.03
      0.7020        26.10
      0.7030        26.19
      0.7040        26.22
      0.7050        26.23
      0.7060        26.37
      0.7070        26.52
      0.7080        26.52
      0.7090        26.56
      0.7100        26.61
      0.7110        26.70
      0.7120        26.68
      0.7130        26.65
      0.7140        26.85
      0.7150        26.90
      0.7160        27.01
      0.7170        27.09
      0.7180        27.22
      0.7190        27.41
      0.7200        27.53
      0.7210        27.63
      0.7220        27.65
      0.7230        27.65
      0.7240        27.68
      0.7250        27.68
      0.7260        27.64
      0.7270        27.57
      0.7280        27.53
      0.7290        27.68
      0.7300        27.72
      0.7310        27.77
      0.7320        27.84
      0.7330        27.92
      0.7340        27.85
      0.7350        27.83
      0.7360        27.92
      0.7370        27.99
      0.7380        28.08
      0.7390        27.98
      0.7400        28.03
      0.7410        28.11
      0.7420        28.11
      0.7430        28.25
      0.7440        28.33
      0.7450        28.44
      0.7460        28.52
      0.7470        28.59
      0.7480        28.73
      0.7490        28.73
      0.7500        28.69
      0.7510        28.88
      0.7520        29.05
      0.7530        28.99
      0.7540        29.06
      0.7550        29.03
      0.7560        29.05
      0.7570        29.14
      0.7580        29.14
      0.7590        29.24
      0.7600        29.25
      0.7610        29.22
      0.7620        29.36
      0.7630        29.29
      0.7640        29.35
      0.7650        29.44
      0.7660        29.47
      0.7670        29.60
      0.7680        29.60
      0.7690        29.62
      0.7700        29.77
      0.7710        29.76
      0.7720        29.82
      0.7730        30.00
      0.7740        30.10
      0.7750        30.34
      0.7760        30.40
      0.7770        30.44
      0.7780        30.50
      0.7790        30.60
      0.7800        30.62
      0.7810        30.75
      0.7820        30.79
      0.7830        30.85
      0.7840        30.97
      0.7850        30.97
      0.7860        31.03
      0.7870        31.09
      0.7880        31.11
      0.7890        31.19
      0.7900        31.25
      0.7910        31.23
      0.7920        31.22
      0.7930        31.23
      0.7940        31.27
      0.7950        31.31
      0.7960        31.54
      0.7970        31.60
      0.7980        31.70
      0.7990        31.79
      0.8000        31.92
      0.8010        31.96
      0.8020        32.06
      0.8030        32.12
      0.8040        32.06
      0.8050        32.26
      0.8060        32.38
      0.8070        32.42
      0.8080        32.51
      0.8090        32.62
      0.8100        32.58
      0.8110        32.62
      0.8120        32.58
      0.8130        32.62
      0.8140        32.54
      0.8150        32.60
      0.8160        32.41
      0.8170        32.47
      0.8180        32.44
      0.8190        32.41
      0.8200        32.37
      0.8210        32.45
      0.8220        32.57
      0.8230        32.60
      0.8240        32.70
      0.8250        32.63
      0.8260        32.63
      0.8270        32.63
      0.8280        32.67
      0.8290        32.75
      0.8300        32.81
      0.8310        32.93
      0.8320        33.03
      0.8330        33.19
      0.8340        33.36
      0.8350        33.36
      0.8360        33.44
      0.8370        33.55
      0.8380        33.60
      0.8390        33.68
      0.8400        33.75
      0.8410        33.64
      0.8420        33.62
      0.8430        33.70
      0.8440        33.67
      0.8450        33.62
      0.8460        33.55
      0.8470        33.58
      0.8480        33.49
      0.8490        33.45
      0.8500        33.52
      0.8510        33.41
      0.8520        33.39
      0.8530        33.30
      0.8540        33.23
      0.8550        33.29
      0.8560        33.39
      0.8570        33.38
      0.8580        33.46
      0.8590        33.48
      0.8600        33.35
      0.8610        33.45
      0.8620        33.40
      0.8630        33.32
      0.8640        33.38
      0.8650        33.41
      0.8660        33.48
      0.8670        33.49
      0.8680        33.57
      0.8690        33.61
      0.8700        33.60
      0.8710        33.72
      0.8720        33.69
      0.8730        33.65
      0.8740        33.65
      0.8750        33.58
      0.8760        33.39
      0.8770        33.32
      0.8780        33.28
      0.8790        33.22
      0.8800        33.33
      0.8810        33.33
      0.8820        33.31
      0.8830        33.34
      0.8840        33.34
      0.8850        33.35
      0.8860        33.38
      0.8870        33.31
      0.8880        33.35
      0.8890        33.31
      0.8900        33.27
      0.8910        33.26
      0.8920        33.30
      0.8930        33.33
      0.8940        33.37
      0.8950        33.38
      0.8960        33.58
      0.8970        33.55
      0.8980        33.51
      0.8990        33.51
      0.9000        33.57
      0.9010        33.51
      0.9020        33.49
      0.9030        33.48
      0.9040        33.46
      0.9050        33.39
      0.9060        33.29
      0.9070        33.28
      0.9080        33.12
      0.9090        33.05
      0.9100        33.07
      0.9110        33.03
      0.9120        33.13
      0.9130        33.09
      0.9140        33.11
      0.9150        33.07
      0.9160        32.97
      0.9170        33.08
      0.9180        33.15
      0.9190        33.15
      0.9200        33.16
      0.9210        33.22
      0.9220        33.29
      0.9230        33.38
      0.9240        33.34
      0.9250        33.34
      0.9260        33.46
      0.9270        33.58
      0.9280        33.62
      0.9290        33.68
      0.9300        33.59
      0.9310        33.47
      0.9320        33.35
      0.9330        33.37
      0.9340        33.37
      0.9350        33.39
      0.9360        33.37
      0.9370        33.36
      0.9380        33.31
      0.9390        33.33
      0.9400        33.25
      0.9410        33.24
      0.9420        33.27
      0.9430        33.21
      0.9440        33.25
      0.9450        33.37
      0.9460        33.34
      0.9470        33.34
      0.9480        33.44
      0.9490        33.50
      0.9500        33.69
      0.9510        33.92
      0.9520        34.02
      0.9530        34.12
      0.9540        34.12
      0.9550        34.18
      0.9560        34.24
      0.9570        34.24
      0.9580        34.29
      0.9590        34.28
      0.9600        34.32
      0.9610        34.37
      0.9620        34.36
      0.9630        34.35
      0.9640        34.27
      0.9650        34.27
      0.9660        34.33
      0.9670        34.35
      0.9680        34.34
      0.9690        34.35
      0.9700        34.29
      0.9710        34.27
      0.9720        34.21
      0.9730        34.14
      0.9740        34.22
      0.9750        34.26
      0.9760        34.35
      0.9770        34.34
      0.9780        34.38
      0.9790        34.45
      0.9800        34.57
      0.9810        34.65
      0.9820        34.65
      0.9830        34.73
      0.9840        34.77
      0.9850        34.77
      0.9860        34.68
      0.9870        34.63
      0.9880        34.67
      0.9890        34.64
      0.9900        34.64
      0.9910        34.67
      0.9920        34.72
      0.9930        34.78
      0.9940        34.71
      0.9950        34.70
      0.9960        34.63
      0.9970        34.63
      0.9980        34.63
      0.9990        34.67
      1.0000        34.67
      1.0010        34.66
      1.0020        34.68
      1.0030        34.71
      1.0040        34.89
      1.0050        34.97
      1.0060        35.11
      1.0070        35.14
      1.0080        35.23
      1.0090        35.19
      1.0100        35.19
      1.0110        35.07
      1.0120        35.22
      1.0130        35.34
      1.0140        35.40
      1.0150        35.42
      1.0160        35.48
      1.0170        35.62
      1.0180        35.57
      1.0190        35.54
      1.0200        35.53
      1.0210        35.46
      1.0220        35.46
      1.0230        35.57
      1.0240        35.58
      1.0250        35.49
      1.0260        35.40
      1.0270        35.41
      1.0280        35.34
      1.0290        35.36
      1.0300        35.53
      1.0310        35.64
      1.0320        35.64
      1.0330        35.56
      1.0340        35.57
      1.0350        35.71
      1.0360        35.69
      1.0370        35.63
      1.0380        35.76
      1.0390        35.81
      1.0400        35.88
      1.0410        35.99
      1.0420        36.07
      1.0430        36.05
      1.0440        36.07
      1.0450        36.13
      1.0460        36.27
      1.0470        36.29
      1.0480        36.36
      1.0490        36.54
      1.0500        36.46
      1.0510        36.55
      1.0520        36.52
      1.0530        36.60
      1.0540        36.58
      1.0550        36.54
      1.0560        36.61
      1.0570        36.64
      1.0580        36.67
      1.0590        36.72
      1.0600        36.68
      1.0610        36.72
      1.0620        36.84
      1.0630        36.84
      1.0640        36.92
      1.0650        37.01
      1.0660        37.02
      1.0670        37.25
      1.0680        37.32
      1.0690        37.35
      1.0700        37.51
      1.0710        37.45
      1.0720        37.50
      1.0730        37.57
      1.0740        37.61
      1.0750        37.71
      1.0760        37.65
      1.0770        37.63
      1.0780        37.73
      1.0790        37.69
      1.0800        37.75
      1.0810        37.68
      1.0820        37.72
      1.0830        37.75
      1.0840        37.79
      1.0850        37.82
      1.0860        37.95
      1.0870        37.88
      1.0880        37.95
      1.0890        37.92
      1.0900        37.95
      1.0910        37.96
      1.0920        37.96
      1.0930        38.01
      1.0940        38.09
      1.0950        38.08
      1.0960        38.20
      1.0970        38.40
      1.0980        38.34
      1.0990        38.44
      1.1000        38.51
      1.1010        38.66
      1.1020        38.67
      1.1030        38.78
      1.1040        38.68
      1.1050        38.74
      1.1060        38.69
      1.1070        38.79
      1.1080        38.73
      1.1090        38.73
      1.1100        38.65
      1.1110        38.77
      1.1120        38.84
      1.1130        38.75
      1.1140        38.73
      1.1150        38.79
      1.1160        38.76
      1.1170        38.79
      1.1180        38.87
      1.1190        38.88
      1.1200        38.94
      1.1210        39.09
      1.1220        39.06
      1.1230        39.11
      1.1240        39.23
      1.1250        39.27
      1.1260        39.28
      1.1270        39.25
      1.1280        39.33
      1.1290        39.45
      1.1300        39.48
      1.1310        39.45
      1.1320        39.40
      1.1330        39.46
      1.1340        39.52
      1.1350        39.58
      1.1360        39.57
      1.1370        39.41
      1.1380        39.28
      1.1390        39.32
      1.1400        39.29
      1.1410        39.08
      1.1420        39.04
      1.1430        38.94
      1.1440        38.88
      1.1450        38.86
      1.1460        38.88
      1.1470        38.80
      1.1480        38.84
      1.1490        38.81
      1.1500        38.92
      1.1510        38.98
      1.1520        39.12
      1.1530        39.17
      1.1540        39.26
      1.1550        39.26
      1.1560        39.38
      1.1570        39.53
      1.1580        39.62
      1.1590        39.60
      1.1600        39.64
      1.1610        39.65
      1.1620        39.68
      1.1630        39.69
      1.1640        39.70
      1.1650        39.65
      1.1660        39.52
      1.1670        39.52
      1.1680        39.44
      1.1690        39.40
      1.1700        39.28
      1.1710        39.19
      1.1720        39.01
      1.1730        38.99
      1.1740        38.88
      1.1750        38.75
      1.1760        38.67
      1.1770        38.63
      1.1780        38.54
      1.1790        38.52
      1.1800        38.36
      1.1810        38.41
      1.1820        38.33
      1.1830        38.31
      1.1840        38.30
      1.1850        38.27
      1.1860        38.32
      1.1870        38.36
      1.1880        38.37
      1.1890        38.31
      1.1900        38.31
      1.1910        38.24
      1.1920        38.23
      1.1930        38.17
      1.1940        38.12
      1.1950        38.00
      1.1960        37.84
      1.1970        37.75
      1.1980        37.76
      1.1990        37.66
      1.2000        37.60
      1.2010        37.40
      1.2020        37.33
      1.2030        37.18
      1.2040        37.03
      1.2050        37.02
      1.2060        36.96
      1.2070        36.84
      1.2080        36.76
      1.2090        36.75
      1.2100        36.71
      1.2110        36.62
      1.2120        36.61
      1.2130        36.59
      1.2140        36.53
      1.2150        36.60
      1.2160        36.75
      1.2170        36.72
      1.2180        36.71
      1.2190        36.79
      1.2200        36.79
      1.2210        36.89
      1.2220        36.91
      1.2230        36.83
      1.2240        36.72
      1.2250        36.56
      1.2260        36.48
      1.2270        36.44
      1.2280        36.31
      1.2290        36.23
      1.2300        36.13
      1.2310        36.21
      1.2320        36.09
      1.2330        35.93
      1.2340        35.89
      1.2350        35.86
      1.2360        35.68
      1.2370        35.53
      1.2380        35.34
      1.2390        35.16
      1.2400        35.12
      1.2410        35.06
      1.2420        35.09
      1.2430        35.16
      1.2440        35.21
      1.2450        35.21
      1.2460        35.17
      1.2470        35.10
      1.2480        35.10
      1.2490        34.98
      1.2500        34.87
      1.2510        34.73
      1.2520        34.61
      1.2530        34.50
      1.2540        34.31
      1.2550        34.17
      1.2560        33.98
      1.2570        33.86
      1.2580        33.79
      1.2590        33.71
      1.2600        33.48
      1.2610        33.24
      1.2620        33.01
      1.2630        32.80
      1.2640        32.66
      1.2650        32.57
      1.2660        32.41
      1.2670        32.24
      1.2680        32.18
      1.2690        32.06
      1.2700        31.99
      1.2710        31.87
      1.2720        31.89
      1.2730        31.83
      1.2740        31.83
      1.2750        31.68
      1.2760        31.54
      1.2770        31.45
      1.2780        31.29
      1.2790        31.05
      1.2800        30.90
      1.2810        30.66
      1.2820        30.42
      1.2830        30.25
      1.2840        29.98
      1.2850        29.71
      1.2860        29.55
      1.2870        29.24
      1.2880        28.94
      1.2890        28.67
      1.2900        28.33
      1.2910        28.19
      1.2920        27.86
      1.2930        27.62
      1.2940        27.31
      1.2950        27.11
      1.2960        27.07
      1.2970        26.88
      1.2980        26.68
      1.2990        26.55
      1.3000        26.45
      1.3010        26.34
      1.3020        26.29
      1.3030        26.12
      1.3040        25.98
      1.3050        25.86
      1.3060        25.60
      1.3070        25.44
      1.3080        25.21
      1.3090        25.08
      1.3100        24.97
      1.3110        24.62
      1.3120        24.37
      1.3130        24.18
      1.3140        23.93
      1.3150        23.63
      1.3160        23.35
      1.3170        23.10
      1.3180        22.92
      1.3190        22.60
      1.3200        22.35
      1.3210        22.29
      1.3220        21.99
      1.3230        21.80
      1.3240        21.67
      1.3250        21.53
      1.3260        21.29
      1.3270        21.20
      1.3280        21.07
      1.3290        20.85
      1.3300        20.68
      1.3310        20.57
      1.3320        20.53
      1.3330        20.46
      1.3340        20.33
      1.3350        20.26
      1.3360        20.02
      1.3370        19.76
      1.3380        19.59
      1.3390        19.48
      1.3400        19.41
      1.3410        19.05
      1.3420        18.77
      1.3430        18.65
      1.3440        18.41
      1.3450        18.13
      1.3460        18.03
      1.3470        17.70
      1.3480        17.46
      1.3490        17.33
      1.3500        17.12
      1.3510        16.98
      1.3520        16.74
      1.3530        16.44
      1.3540        16.33
      1.3550        16.15
      1.3560        15.94
      1.3570        15.85
      1.3580        15.66
      1.3590        15.66
      1.3600        15.44
      1.3610        15.34
      1.3620        15.23
      1.3630        15.04
      1.3640        14.81
      1.3650        14.62
      1.3660        14.56
      1.3670        14.49
      1.3680        14.34
      1.3690        14.21
      1.3700        14.04
      1.3710        13.73
      1.3720        13.60
      1.3730        13.40
      1.3740        13.09
      1.3750        12.77
      1.3760        12.69
      1.3770        12.55
      1.3780        12.47
      1.3790        12.05
      1.3800        11.80
      1.3810        11.66
      1.3820        11.51
      1.3830        11.26
      1.3840        11.18
      1.3850        11.06
      1.3860        10.81
      1.3870        10.72
      1.3880        10.59
      1.3890        10.44
      1.3900        10.32
      1.3910        10.28
      1.3920        10.13
      1.3930         9.98
      1.3940         9.88
      1.3950         9.81
      1.3960         9.70
      1.3970         9.52
      1.3980         9.30
      1.3990         9.26
      1.4000         9.08
      1.4010         8.78
      1.4020         8.66
      1.4030         8.50
      1.4040         8.32
      1.4050         8.06
      1.4060         7.94
      1.4070         7.71
      1.4080         7.63
      1.4090         7.48
      1.4100         7.33
      1.4110         7.21
      1.4120         7.05
      1.4130         6.91
      1.4140         6.90
      1.4150         6.82
      1.4160         6.82
      1.4170         6.71
      1.4180         6.64
      1.4190         6.60
      1.4200         6.13
      1.4210         6.28
      1.4220         6.36
      1.4230         6.27
      1.4240         6.31
      1.4250         6.37
      1.4260         6.37
      1.4270         6.37
      1.4280         6.28
      1.4290         5.77
      1.4300         5.80
      1.4310         5.77
      1.4320         5.68
      1.4330         5.72
      1.4340         5.73
      1.4350         5.68
      1.4360         5.61
      1.4370         5.59
      1.4380         5.49
      1.4390         5.47
      1.4400         5.49
      1.4410         5.47
      1.4420         5.37
      1.4430         5.44
      1.4440         5.45
      1.4450         5.59
      1.4460         5.66
      1.4470         5.64
      1.4480         5.67
      1.4490         5.76
      1.4500         5.68
      1.4510         5.76
      1.4520         5.82
      1.4530         5.83
      1.4540         5.87
      1.4550         5.90
      1.4560         5.91
      1.4570         5.87
      1.4580         5.91
      1.4590         5.88
      1.4600         5.80
      1.4610         5.82
      1.4620         5.77
      1.4630         5.73
      1.4640         5.74
      1.4650         5.72
      1.4660         5.67
      1.4670         5.61
      1.4680         5.64
      1.4690         5.60
      1.4700         5.70
      1.4710         5.59
      1.4720         5.63
      1.4730         5.59
      1.4740         5.55
      1.4750         5.55
      1.4760         5.56
      1.4770         5.62
      1.4780         5.62
      1.4790         5.60
      1.4800         5.70
      1.4810         5.70
      1.4820         5.72
      1.4830         5.74
      1.4840         5.71
      1.4850         5.68
      1.4860         5.64
      1.4870         5.71
      1.4880         5.72
      1.4890         5.70
      1.4900         5.55
      1.4910         5.56
      1.4920         5.52
      1.4930         5.47
      1.4940         5.43
      1.4950         5.39
      1.4960         5.32
      1.4970         5.33
      1.4980         5.33
      1.4990         5.37
      1.5000         5.29
      1.5010         5.26
      1.5020         5.32
      1.5030         5.40
      1.5040         5.41
      1.5050         5.37
      1.5060         5.37
      1.5070         5.37
      1.5080         5.37
      1.5090         5.38
      1.5100         5.45
      1.5110         5.50
      1.5120         5.48
      1.5130         5.48
      1.5140         5.52
      1.5150         5.56
      1.5160         5.60
      1.5170         5.57
      1.5180         5.58
      1.5190         5.57
      1.5200         5.57
      1.5210         5.65
      1.5220         5.54
      1.5230         5.49
      1.5240         5.52
      1.5250         5.49
      1.5260         5.44
      1.5270         5.42
      1.5280         5.42
      1.5290         5.40
      1.5300         5.45
      1.5310         5.49
      1.5320         5.54
      1.5330         5.65
      1.5340         5.61
      1.5350         5.61
      1.5360         5.64
      1.5370         5.66
      1.5380         5.69
      1.5390         5.73
      1.5400         5.80
      1.5410         5.76
      1.5420         5.76
      1.5430         5.78
      1.5440         5.72
      1.5450         5.69
      1.5460         5.77
      1.5470         5.75
      1.5480         5.68
      1.5490         5.73
      1.5500         5.66
      1.5510         5.60
      1.5520         5.56
      1.5530         5.53
      1.5540         5.56
      1.5550         5.51
      1.5560         5.45
      1.5570         5.40
      1.5580         5.32
      1.5590         5.32
      1.5600         5.30
      1.5610         5.32
      1.5620         5.40
      1.5630         5.41
      1.5640         5.47
      1.5650         5.55
      1.5660         5.51
      1.5670         5.52
      1.5680         5.59
      1.5690         5.53
      1.5700         5.53
      1.5710         5.51
      1.5720         5.50
      1.5730         5.53
      1.5740         5.56
      1.5750         5.60
      1.5760         5.68
      1.5770         5.73
      1.5780         5.75
      1.5790         5.69
      1.5800         5.62
      1.5810         5.60
      1.5820         5.56
      1.5830         5.46
      1.5840         5.45
      1.5850         5.40
      1.5860         5.41
      1.5870         5.45
      1.5880         5.43
      1.5890         5.45
      1.5900         5.48
      1.5910         5.59
      1.5920         5.68
      1.5930         5.64
      1.5940         5.73
      1.5950         5.72
      1.5960         5.64
      1.5970         5.64
      1.5980         5.73
      1.5990         5.72
      1.6000         5.76
      1.6010         5.84
      1.6020         5.89
      1.6030         5.93
      1.6040         5.89
      1.6050         5.96
      1.6060         5.97
      1.6070         5.89
      1.6080         5.85
      1.6090         5.80
      1.6100         5.77
      1.6110         5.71
      1.6120         5.57
      1.6130         5.53
      1.6140         5.48
      1.6150         5.49
      1.6160         5.47
      1.6170         5.49
      1.6180         5.51
      1.6190         5.55
      1.6200         5.57
      1.6210         5.52
      1.6220         5.51
      1.6230         5.56
      1.6240         5.60
      1.6250         5.64
      1.6260         5.71
      1.6270         5.80
      1.6280         5.83
      1.6290         5.84
      1.6300         5.93
      1.6310         5.95
      1.6320         5.97
      1.6330         5.99
      1.6340         5.99
      1.6350         5.93
      1.6360         5.95
      1.6370         5.91
      1.6380         5.79
      1.6390         5.75
      1.6400         5.69
      1.6410         5.67
      1.6420         5.61
      1.6430         5.60
      1.6440         5.60
      1.6450         5.53
      1.6460         5.49
      1.6470         5.47
      1.6480         5.53
      1.6490         5.63
      1.6500         5.60
      1.6510         5.65
      1.6520         5.68
      1.6530         5.69
      1.6540         5.67
      1.6550         5.73
      1.6560         5.76
      1.6570         5.76
      1.6580         5.72
      1.6590         5.74
      1.6600         5.80
      1.6610         5.83
      1.6620         5.88
      1.6630         5.88
      1.6640         5.83
      1.6650         5.72
      1.6660         5.64
      1.6670         5.64
      1.6680         5.54
      1.6690         5.49
      1.6700         5.44
      1.6710         5.37
      1.6720         5.33
      1.6730         5.34
      1.6740         5.32
      1.6750         5.26
      1.6760         5.21
      1.6770         5.25
      1.6780         5.30
      1.6790         5.36
      1.6800         5.30
      1.6810         5.39
      1.6820         5.49
      1.6830         5.49
      1.6840         5.53
      1.6850         5.57
      1.6860         5.62
      1.6870         5.61
      1.6880         5.69
      1.6890         5.66
      1.6900         5.67
      1.6910         5.70
      1.6920         5.69
      1.6930         5.62
      1.6940         5.59
      1.6950         5.61
      1.6960         5.67
      1.6970         5.60
      1.6980         5.64
      1.6990         5.56
      1.7000         5.56
      1.7010         5.47
      1.7020         5.38
      1.7030         5.30
      1.7040         5.30
      1.7050         5.27
      1.7060         5.36
      1.7070         5.39
      1.7080         5.36
      1.7090         5.39
      1.7100         5.48
      1.7110         5.47
      1.7120         5.60
      1.7130         5.63
      1.7140         5.62
      1.7150         5.61
      1.7160         5.59
      1.7170         5.58
      1.7180         5.58
      1.7190         5.61
      1.7200         5.59
      1.7210         5.57
      1.7220         5.51
      1.7230         5.58
      1.7240         5.55
      1.7250         5.69
      1.7260         5.58
      1.7270         5.54
      1.7280         5.53
      1.7290         5.43
      1.7300         5.25
      1.7310         5.25
      1.7320         5.13
      1.7330         5.13
      1.7340         5.18
      1.7350         5.26
      1.7360         5.33
      1.7370         5.34
      1.7380         5.33
      1.7390         5.33
      1.7400         5.39
      1.7410         5.47
      1.7420         5.57
      1.7430         5.50
      1.7440         5.49
      1.7450         5.47
      1.7460         5.49
      1.7470         5.53
      1.7480         5.47
      1.7490         5.51
      1.7500         5.57
      1.7510         5.54
      1.7520         5.53
      1.7530         5.53
      1.7540         5.52
      1.7550         5.46
      1.7560         5.38
      1.7570         5.44
      1.7580         5.37
      1.7590         5.40
      1.7600         5.38
      1.7610         5.34
      1.7620         5.26
      1.7630         5.29
      1.7640         5.36
      1.7650         5.37
      1.7660         5.33
      1.7670         5.36
      1.7680         5.44
      1.7690         5.48
      1.7700         5.56
      1.7710         5.64
      1.7720         5.72
      1.7730         5.77
      1.7740         5.76
      1.7750         5.76
      1.7760         5.73
      1.7770         5.64
      1.7780         5.73
      1.7790         5.72
      1.7800         5.70
      1.7810         5.68
      1.7820         5.72
      1.7830         5.74
      1.7840         5.65
      1.7850         5.58
      1.7860         5.61
      1.7870         5.50
      1.7880         5.53
      1.7890         5.53
      1.7900         5.52
      1.7910         5.48
      1.7920         5.48
      1.7930         5.49
      1.7940         5.54
      1.7950         5.62
      1.7960         5.69
      1.7970         5.80
      1.7980         5.77
      1.7990         5.83
      1.8000         5.85
      1.8010         5.93
      1.8020         6.00
      1.8030         6.01
      1.8040         6.08
      1.8050         6.09
      1.8060         6.16
      1.8070         6.21
      1.8080         6.13
      1.8090         6.13
      1.8100         6.05
      1.8110         5.99
      1.8120         5.99
      1.8130         5.97
      1.8140         5.93
      1.8150         5.79
      1.8160         5.69
      1.8170         5.66
      1.8180         5.68
      1.8190         5.59
      1.8200         5.60
      1.8210         5.57
      1.8220         5.53
      1.8230         5.53
      1.8240         5.59
      1.8250         5.60
      1.8260         5.61
      1.8270         5.64
      1.8280         5.71
      1.8290         5.71
      1.8300         5.80
      1.8310         5.91
      1.8320         5.87
      1.8330         5.84
      1.8340         5.83
      1.8350         5.91
      1.8360         5.92
      1.8370         5.88
      1.8380         5.92
      1.8390         5.96
      1.8400         5.91
      1.8410         5.85
      1.8420         5.80
      1.8430         5.71
      1.8440         5.68
      1.8450         5.64
      1.8460         5.52
      1.8470         5.53
      1.8480         5.44
      1.8490         5.45
      1.8500         5.41
      1.8510         5.39
      1.8520         5.39
      1.8530         5.32
      1.8540         5.37
      1.8550         5.39
      1.8560         5.43
      1.8570         5.51
      1.8580         5.45
      1.8590         5.44
      1.8600         5.51
      1.8610         5.56
      1.8620         5.67
      1.8630         5.69
      1.8640         5.68
      1.8650         5.68
      1.8660         5.73
      1.8670         5.72
      1.8680         5.80
      1.8690         5.81
      1.8700         5.86
      1.8710         5.82
      1.8720         5.82
      1.8730         5.88
      1.8740         5.82
      1.8750         5.78
      1.8760         5.78
      1.8770         5.70
      1.8780         5.73
      1.8790         5.77
      1.8800         5.70
      1.8810         5.69
      1.8820         5.58
      1.8830         5.64
      1.8840         5.65
      1.8850         5.70
      1.8860         5.76
      1.8870         5.76
      1.8880         5.74
      1.8890         5.66
      1.8900         5.66
      1.8910         5.72
      1.8920         5.74
      1.8930         5.73
      1.8940         5.70
      1.8950         5.80
      1.8960         5.77
      1.8970         5.78
      1.8980         5.73
      1.8990         5.72
      1.9000         5.72
      1.9010         5.68
      1.9020         5.76
      1.9030         5.77
      1.9040         5.77
      1.9050         5.72
      1.9060         5.76
      1.9070         5.70
      1.9080         5.71
      1.9090         5.78
      1.9100         5.77
      1.9110         5.73
      1.9120         5.70
      1.9130         5.71
      1.9140         5.77
      1.9150         5.69
      1.9160         5.73
      1.9170         5.73
      1.9180         5.79
      1.9190         5.84
      1.9200         5.86
      1.9210         5.89
      1.9220         5.81
      1.9230         5.80
      1.9240         5.82
      1.9250         5.86
      1.9260         5.73
      1.9270         5.76
      1.9280         5.73
      1.9290         5.73
      1.9300         5.66
      1.9310         5.66
      1.9320         5.61
      1.9330         5.60
      1.9340         5.57
      1.9350         5.56
      1.9360         5.54
      1.9370         5.56
      1.9380         5.53
      1.9390         5.54
      1.9400         5.61
      1.9410         5.58
      1.9420         5.65
      1.9430         5.68
      1.9440         5.64
      1.9450         5.66
      1.9460         5.74
      1.9470         5.73
      1.9480         5.74
      1.9490         5.72
      1.9500         5.74
      1.9510         5.78
      1.9520         5.85
      1.9530         5.88
      1.9540         5.89
      1.9550         5.90
      1.9560         5.92
      1.9570         5.90
      1.9580         5.85
      1.9590         5.73
      1.9600         5.60
      1.9610         5.58
      1.9620         5.54
      1.9630         5.46
      1.9640         5.41
      1.9650         5.38
      1.9660         5.33
      1.9670         5.36
      1.9680         5.37
      1.9690         5.40
      1.9700         5.38
      1.9710         5.38
      1.9720         5.42
      1.9730         5.50
      1.9740         5.48
      1.9750         5.50
      1.9760         5.49
      1.9770         5.46
      1.9780         5.53
      1.9790         5.56
      1.9800         5.58
      1.9810         5.58
      1.9820         5.61
      1.9830         5.70
      1.9840         5.76
      1.9850         5.72
      1.9860         5.70
      1.9870         5.66
      1.9880         5.62
      1.9890         5.61
      1.9900         5.65
      1.9910         5.65
      1.9920         5.59
      1.9930         5.50
      1.9940         5.58
      1.9950         5.60
      1.9960         5.64
      1.9970         5.66
      1.9980         5.62
      1.9990         5.65
      2.0000         5.68
      2.0010         5.73
      2.0020         5.72
      2.0030         5.70
      2.0040         5.72
      2.0050         5.73
      2.0060         5.81
      2.0070         5.82
      2.0080         5.89
      2.0090         5.92
      2.0100         5.92
      2.0110         5.90
      2.0120         5.89
      2.0130         5.91
      2.0140         5.83
      2.0150         5.75
      2.0160         5.71
      2.0170         5.71
      2.0180         5.75
      2.0190         5.74
      2.0200         5.68
      2.0210         5.62
      2.0220         5.60
      2.0230         5.59
      2.0240         5.52
      2.0250         5.50
      2.0260         5.44
      2.0270         5.48
      2.0280         5.40
      2.0290         5.36
      2.0300         5.36
      2.0310         5.35
      2.0320         5.44
      2.0330         5.45
      2.0340         5.56
      2.0350         5.64
      2.0360         5.66
      2.0370         5.71
      2.0380         5.68
      2.0390         5.75
      2.0400         5.86
      2.0410         5.91
      2.0420         5.94
      2.0430         5.90
      2.0440         5.95
      2.0450         5.95
      2.0460         5.91
      2.0470         5.86
      2.0480         5.82
      2.0490         6.27
      2.0500         5.76
      2.0510         5.79
      2.0520         5.62
      2.0530         5.60
      2.0540         5.54
      2.0550         5.59
      2.0560         5.61
      2.0570         5.60
      2.0580         5.58
      2.0590         5.58
      2.0600         5.55
      2.0610         5.52
      2.0620         5.48
      2.0630         5.50
      2.0640         5.44
      2.0650         5.48
      2.0660         5.54
      2.0670         5.56
      2.0680         5.66
      2.0690         5.71
      2.0700         5.66
      2.0710         5.59
      2.0720         5.71
      2.0730         5.74
      2.0740         5.75
      2.0750         5.66
      2.0760         5.59
      2.0770         5.50
      2.0780         5.50
      2.0790         5.42
      2.0800         5.38
      2.0810         5.42
      2.0820         5.43
      2.0830         5.40
      2.0840         5.43
      2.0850         5.46
      2.0860         5.44
      2.0870         5.47
      2.0880         5.46
      2.0890         5.55
      2.0900         5.66
      2.0910         5.67
      2.0920         5.64
      2.0930         5.64
      2.0940         5.63
      2.0950         5.68
      2.0960         5.76
      2.0970         5.84
      2.0980         5.84
      2.0990         5.87
      2.1000         5.89
      2.1010         5.84
      2.1020         5.81
      2.1030         5.83
      2.1040         5.88
      2.1050         5.87
      2.1060         5.80
      2.1070         5.77
      2.1080         5.77
      2.1090         5.71
      2.1100         5.60
      2.1110         5.64
      2.1120         5.61
      2.1130         5.61
      2.1140         5.67
      2.1150         5.64
      2.1160         5.65
      2.1170         5.67
      2.1180         5.68
      2.1190         5.73
      2.1200         5.71
      2.1210         5.73
      2.1220         5.77
      2.1230         5.75
      2.1240         5.73
      2.1250         5.73
      2.1260         5.76
      2.1270         5.75
      2.1280         5.73
      2.1290         5.64
      2.1300         5.67
      2.1310         5.64
      2.1320         5.59
      2.1330         5.56
      2.1340         5.48
      2.1350         5.44
      2.1360         5.33
      2.1370         5.31
      2.1380         5.32
      2.1390         5.25
      2.1400         5.25
      2.1410         5.28
      2.1420         5.29
      2.1430         5.32
      2.1440         5.32
      2.1450         5.32
      2.1460         5.31
      2.1470         5.37
      2.1480         5.43
      2.1490         5.52
      2.1500         5.61
      2.1510         5.68
      2.1520         5.77
      2.1530         5.80
      2.1540         5.77
      2.1550         5.79
      2.1560         5.76
      2.1570         5.71
      2.1580         5.72
      2.1590         5.73
      2.1600         5.73
      2.1610         5.73
      2.1620         5.73
      2.1630         5.76
      2.1640         5.68
      2.1650         5.61
      2.1660         5.67
      2.1670         5.60
      2.1680         5.55
      2.1690         5.51
      2.1700         5.36
      2.1710         5.28
      2.1720         5.29
      2.1730         5.25
      2.1740         5.28
      2.1750         5.33
      2.1760         5.52
      2.1770         5.57
      2.1780         5.55
      2.1790         5.55
      2.1800         5.61
      2.1810         5.60
      2.1820         5.58
      2.1830         6.12
      2.1840         6.14
      2.1850         5.66
      2.1860         5.68
      2.1870         5.69
      2.1880         6.21
      2.1890         6.17
      2.1900         5.70
      2.1910         5.70
      2.1920         5.68
      2.1930         5.69
      2.1940         5.68
      2.1950         5.58
      2.1960         5.45
      2.1970         5.49
      2.1980         5.52
      2.1990         5.44
      2.2000         5.36
      2.2010         5.37
      2.2020         5.34
      2.2030         5.30
      2.2040         5.29
      2.2050         5.30
      2.2060         5.30
      2.2070         5.30
      2.2080         5.36
      2.2090         5.38
      2.2100         5.45
      2.2110         5.48
      2.2120         5.50
      2.2130         5.48
      2.2140         5.52
      2.2150         5.53
      2.2160         5.56
      2.2170         5.40
      2.2180         5.36
      2.2190         5.44
      2.2200         5.44
      2.2210         5.41
      2.2220         5.37
      2.2230         5.44
      2.2240         5.48
      2.2250         5.46
      2.2260         5.41
      2.2270         5.38
      2.2280         5.31
      2.2290         5.37
      2.2300         5.22
      2.2310         5.23
      2.2320         5.23
      2.2330         5.25
      2.2340         5.26
      2.2350         5.37
      2.2360         5.41
      2.2370         5.50
      2.2380         5.50
      2.2390         5.54
      2.2400         5.63
      2.2410         5.65
      2.2420         5.71
      2.2430         5.65
      2.2440         5.62
      2.2450         5.69
      2.2460         5.74
      2.2470         5.81
      2.2480         5.83
      2.2490         5.82
      2.2500         5.94
      2.2510         5.85
      2.2520         5.77
      2.2530         5.79
      2.2540         5.74
      2.2550         5.67
      2.2560         5.64
      2.2570         5.65
      2.2580         5.66
      2.2590         5.66
      2.2600         5.56
      2.2610         5.54
      2.2620         5.48
      2.2630         5.47
      2.2640         5.50
      2.2650         5.44
      2.2660         5.44
      2.2670         5.46
      2.2680         5.55
      2.2690         5.55
      2.2700         5.58
      2.2710         5.66
      2.2720         5.71
      2.2730         5.70
      2.2740         5.74
      2.2750         5.75
      2.2760         5.80
      2.2770         5.78
      2.2780         5.76
      2.2790         5.71
      2.2800         5.74
      2.2810         5.76
      2.2820         5.72
      2.2830         5.78
      2.2840         5.71
      2.2850         5.67
      2.2860         5.66
      2.2870         5.63
      2.2880         5.56
      2.2890         5.52
      2.2900         5.46
      2.2910         5.44
      2.2920         5.47
      2.2930         5.44
      2.2940         5.42
      2.2950         5.40
      2.2960         5.39
      2.2970         5.47
      2.2980         5.47
      2.2990         5.51
      2.3000         5.54
      2.3010         5.51
      2.3020         5.62
      2.3030         5.64
      2.3040         5.72
      2.3050         5.72
      2.3060         5.71
      2.3070         5.67
      2.3080         5.66
      2.3090         5.68
      2.3100         5.64
      2.3110         5.62
      2.3120         5.54
      2.3130         5.54
      2.3140         5.56
      2.3150         5.52
      2.3160         5.48
      2.3170         5.40
      2.3180         5.46
      2.3190         5.40
      2.3200         5.35
      2.3210         5.31
      2.3220         5.31
      2.3230         5.24
      2.3240         5.27
      2.3250         5.33
      2.3260         5.37
      2.3270         5.41
      2.3280         5.45
      2.3290         5.52
      2.3300         5.61
      2.3310         5.64
      2.3320         5.67
      2.3330         5.63
      2.3340         5.61
      2.3350         5.57
      2.3360         5.57
      2.3370         5.60
      2.3380         5.60
      2.3390         5.65
      2.3400         5.68
      2.3410         5.79
      2.3420         5.73
      2.3430         5.83
      2.3440         5.79
      2.3450         5.71
      2.3460         5.64
      2.3470         5.64
      2.3480         5.64
      2.3490         5.56
      2.3500         5.55
      2.3510         5.53
      2.3520         5.55
      2.3530         5.55
      2.3540         5.57
      2.3550         5.64
      2.3560         5.68
      2.3570         5.75
      2.3580         5.72
      2.3590         5.72
      2.3600         5.71
      2.3610         5.64
      2.3620         5.65
      2.3630         5.57
      2.3640         5.51
      2.3650         5.51
      2.3660         5.55
      2.3670         5.56
      2.3680         5.47
      2.3690         5.43
      2.3700         5.37
      2.3710         5.32
      2.3720         5.33
      2.3730         5.41
      2.3740         5.37
      2.3750         5.37
      2.3760         5.35
      2.3770         5.24
      2.3780         5.21
      2.3790         5.16
      2.3800         5.11
      2.3810         5.20
      2.3820         5.20
      2.3830         5.24
      2.3840         5.33
      2.3850         5.43
      2.3860         5.44
      2.3870         5.43
      2.3880         5.49
      2.3890         5.55
      2.3900         5.57
      2.3910         5.67
      2.3920         5.64
      2.3930         5.65
      2.3940         5.57
      2.3950         5.60
      2.3960         5.53
      2.3970         5.59
      2.3980         5.57
      2.3990         5.63
      2.4000         5.64
      2.4010         5.53
      2.4020         5.57
      2.4030         5.48
      2.4040         5.45
      2.4050         5.43
      2.4060         5.41
      2.4070         5.39
      2.4080         5.34
      2.4090         5.31
      2.4100         5.31
      2.4110         5.27
      2.4120         5.35
      2.4130         5.40
      2.4140         5.47
      2.4150         5.44
      2.4160         5.56
      2.4170         5.50
      2.4180         5.52
      2.4190         5.50
      2.4200         5.54
      2.4210         5.59
      2.4220         5.52
      2.4230         5.49
      2.4240         5.47
      2.4250         5.40
      2.4260         5.32
      2.4270         5.32
      2.4280         5.36
      2.4290         5.36
      2.4300         5.33
      2.4310         5.33
      2.4320         5.25
      2.4330         5.13
      2.4340         5.20
      2.4350         5.22
      2.4360         5.16
      2.4370         5.21
      2.4380         5.26
      2.4390         5.25
      2.4400         5.24
      2.4410         5.26
      2.4420         5.29
      2.4430         5.38
      2.4440         5.41
      2.4450         5.45
      2.4460         5.57
      2.4470         5.64
      2.4480         5.62
      2.4490         5.59
      2.4500         5.65
      2.4510         5.59
      2.4520         5.59
      2.4530         5.62
      2.4540         5.62
      2.4550         5.61
      2.4560         5.55
      2.4570         5.59
      2.4580         5.49
      2.4590         5.46
      2.4600         5.47
      2.4610         5.39
      2.4620         5.41
      2.4630         5.39
      2.4640         5.36
      2.4650         5.42
      2.4660         5.34
      2.4670         5.27
      2.4680         5.28
      2.4690         5.34
      2.4700         5.31
      2.4710         5.32
      2.4720         5.40
      2.4730         5.44
      2.4740         5.39
      2.4750         5.44
      2.4760         5.54
      2.4770         5.46
      2.4780         5.51
      2.4790         5.55
      2.4800         5.53
      2.4810         5.57
      2.4820         5.51
      2.4830         5.56
      2.4840         5.61
      2.4850         5.49
      2.4860         5.52
      2.4870         5.51
      2.4880         5.41
      2.4890         5.37
      2.4900         5.39
      2.4910         5.47
      2.4920         5.40
      2.4930         5.40
      2.4940         5.41
      2.4950         5.36
      2.4960         5.30
      2.4970         5.37
      2.4980         5.39
      2.4990         5.41
      2.5000         5.47
      2.5010         5.48
      2.5020         5.59
      2.5030         5.59
      2.5040         5.57
      2.5050         5.63
      2.5060         5.64
      2.5070         5.69
      2.5080         5.81
      2.5090         5.77
      2.5100         5.79
      2.5110         5.75
      2.5120         5.81
      2.5130         5.69
      2.5140         5.67
      2.5150         5.60
      2.5160         5.57
      2.5170         5.49
      2.5180         5.47
      2.5190         5.41
      2.5200         5.33
      2.5210         5.28
      2.5220         5.25
      2.5230         5.22
      2.5240         5.22
      2.5250         5.24
      2.5260         5.24
      2.5270         5.20
      2.5280         5.20
      2.5290         5.30
      2.5300         5.29
      2.5310         5.29
      2.5320         5.29
      2.5330         5.36
      2.5340         5.35
      2.5350         5.40
      2.5360         5.48
      2.5370         5.51
      2.5380         5.53
      2.5390         5.55
      2.5400         5.64
      2.5410         5.65
      2.5420         5.56
      2.5430         5.60
      2.5440         5.52
      2.5450         5.53
      2.5460         5.51
      2.5470         5.49
      2.5480         5.43
      2.5490         5.36
      2.5500         5.32
      2.5510         5.36
      2.5520         5.29
      2.5530         5.28
      2.5540         5.40
      2.5550         5.39
      2.5560         5.41
      2.5570         5.45
      2.5580         5.45
      2.5590         5.49
      2.5600         5.47
      2.5610         5.49
      2.5620         5.59
      2.5630         5.55
      2.5640         5.55
      2.5650         5.59
      2.5660         5.63
      2.5670         5.61
      2.5680         5.63
      2.5690         5.63
      2.5700         5.65
      2.5710         5.59
      2.5720         5.56
      2.5730         5.59
      2.5740         5.49
      2.5750         5.57
      2.5760         5.55
      2.5770         5.49
      2.5780         5.56
      2.5790         5.51
      2.5800         5.45
      2.5810         5.52
      2.5820         5.43
      2.5830         5.41
      2.5840         5.52
      2.5850         5.47
      2.5860         5.44
      2.5870         5.45
      2.5880         5.44
      2.5890         5.44
      2.5900         5.43
      2.5910         5.45
      2.5920         5.45
      2.5930         5.51
      2.5940         5.49
      2.5950         5.47
      2.5960         5.44
      2.5970         5.44
      2.5980         5.37
      2.5990         5.45
      2.6000         5.40
      2.6010         5.33
      2.6020         5.45
      2.6030         5.47
      2.6040         5.39
      2.6050         5.41
      2.6060         5.51
      2.6070         5.48
      2.6080         5.56
      2.6090         5.64
      2.6100         5.63
      2.6110         5.64
      2.6120         5.67
      2.6130         5.60
      2.6140         5.64
      2.6150         5.64
      2.6160         5.65
      2.6170         5.72
      2.6180         5.76
      2.6190         5.72
      2.6200         5.84
      2.6210         5.89
      2.6220         5.84
      2.6230         5.80
      2.6240         5.81
      2.6250         5.80
      2.6260         5.66
      2.6270         5.70
      2.6280         5.62
      2.6290         5.54
      2.6300         5.56
      2.6310         5.57
      2.6320         5.56
      2.6330         5.57
      2.6340         5.52
      2.6350         5.46
      2.6360         5.42
      2.6370         5.40
      2.6380         5.24
      2.6390         5.21
      2.6400         5.17
      2.6410         5.10
      2.6420         5.14
      2.6430         5.16
      2.6440         5.21
      2.6450         5.18
      2.6460         5.20
      2.6470         5.23
      2.6480         5.32
      2.6490         5.28
      2.6500         5.27
      2.6510         5.27
      2.6520         5.35
      2.6530         5.33
      2.6540         5.44
      2.6550         5.43
      2.6560         5.47
      2.6570         5.49
      2.6580         5.63
      2.6590         5.65
      2.6600         5.72
      2.6610         5.73
      2.6620         5.69
      2.6630         5.71
      2.6640         5.63
      2.6650         5.64
      2.6660         5.68
      2.6670         5.68
      2.6680         5.56
      2.6690         5.59
      2.6700         5.60
      2.6710         5.56
      2.6720         5.53
      2.6730         5.52
      2.6740         5.47
      2.6750         5.55
      2.6760         5.41
      2.6770         5.43
      2.6780         5.45
      2.6790         5.48
      2.6800         5.44
      2.6810         5.47
      2.6820         5.44
      2.6830         5.41
      2.6840         5.43
      2.6850         5.41
      2.6860         5.41
      2.6870         5.40
      2.6880         5.51
      2.6890         5.48
      2.6900         5.45
      2.6910         5.40
      2.6920         5.29
      2.6930         5.27
      2.6940         5.25
      2.6950         5.23
      2.6960         5.31
      2.6970         5.24
      2.6980         5.24
      2.6990         5.19
      2.7000         5.16
      2.7010         5.20
      2.7020         5.29
      2.7030         5.32
      2.7040         5.31
      2.7050         5.37
      2.7060         5.32
      2.7070         5.36
      2.7080         5.35
      2.7090         5.40
      2.7100         5.44
      2.7110         5.51
      2.7120         5.65
      2.7130         5.69
      2.7140         5.64
      2.7150         5.59
      2.7160         5.65
      2.7170         5.65
      2.7180         5.60
      2.7190         5.56
      2.7200         5.52
      2.7210         5.45
      2.7220         5.36
      2.7230         5.33
      2.7240         5.43
      2.7250         5.42
      2.7260         5.39
      2.7270         5.36
      2.7280         5.29
      2.7290         5.29
      2.7300         5.31
      2.7310         5.35
      2.7320         5.30
      2.7330         5.35
      2.7340         5.39
      2.7350         5.38
      2.7360         5.39
      2.7370         5.45
      2.7380         5.41
      2.7390         5.47
      2.7400         5.57
      2.7410         5.53
      2.7420         5.56
      2.7430         5.56
      2.7440         5.49
      2.7450         5.45
      2.7460         5.49
      2.7470         5.48
      2.7480         5.52
      2.7490         5.48
      2.7500         5.41
      2.7510         5.32
      2.7520         5.28
      2.7530         5.21
      2.7540         5.17
      2.7550         5.25
      2.7560         5.17
      2.7570         5.17
      2.7580         5.21
      2.7590         5.17
      2.7600         5.09
      2.7610         5.04
      2.7620         5.06
      2.7630         5.14
      2.7640         5.10
      2.7650         5.16
      2.7660         5.26
      2.7670         5.27
      2.7680         5.24
      2.7690         5.33
      2.7700         5.36
      2.7710         5.43
      2.7720         5.51
      2.7730         5.51
      2.7740         5.59
      2.7750         5.53
      2.7760         5.55
      2.7770         5.48
      2.7780         5.47
      2.7790         5.45
      2.7800         5.52
      2.7810         5.59
      2.7820         5.57
      2.7830         5.52
      2.7840         5.53
      2.7850         5.48
      2.7860         5.33
      2.7870         5.36
      2.7880         5.37
      2.7890         5.35
      2.7900         5.43
      2.7910         5.41
      2.7920         5.36
      2.7930         5.36
      2.7940         5.37
      2.7950         5.41
      2.7960         5.40
      2.7970         5.45
      2.7980         5.43
      2.7990         5.55
      2.8000         5.48
      2.8010         5.51
      2.8020         5.52
      2.8030         5.51
      2.8040         5.56
      2.8050         5.56
      2.8060         5.60
      2.8070         5.61
      2.8080         5.55
      2.8090         5.59
      2.8100         5.53
      2.8110         5.56
      2.8120         5.56
      2.8130         5.54
      2.8140         5.50
      2.8150         5.42
      2.8160         5.40
      2.8170         5.36
      2.8180         5.44
      2.8190         5.38
      2.8200         5.34
      2.8210         5.31
      2.8220         5.30
      2.8230         5.34
      2.8240         5.40
      2.8250         5.39
      2.8260         5.46
      2.8270         5.43
      2.8280         5.46
      2.8290         5.40
      2.8300         5.40
      2.8310         5.34
      2.8320         5.30
      2.8330         5.34
      2.8340         5.35
      2.8350         5.40
      2.8360         5.42
      2.8370         5.43
      2.8380         5.35
      2.8390         5.42
      2.8400         5.43
      2.8410         5.50
      2.8420         5.50
      2.8430         5.44
      2.8440         5.31
      2.8450         5.40
      2.8460         5.39
      2.8470         5.38
      2.8480         5.50
      2.8490         5.51
      2.8500         5.59
      2.8510         5.64
      2.8520         5.66
      2.8530         5.66
      2.8540         5.70
      2.8550         5.82
      2.8560         5.89
      2.8570         5.93
      2.8580         5.95
      2.8590         5.87
      2.8600         5.93
      2.8610         5.88
      2.8620         5.88
      2.8630         5.92
      2.8640         5.94
      2.8650         5.80
      2.8660         5.79
      2.8670         5.79
      2.8680         5.70
      2.8690         5.64
      2.8700         5.50
      2.8710         5.51
      2.8720         5.54
      2.8730         5.56
      2.8740         5.48
      2.8750         5.39
      2.8760         5.30
      2.8770         5.22
      2.8780         5.22
      2.8790         5.22
      2.8800         5.16
      2.8810         5.18
      2.8820         5.19
      2.8830         5.15
      2.8840         5.28
      2.8850         5.32
      2.8860         5.38
      2.8870         5.38
      2.8880         5.40
      2.8890         5.44
      2.8900         5.46
      2.8910         5.40
      2.8920         5.48
      2.8930         5.44
      2.8940         5.47
      2.8950         5.42
      2.8960         5.40
      2.8970         5.40
      2.8980         5.42
      2.8990         5.40
      2.9000         5.43
      2.9010         5.44
      2.9020         5.38
      2.9030         5.38
      2.9040         5.30
      2.9050         5.32
      2.9060         5.24
      2.9070         5.26
      2.9080         5.24
      2.9090         5.22
      2.9100         5.26
      2.9110         5.31
      2.9120         5.27
      2.9130         5.35
      2.9140         5.43
      2.9150         5.52
      2.9160         5.62
      2.9170         5.66
      2.9180         5.67
      2.9190         5.63
      2.9200         5.62
      2.9210         5.60
      2.9220         5.60
      2.9230         5.58
      2.9240         5.56
      2.9250         5.52
      2.9260         5.52
      2.9270         5.48
      2.9280         5.46
      2.9290         5.50
      2.9300         5.52
      2.9310         5.51
      2.9320         5.48
      2.9330         5.50
      2.9340         5.42
      2.9350         5.35
      2.9360         5.42
      2.9370         5.39
      2.9380         5.40
      2.9390         5.50
      2.9400         5.54
      2.9410         5.57
      2.9420         5.58
      2.9430         5.55
      2.9440         5.55
      2.9450         5.57
      2.9460         5.59
      2.9470         5.63
      2.9480         5.65
      2.9490         5.63
      2.9500         5.61
      2.9510         5.67
      2.9520         5.69
      2.9530         5.63
      2.9540         5.61
      2.9550         5.55
      2.9560         5.46
      2.9570         5.51
      2.9580         5.51
      2.9590         5.49
      2.9600         5.46
      2.9610         5.39
      2.9620         5.42
      2.9630         5.49
      2.9640         5.54
      2.9650         5.62
      2.9660         5.61
      2.9670         5.63
      2.9680         5.74
      2.9690         5.65
      2.9700         5.71
      2.9710         5.65
      2.9720         5.61
      2.9730         5.59
      2.9740         5.62
      2.9750         5.66
      2.9760         5.65
      2.9770         5.58
      2.9780         5.59
      2.9790         5.51
      2.9800         5.55
      2.9810         5.57
      2.9820         5.57
      2.9830         5.51
      2.9840         5.41
      2.9850         5.35
      2.9860         5.31
      2.9870         5.27
      2.9880         5.15
      2.9890         5.21
      2.9900         5.11
      2.9910         5.18
      2.9920         5.19
      2.9930         5.23
      2.9940         5.23
      2.9950         5.31
      2.9960         5.34
      2.9970         5.41
      2.9980         5.43
      2.9990         5.55
