        Time   Palpation Force
      0.0000         1.00
      0.0010         1.00
      0.0020         1.00
      0.0030         1.00
      0.0040         1.00
      0.0050         1.00
      0.0060         1.00
      0.0070         1.00
      0.0080         1.00
      0.0090         1.00
      0.0100         1.00
      0.0110         1.00
      0.0120         1.00
      0.0130         1.00
      0.0140         1.00
      0.0150         1.00
      0.0160         1.00
      0.0170         1.00
      0.0180         1.00
      0.0190         1.00
      0.0200         1.00
      0.0210         1.00
      0.0220         1.00
      0.0230         1.00
      0.0240         1.00
      0.0250         1.00
      0.0260         1.00
      0.0270         1.00
      0.0280         1.00
      0.0290         1.00
      0.0300         1.00
      0.0310         1.00
      0.0320         1.00
      0.0330         1.00
      0.0340         1.00
      0.0350         1.00
      0.0360         1.00
      0.0370         1.00
      0.0380         1.00
      0.0390         1.00
      0.0400         1.00
      0.0410         1.00
      0.0420         1.00
      0.0430         1.00
      0.0440         1.00
      0.0450         1.00
      0.0460         1.00
      0.0470         1.00
      0.0480         1.00
      0.0490         1.00
      0.0500         1.00
      0.0510         1.00
      0.0520         1.00
      0.0530         1.00
      0.0540         1.00
      0.0550         1.00
      0.0560         1.00
      0.0570         1.00
      0.0580         1.00
      0.0590         1.00
      0.0600         1.00
      0.0610         1.00
      0.0620         1.00
      0.0630         1.00
      0.0640         1.00
      0.0650         1.00
      0.0660         1.00
      0.0670         1.00
      0.0680         1.00
      0.0690         1.00
      0.0700         1.00
      0.0710         1.00
      0.0720         1.00
      0.0730         1.00
      0.0740         1.00
      0.0750         1.00
      0.0760         1.00
      0.0770         1.00
      0.0780         1.00
      0.0790         1.00
      0.0800         1.00
      0.0810         1.00
      0.0820         1.00
      0.0830         1.00
      0.0840         1.00
      0.0850         1.00
      0.0860         1.00
      0.0870         1.00
      0.0880         1.00
      0.0890         1.00
      0.0900         1.00
      0.0910         1.00
      0.0920         1.00
      0.0930         1.00
      0.0940         1.00
      0.0950         1.00
      0.0960         1.00
      0.0970         1.00
      0.0980         1.00
      0.0990         1.00
      0.1000         1.00
      0.1010         1.00
      0.1020         1.00
      0.1030         1.00
      0.1040         1.00
      0.1050         1.00
      0.1060         1.00
      0.1070         1.00
      0.1080         1.00
      0.1090         1.00
      0.1100         1.00
      0.1110         1.00
      0.1120         1.00
      0.1130         1.00
      0.1140         1.00
      0.1150         1.00
      0.1160         1.00
      0.1170         1.00
      0.1180         1.00
      0.1190         1.00
      0.1200         1.00
      0.1210         1.00
      0.1220         1.00
      0.1230         1.00
      0.1240         1.00
      0.1250         1.00
      0.1260         1.00
      0.1270         1.00
      0.1280         1.00
      0.1290         1.00
      0.1300         1.00
      0.1310         1.00
      0.1320         1.00
      0.1330         1.00
      0.1340         1.00
      0.1350         1.00
      0.1360         1.00
      0.1370         1.00
      0.1380         1.00
      0.1390         1.00
      0.1400         1.00
      0.1410         1.00
      0.1420         1.00
      0.1430         1.00
      0.1440         1.00
      0.1450         1.00
      0.1460         1.00
      0.1470         1.00
      0.1480         1.00
      0.1490         1.00
      0.1500         1.00
      0.1510         1.00
      0.1520         1.00
      0.1530         1.00
      0.1540         1.00
      0.1550         1.00
      0.1560         1.00
      0.1570         1.00
      0.1580         1.00
      0.1590         1.00
      0.1600         1.00
      0.1610         1.00
      0.1620         1.00
      0.1630         1.00
      0.1640         1.00
      0.1650         1.00
      0.1660         1.00
      0.1670         1.00
      0.1680         1.00
      0.1690         1.00
      0.1700         1.00
      0.1710         1.00
      0.1720         1.00
      0.1730         1.00
      0.1740         1.00
      0.1750         1.00
      0.1760         1.00
      0.1770         1.00
      0.1780         1.00
      0.1790         1.00
      0.1800         1.00
      0.1810         1.00
      0.1820         1.00
      0.1830         1.00
      0.1840         1.00
      0.1850         1.00
      0.1860         1.00
      0.1870         1.00
      0.1880         1.00
      0.1890         1.00
      0.1900         1.00
      0.1910         1.00
      0.1920         1.00
      0.1930         1.00
      0.1940         1.00
      0.1950         1.00
      0.1960         1.00
      0.1970         1.00
      0.1980         1.00
      0.1990         1.00
      0.2000         1.00
      0.2010         1.00
      0.2020         1.00
      0.2030         1.00
      0.2040         1.00
      0.2050         1.00
      0.2060         1.00
      0.2070         1.00
      0.2080         1.00
      0.2090         1.00
      0.2100         1.00
      0.2110         1.00
      0.2120         1.00
      0.2130         1.00
      0.2140         1.00
      0.2150         1.00
      0.2160         1.00
      0.2170         1.00
      0.2180         1.00
      0.2190         1.00
      0.2200         1.00
      0.2210         1.00
      0.2220         1.00
      0.2230         1.00
      0.2240         1.00
      0.2250         1.00
      0.2260         1.00
      0.2270         1.00
      0.2280         1.00
      0.2290         1.00
      0.2300         1.00
      0.2310         1.00
      0.2320         1.00
      0.2330         1.00
      0.2340         1.00
      0.2350         1.00
      0.2360         1.00
      0.2370         1.00
      0.2380         1.00
      0.2390         1.00
      0.2400         1.00
      0.2410         1.00
      0.2420         1.00
      0.2430         1.00
      0.2440         1.00
      0.2450         1.00
      0.2460         1.00
      0.2470         1.00
      0.2480         1.00
      0.2490         1.00
      0.2500         1.00
      0.2510         1.00
      0.2520         1.00
      0.2530         1.00
      0.2540         1.00
      0.2550         1.00
      0.2560         1.00
      0.2570         1.00
      0.2580         1.00
      0.2590         1.00
      0.2600         1.00
      0.2610         1.00
      0.2620         1.00
      0.2630         1.00
      0.2640         1.00
      0.2650         1.00
      0.2660         1.00
      0.2670         1.00
      0.2680         1.00
      0.2690         1.00
      0.2700         1.00
      0.2710         1.00
      0.2720         1.00
      0.2730         1.00
      0.2740         1.00
      0.2750         1.00
      0.2760         1.00
      0.2770         1.00
      0.2780         1.00
      0.2790         1.00
      0.2800         1.00
      0.2810         1.00
      0.2820         1.00
      0.2830         1.00
      0.2840         1.00
      0.2850         1.00
      0.2860         1.00
      0.2870         1.00
      0.2880         1.00
      0.2890         1.00
      0.2900         1.00
      0.2910         1.00
      0.2920         1.00
      0.2930         1.00
      0.2940         1.00
      0.2950         1.00
      0.2960         1.00
      0.2970         1.00
      0.2980         1.00
      0.2990         1.00
      0.3000         1.00
      0.3010         1.00
      0.3020         1.00
      0.3030         1.00
      0.3040         1.00
      0.3050         1.00
      0.3060         1.00
      0.3070         1.00
      0.3080         1.00
      0.3090         1.00
      0.3100         1.00
      0.3110         1.00
      0.3120         1.00
      0.3130         1.00
      0.3140         1.00
      0.3150         1.00
      0.3160         1.00
      0.3170         1.00
      0.3180         1.00
      0.3190         1.00
      0.3200         1.00
      0.3210         1.00
      0.3220         1.00
      0.3230         1.00
      0.3240         1.00
      0.3250         1.00
      0.3260         1.00
      0.3270         1.00
      0.3280         1.00
      0.3290         1.00
      0.3300         1.00
      0.3310         1.00
      0.3320         1.00
      0.3330         1.00
      0.3340         1.00
      0.3350         1.00
      0.3360         1.00
      0.3370         1.00
      0.3380         1.00
      0.3390         1.00
      0.3400         1.00
      0.3410         1.00
      0.3420         1.00
      0.3430         1.00
      0.3440         1.00
      0.3450         1.00
      0.3460         1.00
      0.3470         1.00
      0.3480         1.00
      0.3490         1.00
      0.3500         1.00
      0.3510         1.00
      0.3520         1.00
      0.3530         1.00
      0.3540         1.00
      0.3550         1.00
      0.3560         1.00
      0.3570         1.00
      0.3580         1.00
      0.3590         1.00
      0.3600         1.00
      0.3610         1.00
      0.3620         1.00
      0.3630         1.00
      0.3640         1.00
      0.3650         1.00
      0.3660         1.00
      0.3670         1.00
      0.3680         1.00
      0.3690         1.00
      0.3700         1.00
      0.3710         1.00
      0.3720         1.00
      0.3730         1.00
      0.3740         1.00
      0.3750         1.00
      0.3760         1.00
      0.3770         1.00
      0.3780         1.00
      0.3790         1.00
      0.3800         1.00
      0.3810         1.00
      0.3820         1.00
      0.3830         1.00
      0.3840         1.00
      0.3850         1.00
      0.3860         1.00
      0.3870         1.00
      0.3880         1.00
      0.3890         1.00
      0.3900         1.00
      0.3910         1.00
      0.3920         1.00
      0.3930         1.00
      0.3940         1.00
      0.3950         1.00
      0.3960         1.00
      0.3970         1.00
      0.3980         1.00
      0.3990         1.00
      0.4000         1.00
      0.4010         1.00
      0.4020         1.00
      0.4030         1.00
      0.4040         1.00
      0.4050         1.00
      0.4060         1.00
      0.4070         1.00
      0.4080         1.00
      0.4090         1.00
      0.4100         1.00
      0.4110         1.00
      0.4120         1.00
      0.4130         1.00
      0.4140         1.00
      0.4150         1.00
      0.4160         1.00
      0.4170         1.00
      0.4180         1.00
      0.4190         1.00
      0.4200         1.00
      0.4210         1.00
      0.4220         1.00
      0.4230         1.00
      0.4240         1.00
      0.4250         1.00
      0.4260         1.00
      0.4270         1.00
      0.4280         1.00
      0.4290         1.00
      0.4300         1.00
      0.4310         1.00
      0.4320         1.00
      0.4330         1.00
      0.4340         1.00
      0.4350         1.00
      0.4360         1.00
      0.4370         1.00
      0.4380         1.00
      0.4390         1.00
      0.4400         1.00
      0.4410         1.00
      0.4420         1.00
      0.4430         1.00
      0.4440         1.00
      0.4450         1.00
      0.4460         1.00
      0.4470         1.00
      0.4480         1.00
      0.4490         1.00
      0.4500         1.00
      0.4510         1.00
      0.4520         1.00
      0.4530         1.00
      0.4540         1.00
      0.4550         1.00
      0.4560         1.00
      0.4570         1.00
      0.4580         1.00
      0.4590         1.00
      0.4600         1.00
      0.4610         1.00
      0.4620         1.00
      0.4630         1.00
      0.4640         1.00
      0.4650         1.00
      0.4660         1.00
      0.4670         1.00
      0.4680         1.00
      0.4690         1.00
      0.4700         1.00
      0.4710         1.00
      0.4720         1.00
      0.4730         1.00
      0.4740         1.00
      0.4750         1.00
      0.4760         1.00
      0.4770         1.00
      0.4780         1.00
      0.4790         1.00
      0.4800         1.00
      0.4810         1.00
      0.4820         1.00
      0.4830         1.00
      0.4840         1.00
      0.4850         1.00
      0.4860         1.00
      0.4870         1.00
      0.4880         1.00
      0.4890         1.00
      0.4900         1.00
      0.4910         1.00
      0.4920         1.00
      0.4930         1.00
      0.4940         1.00
      0.4950         1.00
      0.4960         1.00
      0.4970         1.00
      0.4980         1.00
      0.4990         1.00
      0.5000         1.00
      0.5010         1.00
      0.5020         1.00
      0.5030         1.00
      0.5040         1.00
      0.5050         1.00
      0.5060         1.00
      0.5070         1.00
      0.5080         1.00
      0.5090         1.00
      0.5100         1.00
      0.5110         1.00
      0.5120         1.00
      0.5130         1.00
      0.5140         1.00
      0.5150         1.00
      0.5160         1.00
      0.5170         1.00
      0.5180         1.00
      0.5190         1.00
      0.5200         1.00
      0.5210         1.00
      0.5220         1.00
      0.5230         1.00
      0.5240         1.00
      0.5250         1.00
      0.5260         1.00
      0.5270         1.00
      0.5280         1.00
      0.5290         1.00
      0.5300         1.00
      0.5310         1.00
      0.5320         1.00
      0.5330         1.00
      0.5340         1.00
      0.5350         1.00
      0.5360         1.00
      0.5370         1.00
      0.5380         1.00
      0.5390         1.00
      0.5400         1.00
      0.5410         1.00
      0.5420         1.00
      0.5430         1.00
      0.5440         1.00
      0.5450         1.00
      0.5460         1.00
      0.5470         1.00
      0.5480         1.00
      0.5490         1.00
      0.5500         1.00
      0.5510         1.00
      0.5520         1.00
      0.5530         1.00
      0.5540         1.00
      0.5550         1.00
      0.5560         1.00
      0.5570         1.00
      0.5580         1.00
      0.5590         1.00
      0.5600         1.00
      0.5610         1.00
      0.5620         1.00
      0.5630         1.00
      0.5640         1.00
      0.5650         1.00
      0.5660         1.00
      0.5670         1.00
      0.5680         1.00
      0.5690         1.00
      0.5700         1.00
      0.5710         1.00
      0.5720         1.00
      0.5730         1.00
      0.5740         1.00
      0.5750         1.00
      0.5760         1.00
      0.5770         1.00
      0.5780         1.00
      0.5790         1.00
      0.5800         1.00
      0.5810         1.00
      0.5820         1.00
      0.5830         1.00
      0.5840         1.00
      0.5850         1.00
      0.5860         1.00
      0.5870         1.00
      0.5880         1.00
      0.5890         1.00
      0.5900         1.00
      0.5910         1.00
      0.5920         1.00
      0.5930         1.00
      0.5940         1.00
      0.5950         1.00
      0.5960         1.00
      0.5970         1.00
      0.5980         1.00
      0.5990         1.00
      0.6000         1.00
      0.6010         1.00
      0.6020         1.00
      0.6030         1.00
      0.6040         1.00
      0.6050         1.00
      0.6060         1.00
      0.6070         1.00
      0.6080         1.00
      0.6090         1.00
      0.6100         1.00
      0.6110         1.00
      0.6120         1.00
      0.6130         1.00
      0.6140         1.00
      0.6150         1.00
      0.6160         1.00
      0.6170         1.00
      0.6180         1.00
      0.6190         1.00
      0.6200         1.00
      0.6210         1.00
      0.6220         1.00
      0.6230         1.00
      0.6240         1.00
      0.6250         1.00
      0.6260         1.00
      0.6270         1.00
      0.6280         1.00
      0.6290         1.00
      0.6300         1.00
      0.6310         1.00
      0.6320         1.00
      0.6330         1.00
      0.6340         1.00
      0.6350         1.00
      0.6360         1.00
      0.6370         1.00
      0.6380         1.00
      0.6390         1.00
      0.6400         1.00
      0.6410         1.00
      0.6420         1.00
      0.6430         1.00
      0.6440         1.00
      0.6450         1.00
      0.6460         1.00
      0.6470         1.00
      0.6480         1.00
      0.6490         1.00
      0.6500         1.00
      0.6510         1.00
      0.6520         1.00
      0.6530         1.00
      0.6540         1.00
      0.6550         1.00
      0.6560         1.00
      0.6570         1.00
      0.6580         1.00
      0.6590         1.00
      0.6600         1.00
      0.6610         1.00
      0.6620         1.00
      0.6630         1.00
      0.6640         1.00
      0.6650         1.00
      0.6660         1.00
      0.6670         1.00
      0.6680         1.00
      0.6690         1.00
      0.6700         1.00
      0.6710         1.00
      0.6720         1.00
      0.6730         1.00
      0.6740         1.00
      0.6750         1.00
      0.6760         1.00
      0.6770         1.00
      0.6780         1.00
      0.6790         1.00
      0.6800         1.00
      0.6810         1.00
      0.6820         1.00
      0.6830         1.00
      0.6840         1.00
      0.6850         1.00
      0.6860         1.00
      0.6870         1.00
      0.6880         1.00
      0.6890         1.00
      0.6900         1.00
      0.6910         1.00
      0.6920         1.00
      0.6930         1.00
      0.6940         1.00
      0.6950         1.00
      0.6960         1.00
      0.6970         1.00
      0.6980         1.00
      0.6990         1.00
      0.7000         1.00
      0.7010         1.00
      0.7020         1.00
      0.7030         1.00
      0.7040         1.00
      0.7050         1.00
      0.7060         1.00
      0.7070         1.00
      0.7080         1.00
      0.7090         1.00
      0.7100         1.00
      0.7110         1.00
      0.7120         1.00
      0.7130         1.00
      0.7140         1.00
      0.7150         1.00
      0.7160         1.00
      0.7170         1.00
      0.7180         1.00
      0.7190         1.00
      0.7200         1.00
      0.7210         1.00
      0.7220         1.00
      0.7230         1.00
      0.7240         1.00
      0.7250         1.00
      0.7260         1.00
      0.7270         1.00
      0.7280         1.00
      0.7290         1.00
      0.7300         1.00
      0.7310         1.00
      0.7320         1.00
      0.7330         1.00
      0.7340         1.00
      0.7350         1.00
      0.7360         1.00
      0.7370         1.00
      0.7380         1.00
      0.7390         1.00
      0.7400         1.00
      0.7410         1.00
      0.7420         1.00
      0.7430         1.00
      0.7440         1.00
      0.7450         1.00
      0.7460         1.00
      0.7470         1.00
      0.7480         1.00
      0.7490         1.00
      0.7500         1.00
      0.7510         1.00
      0.7520         1.00
      0.7530         1.00
      0.7540         1.00
      0.7550         1.00
      0.7560         1.00
      0.7570         1.00
      0.7580         1.00
      0.7590         1.00
      0.7600         1.00
      0.7610         1.00
      0.7620         1.00
      0.7630         1.00
      0.7640         1.00
      0.7650         1.00
      0.7660         1.00
      0.7670         1.00
      0.7680         1.00
      0.7690         1.00
      0.7700         1.20
      0.7710         1.27
      0.7720         1.85
      0.7730         1.37
      0.7740         1.40
      0.7750         2.01
      0.7760         1.93
      0.7770         1.99
      0.7780         2.11
      0.7790         2.09
      0.7800         2.09
      0.7810         2.00
      0.7820         1.87
      0.7830         2.03
      0.7840         2.00
      0.7850         2.03
      0.7860         2.04
      0.7870         1.97
      0.7880         1.99
      0.7890         2.07
      0.7900         1.95
      0.7910         1.41
      0.7920         1.28
      0.7930         1.24
      0.7940         1.23
      0.7950         1.16
      0.7960         1.00
      0.7970         1.00
      0.7980         1.23
      0.7990         1.25
      0.8000         1.41
      0.8010         1.53
      0.8020         1.49
      0.8030         1.42
      0.8040         1.36
      0.8050         1.40
      0.8060         1.49
      0.8070         1.64
      0.8080         1.61
      0.8090         1.61
      0.8100         2.16
      0.8110         2.11
      0.8120         2.34
      0.8130         2.46
      0.8140         2.67
      0.8150         2.61
      0.8160         2.51
      0.8170         2.47
      0.8180         2.42
      0.8190         2.36
      0.8200         2.35
      0.8210         2.33
      0.8220         2.26
      0.8230         2.14
      0.8240         1.61
      0.8250         1.56
      0.8260         1.55
      0.8270         1.47
      0.8280         1.43
      0.8290         1.35
      0.8300         1.35
      0.8310         1.39
      0.8320         1.43
      0.8330         1.27
      0.8340         1.00
      0.8350         1.00
      0.8360         1.00
      0.8370         1.00
      0.8380         1.00
      0.8390         1.00
      0.8400         1.00
      0.8410         1.00
      0.8420         1.00
      0.8430         1.00
      0.8440         1.00
      0.8450         1.00
      0.8460         1.00
      0.8470         1.23
      0.8480         1.32
      0.8490         1.39
      0.8500         1.36
      0.8510         1.45
      0.8520         1.44
      0.8530         1.51
      0.8540         1.56
      0.8550         1.64
      0.8560         1.62
      0.8570         1.61
      0.8580         1.68
      0.8590         2.24
      0.8600         1.70
      0.8610         2.25
      0.8620         1.74
      0.8630         1.76
      0.8640         1.86
      0.8650         1.81
      0.8660         1.68
      0.8670         2.13
      0.8680         2.21
      0.8690         2.17
      0.8700         2.23
      0.8710         2.24
      0.8720         2.32
      0.8730         2.44
      0.8740         2.60
      0.8750         2.60
      0.8760         2.69
      0.8770         2.83
      0.8780         3.00
      0.8790         3.63
      0.8800         4.13
      0.8810         4.10
      0.8820         4.41
      0.8830         4.54
      0.8840         4.81
      0.8850         5.01
      0.8860         5.29
      0.8870         5.70
      0.8880         5.87
      0.8890         6.16
      0.8900         6.42
      0.8910         6.78
      0.8920         7.09
      0.8930         7.38
      0.8940         7.53
      0.8950         8.09
      0.8960         8.37
      0.8970         8.78
      0.8980         8.95
      0.8990         9.14
      0.9000         9.26
      0.9010         9.58
      0.9020         9.79
      0.9030        10.03
      0.9040        10.18
      0.9050        10.44
      0.9060        10.65
      0.9070        10.71
      0.9080        10.98
      0.9090        11.17
      0.9100        11.22
      0.9110        11.30
      0.9120        11.56
      0.9130        11.80
      0.9140        12.04
      0.9150        12.19
      0.9160        12.31
      0.9170        12.36
      0.9180        12.52
      0.9190        12.68
      0.9200        12.88
      0.9210        12.99
      0.9220        13.17
      0.9230        13.42
      0.9240        13.61
      0.9250        13.85
      0.9260        14.18
      0.9270        14.37
      0.9280        14.53
      0.9290        14.85
      0.9300        15.34
      0.9310        15.55
      0.9320        15.71
      0.9330        15.75
      0.9340        16.01
      0.9350        16.19
      0.9360        16.48
      0.9370        16.73
      0.9380        17.04
      0.9390        17.16
      0.9400        17.15
      0.9410        17.45
      0.9420        17.68
      0.9430        17.76
      0.9440        17.95
      0.9450        17.96
      0.9460        17.96
      0.9470        18.15
      0.9480        18.30
      0.9490        18.29
      0.9500        18.27
      0.9510        18.50
      0.9520        18.77
      0.9530        18.99
      0.9540        19.17
      0.9550        19.31
      0.9560        19.55
      0.9570        19.78
      0.9580        20.02
      0.9590        20.29
      0.9600        20.75
      0.9610        21.02
      0.9620        21.28
      0.9630        21.54
      0.9640        21.92
      0.9650        22.46
      0.9660        22.92
      0.9670        23.46
      0.9680        23.82
      0.9690        24.35
      0.9700        24.81
      0.9710        25.21
      0.9720        25.57
      0.9730        25.81
      0.9740        26.14
      0.9750        26.46
      0.9760        26.74
      0.9770        27.10
      0.9780        27.44
      0.9790        27.81
      0.9800        28.06
      0.9810        28.50
      0.9820        28.81
      0.9830        29.07
      0.9840        29.26
      0.9850        29.56
      0.9860        29.66
      0.9870        29.84
      0.9880        29.98
      0.9890        30.17
      0.9900        30.37
      0.9910        30.56
      0.9920        30.67
      0.9930        31.11
      0.9940        31.35
      0.9950        31.71
      0.9960        31.94
      0.9970        32.00
      0.9980        32.20
      0.9990        32.53
      1.0000        32.75
      1.0010        32.90
      1.0020        33.08
      1.0030        33.51
      1.0040        33.88
      1.0050        34.10
      1.0060        34.43
      1.0070        34.57
      1.0080        34.98
      1.0090        35.22
      1.0100        35.45
      1.0110        35.79
      1.0120        36.11
      1.0130        36.38
      1.0140        36.67
      1.0150        36.91
      1.0160        37.23
      1.0170        37.65
      1.0180        37.97
      1.0190        38.09
      1.0200        38.23
      1.0210        38.45
      1.0220        38.74
      1.0230        38.82
      1.0240        38.95
      1.0250        39.34
      1.0260        39.63
      1.0270        39.89
      1.0280        40.00
      1.0290        40.26
      1.0300        40.58
      1.0310        40.88
      1.0320        41.34
      1.0330        41.64
      1.0340        41.97
      1.0350        42.31
      1.0360        42.55
      1.0370        42.86
      1.0380        43.22
      1.0390        43.63
      1.0400        44.24
      1.0410        44.56
      1.0420        44.94
      1.0430        45.37
      1.0440        45.82
      1.0450        46.19
      1.0460        46.58
      1.0470        47.09
      1.0480        47.57
      1.0490        48.07
      1.0500        48.43
      1.0510        48.83
      1.0520        48.96
      1.0530        49.28
      1.0540        49.50
      1.0550        49.78
      1.0560        50.14
      1.0570        50.45
      1.0580        50.55
      1.0590        50.82
      1.0600        51.04
      1.0610        51.30
      1.0620        51.55
      1.0630        51.69
      1.0640        51.83
      1.0650        51.85
      1.0660        51.89
      1.0670        51.92
      1.0680        51.86
      1.0690        51.94
      1.0700        51.95
      1.0710        51.85
      1.0720        51.96
      1.0730        51.96
      1.0740        52.20
      1.0750        52.05
      1.0760        52.15
      1.0770        52.17
      1.0780        52.16
      1.0790        52.20
      1.0800        52.32
      1.0810        52.43
      1.0820        52.55
      1.0830        52.75
      1.0840        53.03
      1.0850        53.20
      1.0860        53.44
      1.0870        53.70
      1.0880        54.22
      1.0890        54.43
      1.0900        54.77
      1.0910        55.24
      1.0920        55.60
      1.0930        55.99
      1.0940        56.16
      1.0950        56.63
      1.0960        56.91
      1.0970        57.33
      1.0980        57.76
      1.0990        58.16
      1.1000        58.45
      1.1010        58.84
      1.1020        59.20
      1.1030        59.53
      1.1040        59.79
      1.1050        60.09
      1.1060        60.46
      1.1070        60.82
      1.1080        61.05
      1.1090        61.39
      1.1100        61.65
      1.1110        61.83
      1.1120        61.95
      1.1130        62.26
      1.1140        62.59
      1.1150        62.79
      1.1160        63.14
      1.1170        63.42
      1.1180        63.83
      1.1190        64.09
      1.1200        64.35
      1.1210        64.47
      1.1220        64.65
      1.1230        64.85
      1.1240        65.02
      1.1250        65.29
      1.1260        65.32
      1.1270        65.43
      1.1280        65.68
      1.1290        65.82
      1.1300        65.94
      1.1310        66.01
      1.1320        66.26
      1.1330        66.29
      1.1340        66.33
      1.1350        66.45
      1.1360        66.52
      1.1370        66.61
      1.1380        66.45
      1.1390        66.44
      1.1400        66.32
      1.1410        66.55
      1.1420        66.51
      1.1430        66.44
      1.1440        66.38
      1.1450        66.30
      1.1460        66.47
      1.1470        66.38
      1.1480        66.16
      1.1490        66.12
      1.1500        66.18
      1.1510        66.17
      1.1520        66.23
      1.1530        66.10
      1.1540        66.07
      1.1550        66.15
      1.1560        66.17
      1.1570        66.25
      1.1580        66.42
      1.1590        66.61
      1.1600        66.86
      1.1610        66.81
      1.1620        67.06
      1.1630        67.19
      1.1640        67.41
      1.1650        67.57
      1.1660        67.63
      1.1670        67.95
      1.1680        68.15
      1.1690        68.23
      1.1700        68.42
      1.1710        68.63
      1.1720        68.82
      1.1730        69.23
      1.1740        69.63
      1.1750        69.74
      1.1760        70.14
      1.1770        70.19
      1.1780        70.40
      1.1790        70.69
      1.1800        70.81
      1.1810        70.97
      1.1820        71.14
      1.1830        71.47
      1.1840        71.69
      1.1850        71.99
      1.1860        72.36
      1.1870        72.67
      1.1880        72.98
      1.1890        73.34
      1.1900        73.57
      1.1910        73.83
      1.1920        74.05
      1.1930        74.03
      1.1940        74.03
      1.1950        74.33
      1.1960        74.37
      1.1970        74.57
      1.1980        74.67
      1.1990        74.76
      1.2000        74.90
      1.2010        75.20
      1.2020        75.38
      1.2030        75.55
      1.2040        75.56
      1.2050        75.70
      1.2060        75.64
      1.2070        75.67
      1.2080        75.75
      1.2090        75.76
      1.2100        75.82
      1.2110        76.01
      1.2120        76.10
      1.2130        76.34
      1.2140        76.46
      1.2150        76.54
      1.2160        76.52
      1.2170        76.70
      1.2180        76.87
      1.2190        76.85
      1.2200        76.95
      1.2210        76.97
      1.2220        76.96
      1.2230        76.81
      1.2240        77.01
      1.2250        77.09
      1.2260        77.04
      1.2270        77.04
      1.2280        77.24
      1.2290        77.24
      1.2300        77.21
      1.2310        77.26
      1.2320        77.21
      1.2330        77.24
      1.2340        77.25
      1.2350        77.38
      1.2360        77.46
      1.2370        77.34
      1.2380        77.39
      1.2390        77.59
      1.2400        77.69
      1.2410        77.80
      1.2420        78.01
      1.2430        78.28
      1.2440        78.38
      1.2450        78.57
      1.2460        78.93
      1.2470        79.19
      1.2480        79.13
      1.2490        79.46
      1.2500        79.76
      1.2510        79.94
      1.2520        80.20
      1.2530        80.33
      1.2540        80.60
      1.2550        80.85
      1.2560        81.21
      1.2570        81.68
      1.2580        82.02
      1.2590        82.22
      1.2600        82.50
      1.2610        82.68
      1.2620        82.84
      1.2630        82.97
      1.2640        82.91
      1.2650        83.00
      1.2660        83.10
      1.2670        83.14
      1.2680        83.32
      1.2690        83.32
      1.2700        83.33
      1.2710        83.31
      1.2720        83.41
      1.2730        83.67
      1.2740        83.63
      1.2750        83.53
      1.2760        83.40
      1.2770        83.15
      1.2780        83.04
      1.2790        82.89
      1.2800        82.81
      1.2810        82.75
      1.2820        82.61
      1.2830        82.68
      1.2840        82.99
      1.2850        82.82
      1.2860        82.75
      1.2870        82.66
      1.2880        82.54
      1.2890        82.58
      1.2900        82.61
      1.2910        82.73
      1.2920        82.74
      1.2930        82.57
      1.2940        82.72
      1.2950        82.81
      1.2960        82.89
      1.2970        83.12
      1.2980        83.25
      1.2990        83.32
      1.3000        83.26
      1.3010        83.38
      1.3020        83.56
      1.3030        83.55
      1.3040        83.60
      1.3050        83.83
      1.3060        83.95
      1.3070        84.15
      1.3080        84.33
      1.3090        84.58
      1.3100        84.74
      1.3110        84.86
      1.3120        84.89
      1.3130        84.96
      1.3140        85.02
      1.3150        85.08
      1.3160        85.18
      1.3170        85.16
      1.3180        85.27
      1.3190        85.36
      1.3200        85.53
      1.3210        85.42
      1.3220        85.59
      1.3230        85.73
      1.3240        85.71
      1.3250        85.77
      1.3260        85.79
      1.3270        85.74
      1.3280        85.88
      1.3290        85.85
      1.3300        85.98
      1.3310        85.97
      1.3320        86.04
      1.3330        86.27
      1.3340        86.40
      1.3350        86.39
      1.3360        86.40
      1.3370        86.53
      1.3380        86.43
      1.3390        86.20
      1.3400        86.26
      1.3410        86.46
      1.3420        86.21
      1.3430        86.17
      1.3440        86.09
      1.3450        86.10
      1.3460        86.27
      1.3470        86.28
      1.3480        86.08
      1.3490        85.95
      1.3500        85.66
      1.3510        85.68
      1.3520        85.43
      1.3530        85.20
      1.3540        84.89
      1.3550        84.88
      1.3560        84.71
      1.3570        84.51
      1.3580        84.54
      1.3590        84.76
      1.3600        84.60
      1.3610        84.44
      1.3620        84.44
      1.3630        84.31
      1.3640        84.29
      1.3650        84.06
      1.3660        83.71
      1.3670        83.66
      1.3680        83.57
      1.3690        83.62
      1.3700        83.62
      1.3710        83.41
      1.3720        83.57
      1.3730        83.61
      1.3740        83.77
      1.3750        83.70
      1.3760        83.80
      1.3770        83.87
      1.3780        83.61
      1.3790        83.72
      1.3800        83.75
      1.3810        83.87
      1.3820        83.97
      1.3830        84.04
      1.3840        84.05
      1.3850        84.19
      1.3860        84.41
      1.3870        84.31
      1.3880        84.47
      1.3890        84.33
      1.3900        84.43
      1.3910        84.59
      1.3920        84.56
      1.3930        84.55
      1.3940        84.60
      1.3950        84.63
      1.3960        84.67
      1.3970        84.73
      1.3980        84.83
      1.3990        84.57
      1.4000        84.59
      1.4010        84.40
      1.4020        84.31
      1.4030        84.24
      1.4040        84.25
      1.4050        84.08
      1.4060        83.94
      1.4070        84.04
      1.4080        83.95
      1.4090        84.00
      1.4100        83.88
      1.4110        83.81
      1.4120        83.74
      1.4130        83.70
      1.4140        83.56
      1.4150        83.43
      1.4160        83.30
      1.4170        83.19
      1.4180        83.14
      1.4190        83.24
      1.4200        83.22
      1.4210        83.25
      1.4220        83.24
      1.4230        83.16
      1.4240        83.18
      1.4250        83.01
      1.4260        82.81
      1.4270        82.78
      1.4280        82.70
      1.4290        82.54
      1.4300        82.51
      1.4310        82.32
      1.4320        82.26
      1.4330        82.22
      1.4340        82.09
      1.4350        82.09
      1.4360        82.11
      1.4370        81.94
      1.4380        81.86
      1.4390        81.60
      1.4400        81.49
      1.4410        81.37
      1.4420        81.21
      1.4430        81.10
      1.4440        80.92
      1.4450        80.96
      1.4460        81.06
      1.4470        80.88
      1.4480        80.82
      1.4490        80.66
      1.4500        80.56
      1.4510        80.50
      1.4520        80.52
      1.4530        80.52
      1.4540        80.61
      1.4550        80.56
      1.4560        80.41
      1.4570        80.48
      1.4580        80.37
      1.4590        80.45
      1.4600        80.43
      1.4610        80.57
      1.4620        80.65
      1.4630        80.81
      1.4640        80.88
      1.4650        81.01
      1.4660        81.01
      1.4670        81.13
      1.4680        81.25
      1.4690        81.33
      1.4700        81.51
      1.4710        81.62
      1.4720        81.61
      1.4730        81.64
      1.4740        81.62
      1.4750        81.67
      1.4760        81.76
      1.4770        81.73
      1.4780        81.85
      1.4790        81.86
      1.4800        81.90
      1.4810        81.80
      1.4820        81.53
      1.4830        81.43
      1.4840        81.24
      1.4850        81.13
      1.4860        81.03
      1.4870        80.88
      1.4880        80.69
      1.4890        80.61
      1.4900        80.45
      1.4910        80.20
      1.4920        79.96
      1.4930        79.66
      1.4940        79.57
      1.4950        79.36
      1.4960        79.14
      1.4970        78.95
      1.4980        78.68
      1.4990        78.58
      1.5000        78.48
      1.5010        78.16
      1.5020        78.37
      1.5030        78.45
      1.5040        78.39
      1.5050        78.39
      1.5060        78.29
      1.5070        78.33
      1.5080        78.50
      1.5090        78.59
      1.5100        78.72
      1.5110        78.80
      1.5120        78.91
      1.5130        79.04
      1.5140        79.11
      1.5150        79.22
      1.5160        79.35
      1.5170        79.39
      1.5180        79.59
      1.5190        79.71
      1.5200        79.65
      1.5210        79.99
      1.5220        79.93
      1.5230        79.85
      1.5240        80.06
      1.5250        80.13
      1.5260        80.26
      1.5270        80.25
      1.5280        80.21
      1.5290        80.26
      1.5300        80.13
      1.5310        79.99
      1.5320        80.09
      1.5330        80.14
      1.5340        80.00
      1.5350        79.94
      1.5360        79.78
      1.5370        79.89
      1.5380        80.03
      1.5390        79.84
      1.5400        79.80
      1.5410        79.60
      1.5420        79.46
      1.5430        79.40
      1.5440        79.32
      1.5450        79.14
      1.5460        79.11
      1.5470        79.04
      1.5480        78.99
      1.5490        78.80
      1.5500        78.65
      1.5510        78.68
      1.5520        78.62
      1.5530        78.25
      1.5540        78.16
      1.5550        78.02
      1.5560        77.98
      1.5570        77.83
      1.5580        77.57
      1.5590        77.52
      1.5600        77.49
      1.5610        77.30
      1.5620        77.36
      1.5630        77.30
      1.5640        77.00
      1.5650        76.89
      1.5660        76.76
      1.5670        76.70
      1.5680        76.55
      1.5690        76.54
      1.5700        76.44
      1.5710        76.36
      1.5720        76.20
      1.5730        76.40
      1.5740        76.38
      1.5750        76.28
      1.5760        76.27
      1.5770        76.31
      1.5780        76.22
      1.5790        76.19
      1.5800        76.05
      1.5810        76.19
      1.5820        76.07
      1.5830        76.03
      1.5840        76.07
      1.5850        76.07
      1.5860        76.16
      1.5870        76.08
      1.5880        76.11
      1.5890        76.09
      1.5900        76.13
      1.5910        76.17
      1.5920        76.14
      1.5930        75.96
      1.5940        75.94
      1.5950        76.05
      1.5960        76.04
      1.5970        75.85
      1.5980        75.87
      1.5990        75.83
      1.6000        75.90
      1.6010        75.68
      1.6020        75.57
      1.6030        75.38
      1.6040        75.27
      1.6050        75.18
      1.6060        75.05
      1.6070        75.03
      1.6080        74.85
      1.6090        74.70
      1.6100        74.40
      1.6110        74.29
      1.6120        74.05
      1.6130        74.07
      1.6140        73.88
      1.6150        73.63
      1.6160        73.51
      1.6170        73.39
      1.6180        73.33
      1.6190        73.09
      1.6200        72.92
      1.6210        72.83
      1.6220        72.74
      1.6230        72.67
      1.6240        72.66
      1.6250        72.54
      1.6260        72.24
      1.6270        71.99
      1.6280        71.88
      1.6290        71.56
      1.6300        71.56
      1.6310        71.35
      1.6320        71.39
      1.6330        71.16
      1.6340        71.04
      1.6350        71.05
      1.6360        70.93
      1.6370        70.94
      1.6380        70.66
      1.6390        70.70
      1.6400        70.67
      1.6410        70.66
      1.6420        70.75
      1.6430        70.67
      1.6440        70.58
      1.6450        70.49
      1.6460        70.54
      1.6470        70.56
      1.6480        70.43
      1.6490        70.57
      1.6500        70.47
      1.6510        70.39
      1.6520        70.28
      1.6530        70.26
      1.6540        70.34
      1.6550        70.13
      1.6560        70.02
      1.6570        69.90
      1.6580        69.85
      1.6590        69.81
      1.6600        69.73
      1.6610        69.64
      1.6620        69.27
      1.6630        69.09
      1.6640        68.89
      1.6650        68.83
      1.6660        68.70
      1.6670        68.61
      1.6680        68.46
      1.6690        68.32
      1.6700        68.23
      1.6710        68.16
      1.6720        68.24
      1.6730        68.20
      1.6740        67.96
      1.6750        68.04
      1.6760        67.97
      1.6770        67.85
      1.6780        67.83
      1.6790        67.73
      1.6800        67.43
      1.6810        67.31
      1.6820        67.33
      1.6830        67.26
      1.6840        67.11
      1.6850        66.96
      1.6860        66.92
      1.6870        66.75
      1.6880        66.68
      1.6890        66.43
      1.6900        66.30
      1.6910        66.12
      1.6920        65.86
      1.6930        65.77
      1.6940        65.64
      1.6950        65.46
      1.6960        65.33
      1.6970        65.21
      1.6980        65.00
      1.6990        64.82
      1.7000        64.89
      1.7010        64.73
      1.7020        64.51
      1.7030        64.47
      1.7040        64.47
      1.7050        64.42
      1.7060        64.22
      1.7070        64.28
      1.7080        64.31
      1.7090        64.53
      1.7100        64.53
      1.7110        64.52
      1.7120        64.46
      1.7130        64.27
      1.7140        64.19
      1.7150        63.98
      1.7160        63.87
      1.7170        63.66
      1.7180        63.64
      1.7190        63.45
      1.7200        63.35
      1.7210        63.31
      1.7220        63.28
      1.7230        63.12
      1.7240        62.97
      1.7250        62.76
      1.7260        62.61
      1.7270        62.30
      1.7280        61.94
      1.7290        61.60
      1.7300        61.40
      1.7310        61.20
      1.7320        60.97
      1.7330        60.94
      1.7340        60.77
      1.7350        60.62
      1.7360        60.30
      1.7370        60.09
      1.7380        59.88
      1.7390        59.71
      1.7400        59.48
      1.7410        59.20
      1.7420        59.08
      1.7430        59.03
      1.7440        58.76
      1.7450        58.43
      1.7460        58.20
      1.7470        58.07
      1.7480        58.15
      1.7490        58.00
      1.7500        57.91
      1.7510        57.72
      1.7520        57.67
      1.7530        57.59
      1.7540        57.43
      1.7550        57.39
      1.7560        57.52
      1.7570        57.41
      1.7580        57.34
      1.7590        57.36
      1.7600        57.18
      1.7610        57.06
      1.7620        56.84
      1.7630        56.57
      1.7640        56.54
      1.7650        56.64
      1.7660        56.50
      1.7670        56.43
      1.7680        56.23
      1.7690        56.11
      1.7700        55.96
      1.7710        55.84
      1.7720        55.49
      1.7730        55.08
      1.7740        54.90
      1.7750        54.76
      1.7760        54.34
      1.7770        54.23
      1.7780        53.93
      1.7790        53.72
      1.7800        53.66
      1.7810        53.55
      1.7820        53.31
      1.7830        53.20
      1.7840        53.04
      1.7850        52.91
      1.7860        52.79
      1.7870        52.61
      1.7880        52.39
      1.7890        52.25
      1.7900        51.93
      1.7910        51.78
      1.7920        51.64
      1.7930        51.55
      1.7940        51.45
      1.7950        51.18
      1.7960        51.23
      1.7970        51.07
      1.7980        50.88
      1.7990        50.64
      1.8000        50.32
      1.8010        50.19
      1.8020        50.16
      1.8030        50.14
      1.8040        49.91
      1.8050        49.73
      1.8060        49.59
      1.8070        49.34
      1.8080        49.24
      1.8090        49.14
      1.8100        49.09
      1.8110        48.89
      1.8120        48.77
      1.8130        48.68
      1.8140        48.56
      1.8150        48.46
      1.8160        48.14
      1.8170        48.01
      1.8180        47.94
      1.8190        47.85
      1.8200        47.73
      1.8210        47.40
      1.8220        47.17
      1.8230        46.77
      1.8240        46.70
      1.8250        46.44
      1.8260        46.33
      1.8270        46.19
      1.8280        45.98
      1.8290        45.67
      1.8300        45.60
      1.8310        45.56
      1.8320        45.46
      1.8330        45.25
      1.8340        45.07
      1.8350        44.87
      1.8360        44.72
      1.8370        44.58
      1.8380        44.45
      1.8390        44.26
      1.8400        44.17
      1.8410        44.22
      1.8420        44.16
      1.8430        44.09
      1.8440        43.83
      1.8450        43.77
      1.8460        43.62
      1.8470        43.37
      1.8480        43.09
      1.8490        43.03
      1.8500        42.72
      1.8510        42.40
      1.8520        42.17
      1.8530        41.85
      1.8540        41.64
      1.8550        41.39
      1.8560        41.21
      1.8570        40.82
      1.8580        40.55
      1.8590        40.36
      1.8600        40.20
      1.8610        39.93
      1.8620        39.60
      1.8630        39.47
      1.8640        39.37
      1.8650        39.21
      1.8660        38.81
      1.8670        38.72
      1.8680        38.70
      1.8690        38.53
      1.8700        38.52
      1.8710        38.57
      1.8720        38.58
      1.8730        38.72
      1.8740        38.60
      1.8750        38.63
      1.8760        38.65
      1.8770        38.80
      1.8780        38.81
      1.8790        38.86
      1.8800        38.74
      1.8810        38.78
      1.8820        38.82
      1.8830        38.68
      1.8840        38.63
      1.8850        38.56
      1.8860        38.60
      1.8870        38.43
      1.8880        38.34
      1.8890        38.20
      1.8900        38.02
      1.8910        37.89
      1.8920        37.63
      1.8930        37.36
      1.8940        37.15
      1.8950        36.96
      1.8960        36.70
      1.8970        36.42
      1.8980        36.35
      1.8990        36.04
      1.9000        35.84
      1.9010        35.38
      1.9020        34.92
      1.9030        34.66
      1.9040        34.42
      1.9050        34.19
      1.9060        33.92
      1.9070        33.83
      1.9080        33.49
      1.9090        33.12
      1.9100        32.92
      1.9110        32.61
      1.9120        32.41
      1.9130        32.20
      1.9140        32.10
      1.9150        31.88
      1.9160        31.69
      1.9170        31.65
      1.9180        31.46
      1.9190        31.29
      1.9200        31.13
      1.9210        31.13
      1.9220        31.25
      1.9230        31.10
      1.9240        31.02
      1.9250        30.85
      1.9260        30.84
      1.9270        30.62
      1.9280        30.61
      1.9290        30.61
      1.9300        30.54
      1.9310        30.47
      1.9320        30.35
      1.9330        30.24
      1.9340        30.08
      1.9350        30.15
      1.9360        30.04
      1.9370        29.82
      1.9380        29.49
      1.9390        29.35
      1.9400        29.33
      1.9410        29.26
      1.9420        29.11
      1.9430        28.98
      1.9440        28.80
      1.9450        28.62
      1.9460        28.35
      1.9470        28.25
      1.9480        28.13
      1.9490        27.98
      1.9500        27.75
      1.9510        27.58
      1.9520        27.57
      1.9530        27.46
      1.9540        27.35
      1.9550        27.11
      1.9560        27.22
      1.9570        27.17
      1.9580        27.26
      1.9590        27.20
      1.9600        26.95
      1.9610        26.87
      1.9620        26.78
      1.9630        26.82
      1.9640        26.70
      1.9650        26.66
      1.9660        26.61
      1.9670        26.45
      1.9680        26.28
      1.9690        26.34
      1.9700        26.19
      1.9710        26.22
      1.9720        26.04
      1.9730        25.84
      1.9740        25.67
      1.9750        25.44
      1.9760        24.96
      1.9770        24.65
      1.9780        24.33
      1.9790        24.17
      1.9800        24.05
      1.9810        23.74
      1.9820        23.47
      1.9830        23.16
      1.9840        23.03
      1.9850        22.72
      1.9860        22.54
      1.9870        22.41
      1.9880        22.16
      1.9890        21.84
      1.9900        21.69
      1.9910        21.33
      1.9920        21.10
      1.9930        21.01
      1.9940        20.77
      1.9950        20.66
      1.9960        20.58
      1.9970        20.51
      1.9980        20.46
      1.9990        20.15
      2.0000        19.99
      2.0010        19.84
      2.0020        19.81
      2.0030        19.57
      2.0040        19.30
      2.0050        19.27
      2.0060        19.27
      2.0070        19.07
      2.0080        18.86
      2.0090        18.70
      2.0100        18.54
      2.0110        18.31
      2.0120        18.24
      2.0130        18.12
      2.0140        18.21
      2.0150        17.97
      2.0160        17.97
      2.0170        17.76
      2.0180        17.54
      2.0190        17.54
      2.0200        17.36
      2.0210        17.10
      2.0220        16.85
      2.0230        16.77
      2.0240        16.66
      2.0250        16.54
      2.0260        16.25
      2.0270        16.12
      2.0280        16.13
      2.0290        16.03
      2.0300        15.80
      2.0310        15.86
      2.0320        15.65
      2.0330        15.50
      2.0340        15.31
      2.0350        15.36
      2.0360        15.26
      2.0370        15.26
      2.0380        15.03
      2.0390        14.92
      2.0400        14.96
      2.0410        15.12
      2.0420        15.05
      2.0430        15.12
      2.0440        15.13
      2.0450        15.12
      2.0460        15.01
      2.0470        15.00
      2.0480        14.85
      2.0490        14.80
      2.0500        14.81
      2.0510        14.73
      2.0520        14.65
      2.0530        14.49
      2.0540        14.42
      2.0550        14.32
      2.0560        14.09
      2.0570        13.97
      2.0580        13.93
      2.0590        13.74
      2.0600        13.53
      2.0610        13.34
      2.0620        13.30
      2.0630        13.06
      2.0640        12.80
      2.0650        12.51
      2.0660        12.43
      2.0670        12.34
      2.0680        12.16
      2.0690        11.93
      2.0700        11.85
      2.0710        11.56
      2.0720        11.40
      2.0730        11.28
      2.0740        11.06
      2.0750        10.81
      2.0760        10.65
      2.0770        10.57
      2.0780        10.54
      2.0790        10.40
      2.0800        10.30
      2.0810        10.08
      2.0820         9.92
      2.0830         9.81
      2.0840         9.87
      2.0850         9.87
      2.0860         9.82
      2.0870         9.78
      2.0880         9.80
      2.0890         9.79
      2.0900         9.61
      2.0910         9.78
      2.0920         9.83
      2.0930         9.65
      2.0940         9.71
      2.0950         9.65
      2.0960         9.69
      2.0970         9.56
      2.0980         9.33
      2.0990         9.37
      2.1000         9.17
      2.1010         9.21
      2.1020         8.89
      2.1030         8.71
      2.1040         8.50
      2.1050         8.34
      2.1060         8.06
      2.1070         7.91
      2.1080         7.72
      2.1090         7.47
      2.1100         7.42
      2.1110         7.03
      2.1120         6.66
      2.1130         6.58
      2.1140         6.29
      2.1150         6.18
      2.1160         5.96
      2.1170         5.82
      2.1180         5.87
      2.1190         5.68
      2.1200         5.70
      2.1210         5.64
      2.1220         5.73
      2.1230         5.66
      2.1240         5.50
      2.1250         5.48
      2.1260         5.44
      2.1270         5.18
      2.1280         5.26
      2.1290         5.16
      2.1300         5.07
      2.1310         4.97
      2.1320         5.08
      2.1330         5.00
      2.1340         4.95
      2.1350         4.83
      2.1360         4.76
      2.1370         4.63
      2.1380         4.41
      2.1390         4.18
      2.1400         4.01
      2.1410         3.81
      2.1420         3.81
      2.1430         3.63
      2.1440         3.54
      2.1450         3.40
      2.1460         3.36
      2.1470         3.35
      2.1480         3.14
      2.1490         3.04
      2.1500         2.88
      2.1510         2.33
      2.1520         2.19
      2.1530         2.21
      2.1540         2.56
      2.1550         1.87
      2.1560         1.81
      2.1570         1.28
      2.1580         1.23
      2.1590         1.24
      2.1600         1.15
      2.1610         1.16
      2.1620         1.00
      2.1630         1.00
      2.1640         1.05
      2.1650         1.00
      2.1660         1.00
      2.1670         1.00
      2.1680         1.00
      2.1690         1.00
      2.1700         1.00
      2.1710         1.00
      2.1720         1.00
      2.1730         1.00
      2.1740         1.00
      2.1750         1.00
      2.1760         1.00
      2.1770         1.00
      2.1780         1.00
      2.1790         1.00
      2.1800         1.00
      2.1810         1.00
      2.1820         1.00
      2.1830         1.00
      2.1840         1.00
      2.1850         1.00
      2.1860         1.00
      2.1870         1.00
      2.1880         1.00
      2.1890         1.00
      2.1900         1.00
      2.1910         1.00
      2.1920         1.00
      2.1930         1.00
      2.1940         1.00
      2.1950         1.00
      2.1960         1.00
      2.1970         1.00
      2.1980         1.00
      2.1990         1.00
      2.2000         1.00
      2.2010         1.00
      2.2020         1.00
      2.2030         1.00
      2.2040         1.00
      2.2050         1.00
      2.2060         1.00
      2.2070         1.00
      2.2080         1.00
      2.2090         1.00
      2.2100         1.00
      2.2110         1.00
      2.2120         1.00
      2.2130         1.00
      2.2140         1.00
      2.2150         1.00
      2.2160         1.00
      2.2170         1.00
      2.2180         1.00
      2.2190         1.00
      2.2200         1.00
      2.2210         1.00
      2.2220         1.00
      2.2230         1.00
      2.2240         1.00
      2.2250         1.00
      2.2260         1.00
      2.2270         1.00
      2.2280         1.00
      2.2290         1.00
      2.2300         1.00
      2.2310         1.00
      2.2320         1.00
      2.2330         1.00
      2.2340         1.00
      2.2350         1.00
      2.2360         1.00
      2.2370         1.00
      2.2380         1.00
      2.2390         1.00
      2.2400         1.00
      2.2410         1.00
      2.2420         1.00
      2.2430         1.00
      2.2440         1.00
      2.2450         1.00
      2.2460         1.00
      2.2470         1.00
      2.2480         1.00
      2.2490         1.00
      2.2500         1.00
      2.2510         1.00
      2.2520         1.00
      2.2530         1.00
      2.2540         1.00
      2.2550         1.00
      2.2560         1.00
      2.2570         1.00
      2.2580         1.00
      2.2590         1.00
      2.2600         1.00
      2.2610         1.00
      2.2620         1.00
      2.2630         1.00
      2.2640         1.00
      2.2650         1.00
      2.2660         1.00
      2.2670         1.00
      2.2680         1.00
      2.2690         1.00
      2.2700         1.00
      2.2710         1.00
      2.2720         1.00
      2.2730         1.00
      2.2740         1.00
      2.2750         1.00
      2.2760         1.00
      2.2770         1.00
      2.2780         1.00
      2.2790         1.00
      2.2800         1.00
      2.2810         1.00
      2.2820         1.00
      2.2830         1.00
      2.2840         1.00
      2.2850         1.00
      2.2860         1.00
      2.2870         1.00
      2.2880         1.00
      2.2890         1.00
      2.2900         1.00
      2.2910         1.00
      2.2920         1.00
      2.2930         1.00
      2.2940         1.00
      2.2950         1.00
      2.2960         1.00
      2.2970         1.00
      2.2980         1.00
      2.2990         1.00
      2.3000         1.00
      2.3010         1.00
      2.3020         1.00
      2.3030         1.00
      2.3040         1.00
      2.3050         1.00
      2.3060         1.00
      2.3070         1.00
      2.3080         1.00
      2.3090         1.00
      2.3100         1.00
      2.3110         1.00
      2.3120         1.00
      2.3130         1.00
      2.3140         1.00
      2.3150         1.00
      2.3160         1.00
      2.3170         1.00
      2.3180         1.00
      2.3190         1.00
      2.3200         1.00
      2.3210         1.00
      2.3220         1.00
      2.3230         1.00
      2.3240         1.00
      2.3250         1.00
      2.3260         1.00
      2.3270         1.00
      2.3280         1.00
      2.3290         1.00
      2.3300         1.00
      2.3310         1.00
      2.3320         1.00
      2.3330         1.00
      2.3340         1.00
      2.3350         1.00
      2.3360         1.00
      2.3370         1.00
      2.3380         1.00
      2.3390         1.00
      2.3400         1.00
      2.3410         1.00
      2.3420         1.00
      2.3430         1.00
      2.3440         1.00
      2.3450         1.00
      2.3460         1.00
      2.3470         1.00
      2.3480         1.00
      2.3490         1.00
      2.3500         1.00
      2.3510         1.00
      2.3520         1.00
      2.3530         1.00
      2.3540         1.00
      2.3550         1.00
      2.3560         1.00
      2.3570         1.00
      2.3580         1.00
      2.3590         1.00
      2.3600         1.00
      2.3610         1.00
      2.3620         1.00
      2.3630         1.00
      2.3640         1.00
      2.3650         1.00
      2.3660         1.00
      2.3670         1.00
      2.3680         1.00
      2.3690         1.00
      2.3700         1.00
      2.3710         1.00
      2.3720         1.00
      2.3730         1.00
      2.3740         1.00
      2.3750         1.00
      2.3760         1.00
      2.3770         1.00
      2.3780         1.00
      2.3790         1.00
      2.3800         1.00
      2.3810         1.00
      2.3820         1.00
      2.3830         1.00
      2.3840         1.00
      2.3850         1.00
      2.3860         1.00
      2.3870         1.00
      2.3880         1.00
      2.3890         1.00
      2.3900         1.00
      2.3910         1.00
      2.3920         1.00
      2.3930         1.00
      2.3940         1.00
      2.3950         1.00
      2.3960         1.00
      2.3970         1.00
      2.3980         1.00
      2.3990         1.00
      2.4000         1.00
      2.4010         1.00
      2.4020         1.00
      2.4030         1.00
      2.4040         1.00
      2.4050         1.00
      2.4060         1.00
      2.4070         1.00
      2.4080         1.00
      2.4090         1.00
      2.4100         1.00
      2.4110         1.00
      2.4120         1.00
      2.4130         1.00
      2.4140         1.00
      2.4150         1.00
      2.4160         1.00
      2.4170         1.00
      2.4180         1.00
      2.4190         1.00
      2.4200         1.00
      2.4210         1.00
      2.4220         1.00
      2.4230         1.00
      2.4240         1.00
      2.4250         1.00
      2.4260         1.00
      2.4270         1.00
      2.4280         1.00
      2.4290         1.00
      2.4300         1.00
      2.4310         1.00
      2.4320         1.00
      2.4330         1.00
      2.4340         1.00
      2.4350         1.00
      2.4360         1.00
      2.4370         1.00
      2.4380         1.00
      2.4390         1.00
      2.4400         1.00
      2.4410         1.00
      2.4420         1.00
      2.4430         1.00
      2.4440         1.00
      2.4450         1.00
      2.4460         1.00
      2.4470         1.00
      2.4480         1.00
      2.4490         1.00
      2.4500         1.00
      2.4510         1.00
      2.4520         1.00
      2.4530         1.00
      2.4540         1.00
      2.4550         1.00
      2.4560         1.00
      2.4570         1.00
      2.4580         1.00
      2.4590         1.00
      2.4600         1.00
      2.4610         1.00
      2.4620         1.00
      2.4630         1.00
      2.4640         1.00
      2.4650         1.00
      2.4660         1.00
      2.4670         1.00
      2.4680         1.00
      2.4690         1.00
      2.4700         1.00
      2.4710         1.00
      2.4720         1.00
      2.4730         1.00
      2.4740         1.00
      2.4750         1.00
      2.4760         1.00
      2.4770         1.00
      2.4780         1.00
      2.4790         1.00
      2.4800         1.00
      2.4810         1.00
      2.4820         1.00
      2.4830         1.00
      2.4840         1.00
      2.4850         1.00
      2.4860         1.00
      2.4870         1.00
      2.4880         1.00
      2.4890         1.00
      2.4900         1.00
      2.4910         1.00
      2.4920         1.00
      2.4930         1.00
      2.4940         1.00
      2.4950         1.00
      2.4960         1.00
      2.4970         1.00
      2.4980         1.00
      2.4990         1.00
      2.5000         1.00
      2.5010         1.00
      2.5020         1.00
      2.5030         1.00
      2.5040         1.00
      2.5050         1.00
      2.5060         1.00
      2.5070         1.00
      2.5080         1.00
      2.5090         1.00
      2.5100         1.00
      2.5110         1.00
      2.5120         1.00
      2.5130         1.00
      2.5140         1.00
      2.5150         1.00
      2.5160         1.00
      2.5170         1.00
      2.5180         1.00
      2.5190         1.00
      2.5200         1.00
      2.5210         1.00
      2.5220         1.00
      2.5230         1.00
      2.5240         1.00
      2.5250         1.00
      2.5260         1.00
      2.5270         1.00
      2.5280         1.00
      2.5290         1.00
      2.5300         1.00
      2.5310         1.00
      2.5320         1.00
      2.5330         1.00
      2.5340         1.00
      2.5350         1.00
      2.5360         1.00
      2.5370         1.00
      2.5380         1.00
      2.5390         1.00
      2.5400         1.00
      2.5410         1.00
      2.5420         1.00
      2.5430         1.00
      2.5440         1.00
      2.5450         1.00
      2.5460         1.00
      2.5470         1.00
      2.5480         1.00
      2.5490         1.00
      2.5500         1.00
      2.5510         1.00
      2.5520         1.00
      2.5530         1.00
      2.5540         1.00
      2.5550         1.00
      2.5560         1.00
      2.5570         1.00
      2.5580         1.00
      2.5590         1.00
      2.5600         1.00
      2.5610         1.00
      2.5620         1.00
      2.5630         1.00
      2.5640         1.00
      2.5650         1.00
      2.5660         1.00
      2.5670         1.00
      2.5680         1.00
      2.5690         1.00
      2.5700         1.00
      2.5710         1.00
      2.5720         1.00
      2.5730         1.00
      2.5740         1.00
      2.5750         1.00
      2.5760         1.00
      2.5770         1.00
      2.5780         1.00
      2.5790         1.00
      2.5800         1.00
      2.5810         1.00
      2.5820         1.00
      2.5830         1.00
      2.5840         1.00
      2.5850         1.00
      2.5860         1.00
      2.5870         1.00
      2.5880         1.00
      2.5890         1.00
      2.5900         1.00
      2.5910         1.00
      2.5920         1.00
      2.5930         1.00
      2.5940         1.00
      2.5950         1.00
      2.5960         1.00
      2.5970         1.00
      2.5980         1.00
      2.5990         1.00
      2.6000         1.00
      2.6010         1.00
      2.6020         1.00
      2.6030         1.00
      2.6040         1.00
      2.6050         1.00
      2.6060         1.00
      2.6070         1.00
      2.6080         1.00
      2.6090         1.00
      2.6100         1.00
      2.6110         1.00
      2.6120         1.00
      2.6130         1.00
      2.6140         1.00
      2.6150         1.00
      2.6160         1.00
      2.6170         1.00
      2.6180         1.00
      2.6190         1.00
      2.6200         1.00
      2.6210         1.00
      2.6220         1.00
      2.6230         1.00
      2.6240         1.00
      2.6250         1.00
      2.6260         1.00
      2.6270         1.00
      2.6280         1.00
      2.6290         1.00
      2.6300         1.00
      2.6310         1.00
      2.6320         1.00
      2.6330         1.00
      2.6340         1.00
      2.6350         1.00
      2.6360         1.00
      2.6370         1.00
      2.6380         1.00
      2.6390         1.00
      2.6400         1.00
      2.6410         1.00
      2.6420         1.00
      2.6430         1.00
      2.6440         1.00
      2.6450         1.00
      2.6460         1.00
      2.6470         1.00
      2.6480         1.00
      2.6490         1.00
      2.6500         1.00
      2.6510         1.00
      2.6520         1.00
      2.6530         1.00
      2.6540         1.00
      2.6550         1.00
      2.6560         1.00
      2.6570         1.00
      2.6580         1.00
      2.6590         1.00
      2.6600         1.00
      2.6610         1.00
      2.6620         1.00
      2.6630         1.00
      2.6640         1.00
      2.6650         1.00
      2.6660         1.00
      2.6670         1.00
      2.6680         1.00
      2.6690         1.00
      2.6700         1.00
      2.6710         1.00
      2.6720         1.00
      2.6730         1.00
      2.6740         1.00
      2.6750         1.00
      2.6760         1.00
      2.6770         1.00
      2.6780         1.00
      2.6790         1.00
      2.6800         1.00
      2.6810         1.00
      2.6820         1.00
      2.6830         1.00
      2.6840         1.00
      2.6850         1.00
      2.6860         1.00
      2.6870         1.00
      2.6880         1.00
      2.6890         1.00
      2.6900         1.00
      2.6910         1.00
      2.6920         1.00
      2.6930         1.00
      2.6940         1.00
      2.6950         1.00
      2.6960         1.00
      2.6970         1.00
      2.6980         1.00
      2.6990         1.00
      2.7000         1.00
      2.7010         1.00
      2.7020         1.00
      2.7030         1.00
      2.7040         1.00
      2.7050         1.00
      2.7060         1.00
      2.7070         1.00
      2.7080         1.00
      2.7090         1.00
      2.7100         1.00
      2.7110         1.00
      2.7120         1.00
      2.7130         1.00
      2.7140         1.00
      2.7150         1.00
      2.7160         1.00
      2.7170         1.00
      2.7180         1.00
      2.7190         1.00
      2.7200         1.00
      2.7210         1.00
      2.7220         1.00
      2.7230         1.00
      2.7240         1.00
      2.7250         1.00
      2.7260         1.00
      2.7270         1.00
      2.7280         1.00
      2.7290         1.00
      2.7300         1.00
      2.7310         1.00
      2.7320         1.00
      2.7330         1.00
      2.7340         1.00
      2.7350         1.00
      2.7360         1.00
      2.7370         1.00
      2.7380         1.00
      2.7390         1.00
      2.7400         1.00
      2.7410         1.00
      2.7420         1.00
      2.7430         1.00
      2.7440         1.00
      2.7450         1.00
      2.7460         1.00
      2.7470         1.00
      2.7480         1.00
      2.7490         1.00
      2.7500         1.00
      2.7510         1.00
      2.7520         1.00
      2.7530         1.00
      2.7540         1.00
      2.7550         1.00
      2.7560         1.00
      2.7570         1.00
      2.7580         1.00
      2.7590         1.00
      2.7600         1.00
      2.7610         1.00
      2.7620         1.00
      2.7630         1.00
      2.7640         1.00
      2.7650         1.00
      2.7660         1.00
      2.7670         1.00
      2.7680         1.00
      2.7690         1.00
      2.7700         1.00
      2.7710         1.00
      2.7720         1.00
      2.7730         1.00
      2.7740         1.00
      2.7750         1.00
      2.7760         1.00
      2.7770         1.00
      2.7780         1.00
      2.7790         1.00
      2.7800         1.00
      2.7810         1.00
      2.7820         1.00
      2.7830         1.00
      2.7840         1.00
      2.7850         1.00
      2.7860         1.00
      2.7870         1.00
      2.7880         1.00
      2.7890         1.00
      2.7900         1.00
      2.7910         1.00
      2.7920         1.00
      2.7930         1.00
      2.7940         1.00
      2.7950         1.00
      2.7960         1.00
      2.7970         1.00
      2.7980         1.00
      2.7990         1.00
      2.8000         1.00
      2.8010         1.00
      2.8020         1.00
      2.8030         1.00
      2.8040         1.00
      2.8050         1.00
      2.8060         1.00
      2.8070         1.00
      2.8080         1.00
      2.8090         1.00
      2.8100         1.00
      2.8110         1.00
      2.8120         1.00
      2.8130         1.00
      2.8140         1.00
      2.8150         1.00
      2.8160         1.00
      2.8170         1.00
      2.8180         1.00
      2.8190         1.00
      2.8200         1.00
      2.8210         1.00
      2.8220         1.00
      2.8230         1.00
      2.8240         1.00
      2.8250         1.00
      2.8260         1.00
      2.8270         1.00
      2.8280         1.00
      2.8290         1.00
      2.8300         1.00
      2.8310         1.00
      2.8320         1.00
      2.8330         1.00
      2.8340         1.00
      2.8350         1.00
      2.8360         1.00
      2.8370         1.00
      2.8380         1.00
      2.8390         1.00
      2.8400         1.00
      2.8410         1.00
      2.8420         1.00
      2.8430         1.00
      2.8440         1.00
      2.8450         1.00
      2.8460         1.00
      2.8470         1.00
      2.8480         1.00
      2.8490         1.00
      2.8500         1.00
      2.8510         1.00
      2.8520         1.00
      2.8530         1.00
      2.8540         1.00
      2.8550         1.00
      2.8560         1.00
      2.8570         1.00
      2.8580         1.00
      2.8590         1.00
      2.8600         1.00
      2.8610         1.00
      2.8620         1.00
      2.8630         1.00
      2.8640         1.00
      2.8650         1.00
      2.8660         1.00
      2.8670         1.00
      2.8680         1.00
      2.8690         1.00
      2.8700         1.00
      2.8710         1.00
      2.8720         1.00
      2.8730         1.00
      2.8740         1.00
      2.8750         1.00
      2.8760         1.00
      2.8770         1.00
      2.8780         1.00
      2.8790         1.00
      2.8800         1.00
      2.8810         1.00
      2.8820         1.00
      2.8830         1.00
      2.8840         1.00
      2.8850         1.00
      2.8860         1.00
      2.8870         1.00
      2.8880         1.00
      2.8890         1.00
      2.8900         1.00
      2.8910         1.00
      2.8920         1.00
      2.8930         1.00
      2.8940         1.00
      2.8950         1.00
      2.8960         1.00
      2.8970         1.00
      2.8980         1.00
      2.8990         1.00
      2.9000         1.00
      2.9010         1.00
      2.9020         1.00
      2.9030         1.00
      2.9040         1.00
      2.9050         1.00
      2.9060         1.00
      2.9070         1.00
      2.9080         1.00
      2.9090         1.00
      2.9100         1.00
      2.9110         1.00
      2.9120         1.00
      2.9130         1.00
      2.9140         1.00
      2.9150         1.00
      2.9160         1.00
      2.9170         1.00
      2.9180         1.00
      2.9190         1.00
      2.9200         1.00
      2.9210         1.00
      2.9220         1.00
      2.9230         1.00
      2.9240         1.00
      2.9250         1.00
      2.9260         1.00
      2.9270         1.00
      2.9280         1.00
      2.9290         1.00
      2.9300         1.00
      2.9310         1.00
      2.9320         1.00
      2.9330         1.00
      2.9340         1.00
      2.9350         1.00
      2.9360         1.00
      2.9370         1.00
      2.9380         1.00
      2.9390         1.00
      2.9400         1.00
      2.9410         1.00
      2.9420         1.00
      2.9430         1.00
      2.9440         1.00
      2.9450         1.00
      2.9460         1.00
      2.9470         1.00
      2.9480         1.00
      2.9490         1.00
      2.9500         1.00
      2.9510         1.00
      2.9520         1.00
      2.9530         1.00
      2.9540         1.00
      2.9550         1.00
      2.9560         1.00
      2.9570         1.00
      2.9580         1.00
      2.9590         1.00
      2.9600         1.00
      2.9610         1.00
      2.9620         1.00
      2.9630         1.00
      2.9640         1.00
      2.9650         1.00
      2.9660         1.00
      2.9670         1.00
      2.9680         1.00
      2.9690         1.00
      2.9700         1.00
      2.9710         1.00
      2.9720         1.00
      2.9730         1.00
      2.9740         1.00
      2.9750         1.00
      2.9760         1.00
      2.9770         1.00
      2.9780         1.00
      2.9790         1.00
      2.9800         1.00
      2.9810         1.00
      2.9820         1.00
      2.9830         1.00
      2.9840         1.00
      2.9850         1.00
      2.9860         1.00
      2.9870         1.00
      2.9880         1.00
      2.9890         1.00
      2.9900         1.00
      2.9910         1.00
      2.9920         1.00
      2.9930         1.00
      2.9940         1.00
      2.9950         1.00
      2.9960         1.00
      2.9970         1.00
      2.9980         1.00
      2.9990         1.00
