        Time   Palpation Force
      0.0000         1.00
      0.0010         1.00
      0.0020         1.00
      0.0030         1.00
      0.0040         1.00
      0.0050         1.00
      0.0060         1.00
      0.0070         1.00
      0.0080         1.00
      0.0090         1.00
      0.0100         1.00
      0.0110         1.00
      0.0120         1.00
      0.0130         1.00
      0.0140         1.00
      0.0150         1.00
      0.0160         1.00
      0.0170         1.00
      0.0180         1.00
      0.0190         1.00
      0.0200         1.00
      0.0210         1.00
      0.0220         1.00
      0.0230         1.00
      0.0240         1.00
      0.0250         1.00
      0.0260         1.00
      0.0270         1.00
      0.0280         1.00
      0.0290         1.00
      0.0300         1.00
      0.0310         1.00
      0.0320         1.00
      0.0330         1.00
      0.0340         1.00
      0.0350         1.00
      0.0360         1.00
      0.0370         1.00
      0.0380         1.00
      0.0390         1.00
      0.0400         1.00
      0.0410         1.00
      0.0420         1.00
      0.0430         1.00
      0.0440         1.00
      0.0450         1.00
      0.0460         1.00
      0.0470         1.00
      0.0480         1.00
      0.0490         1.00
      0.0500         1.00
      0.0510         1.00
      0.0520         1.00
      0.0530         1.00
      0.0540         1.00
      0.0550         1.00
      0.0560         1.00
      0.0570         1.00
      0.0580         1.00
      0.0590         1.00
      0.0600         1.00
      0.0610         1.00
      0.0620         1.00
      0.0630         1.00
      0.0640         1.00
      0.0650         1.00
      0.0660         1.00
      0.0670         1.00
      0.0680         1.00
      0.0690         1.00
      0.0700         1.00
      0.0710         1.00
      0.0720         1.00
      0.0730         1.00
      0.0740         1.00
      0.0750         1.00
      0.0760         1.00
      0.0770         1.00
      0.0780         1.00
      0.0790         1.00
      0.0800         1.00
      0.0810         1.00
      0.0820         1.00
      0.0830         1.00
      0.0840         1.00
      0.0850         1.00
      0.0860         1.00
      0.0870         1.00
      0.0880         1.00
      0.0890         1.00
      0.0900         1.00
      0.0910         1.00
      0.0920         1.00
      0.0930         1.00
      0.0940         1.00
      0.0950         1.00
      0.0960         1.00
      0.0970         1.00
      0.0980         1.00
      0.0990         1.00
      0.1000         1.00
      0.1010         1.00
      0.1020         1.00
      0.1030         1.00
      0.1040         1.00
      0.1050         1.00
      0.1060         1.00
      0.1070         1.00
      0.1080         1.00
      0.1090         1.00
      0.1100         1.00
      0.1110         1.00
      0.1120         1.00
      0.1130         1.00
      0.1140         1.00
      0.1150         1.00
      0.1160         1.00
      0.1170         1.00
      0.1180         1.00
      0.1190         1.00
      0.1200         1.00
      0.1210         1.00
      0.1220         1.00
      0.1230         1.00
      0.1240         1.00
      0.1250         1.00
      0.1260         1.00
      0.1270         1.00
      0.1280         1.00
      0.1290         1.00
      0.1300         1.00
      0.1310         1.00
      0.1320         1.00
      0.1330         1.00
      0.1340         1.00
      0.1350         1.00
      0.1360         1.00
      0.1370         1.00
      0.1380         1.00
      0.1390         1.00
      0.1400         1.00
      0.1410         1.00
      0.1420         1.00
      0.1430         1.00
      0.1440         1.00
      0.1450         1.00
      0.1460         1.00
      0.1470         1.00
      0.1480         1.00
      0.1490         1.00
      0.1500         1.00
      0.1510         1.00
      0.1520         1.00
      0.1530         1.00
      0.1540         1.00
      0.1550         1.00
      0.1560         1.00
      0.1570         1.00
      0.1580         1.00
      0.1590         1.00
      0.1600         1.00
      0.1610         1.00
      0.1620         1.00
      0.1630         1.00
      0.1640         1.00
      0.1650         1.00
      0.1660         1.00
      0.1670         1.00
      0.1680         1.00
      0.1690         1.00
      0.1700         1.00
      0.1710         1.00
      0.1720         1.00
      0.1730         1.00
      0.1740         1.00
      0.1750         1.00
      0.1760         1.00
      0.1770         1.00
      0.1780         1.00
      0.1790         1.00
      0.1800         1.00
      0.1810         1.00
      0.1820         1.00
      0.1830         1.00
      0.1840         1.00
      0.1850         1.00
      0.1860         1.00
      0.1870         1.00
      0.1880         1.00
      0.1890         1.00
      0.1900         1.00
      0.1910         1.00
      0.1920         1.00
      0.1930         1.00
      0.1940         1.00
      0.1950         1.00
      0.1960         1.00
      0.1970         1.00
      0.1980         1.00
      0.1990         1.00
      0.2000         1.00
      0.2010         1.00
      0.2020         1.00
      0.2030         1.00
      0.2040         1.00
      0.2050         1.00
      0.2060         1.00
      0.2070         1.00
      0.2080         1.00
      0.2090         1.00
      0.2100         1.00
      0.2110         1.00
      0.2120         1.00
      0.2130         1.00
      0.2140         1.00
      0.2150         1.00
      0.2160         1.00
      0.2170         1.00
      0.2180         1.00
      0.2190         1.00
      0.2200         1.00
      0.2210         1.00
      0.2220         1.00
      0.2230         1.00
      0.2240         1.00
      0.2250         1.00
      0.2260         1.00
      0.2270         1.00
      0.2280         1.00
      0.2290         1.00
      0.2300         1.00
      0.2310         1.00
      0.2320         1.00
      0.2330         1.00
      0.2340         1.00
      0.2350         1.00
      0.2360         1.00
      0.2370         1.00
      0.2380         1.00
      0.2390         1.00
      0.2400         1.00
      0.2410         1.00
      0.2420         1.00
      0.2430         1.00
      0.2440         1.00
      0.2450         1.00
      0.2460         1.00
      0.2470         1.00
      0.2480         1.00
      0.2490         1.00
      0.2500         1.00
      0.2510         1.00
      0.2520         1.00
      0.2530         1.00
      0.2540         1.00
      0.2550         1.00
      0.2560         1.00
      0.2570         1.00
      0.2580         1.00
      0.2590         1.00
      0.2600         1.00
      0.2610         1.00
      0.2620         1.00
      0.2630         1.00
      0.2640         1.00
      0.2650         1.00
      0.2660         1.00
      0.2670         1.00
      0.2680         1.00
      0.2690         1.00
      0.2700         1.00
      0.2710         1.00
      0.2720         1.00
      0.2730         1.00
      0.2740         1.00
      0.2750         1.00
      0.2760         1.00
      0.2770         1.00
      0.2780         1.00
      0.2790         1.00
      0.2800         1.00
      0.2810         1.00
      0.2820         1.00
      0.2830         1.00
      0.2840         1.00
      0.2850         1.00
      0.2860         1.00
      0.2870         1.00
      0.2880         1.00
      0.2890         1.00
      0.2900         1.00
      0.2910         1.00
      0.2920         1.00
      0.2930         1.00
      0.2940         1.00
      0.2950         1.00
      0.2960         1.00
      0.2970         1.00
      0.2980         1.00
      0.2990         1.00
      0.3000         1.00
      0.3010         1.00
      0.3020         1.00
      0.3030         1.00
      0.3040         1.00
      0.3050         1.00
      0.3060         1.00
      0.3070         1.00
      0.3080         1.00
      0.3090         1.00
      0.3100         1.00
      0.3110         1.00
      0.3120         1.00
      0.3130         1.00
      0.3140         1.00
      0.3150         1.00
      0.3160         1.00
      0.3170         1.00
      0.3180         1.00
      0.3190         1.00
      0.3200         1.00
      0.3210         1.00
      0.3220         1.00
      0.3230         1.00
      0.3240         1.00
      0.3250         1.00
      0.3260         1.00
      0.3270         1.00
      0.3280         1.00
      0.3290         1.00
      0.3300         1.00
      0.3310         1.00
      0.3320         1.00
      0.3330         1.00
      0.3340         1.00
      0.3350         1.00
      0.3360         1.00
      0.3370         1.00
      0.3380         1.00
      0.3390         1.00
      0.3400         1.00
      0.3410         1.00
      0.3420         1.00
      0.3430         1.00
      0.3440         1.00
      0.3450         1.00
      0.3460         1.00
      0.3470         1.00
      0.3480         1.00
      0.3490         1.00
      0.3500         1.00
      0.3510         1.00
      0.3520         1.00
      0.3530         1.00
      0.3540         1.00
      0.3550         1.00
      0.3560         1.00
      0.3570         1.00
      0.3580         1.00
      0.3590         1.00
      0.3600         1.00
      0.3610         1.00
      0.3620         1.00
      0.3630         1.00
      0.3640         1.00
      0.3650         1.00
      0.3660         1.00
      0.3670         1.00
      0.3680         1.00
      0.3690         1.00
      0.3700         1.00
      0.3710         1.00
      0.3720         1.00
      0.3730         1.00
      0.3740         1.00
      0.3750         1.00
      0.3760         1.00
      0.3770         1.00
      0.3780         1.00
      0.3790         1.00
      0.3800         1.00
      0.3810         1.00
      0.3820         1.00
      0.3830         1.00
      0.3840         1.00
      0.3850         1.00
      0.3860         1.00
      0.3870         1.00
      0.3880         1.00
      0.3890         1.00
      0.3900         1.00
      0.3910         1.00
      0.3920         1.00
      0.3930         1.00
      0.3940         1.00
      0.3950         1.00
      0.3960         1.00
      0.3970         1.00
      0.3980         1.00
      0.3990         1.00
      0.4000         1.00
      0.4010         1.00
      0.4020         1.00
      0.4030         1.00
      0.4040         1.00
      0.4050         1.00
      0.4060         1.00
      0.4070         1.00
      0.4080         1.00
      0.4090         1.00
      0.4100         1.00
      0.4110         1.00
      0.4120         1.00
      0.4130         1.00
      0.4140         1.00
      0.4150         1.00
      0.4160         1.00
      0.4170         1.00
      0.4180         1.00
      0.4190         1.00
      0.4200         1.00
      0.4210         1.00
      0.4220         1.00
      0.4230         1.00
      0.4240         1.00
      0.4250         1.00
      0.4260         1.00
      0.4270         1.00
      0.4280         1.00
      0.4290         1.00
      0.4300         1.00
      0.4310         1.00
      0.4320         1.00
      0.4330         1.00
      0.4340         1.00
      0.4350         1.00
      0.4360         1.00
      0.4370         1.00
      0.4380         1.00
      0.4390         1.00
      0.4400         1.00
      0.4410         1.00
      0.4420         1.00
      0.4430         1.00
      0.4440         1.00
      0.4450         1.00
      0.4460         1.00
      0.4470         1.00
      0.4480         1.00
      0.4490         1.00
      0.4500         1.00
      0.4510         1.00
      0.4520         1.00
      0.4530         1.00
      0.4540         1.00
      0.4550         1.00
      0.4560         1.00
      0.4570         1.00
      0.4580         1.00
      0.4590         1.00
      0.4600         1.00
      0.4610         1.00
      0.4620         1.00
      0.4630         1.00
      0.4640         1.00
      0.4650         1.00
      0.4660         1.00
      0.4670         1.00
      0.4680         1.00
      0.4690         1.00
      0.4700         1.00
      0.4710         1.00
      0.4720         1.00
      0.4730         1.00
      0.4740         1.00
      0.4750         1.00
      0.4760         1.00
      0.4770         1.00
      0.4780         1.00
      0.4790         1.00
      0.4800         1.00
      0.4810         1.00
      0.4820         1.00
      0.4830         1.00
      0.4840         1.00
      0.4850         1.00
      0.4860         1.00
      0.4870         1.00
      0.4880         1.00
      0.4890         1.00
      0.4900         1.00
      0.4910         1.00
      0.4920         1.00
      0.4930         1.00
      0.4940         1.00
      0.4950         1.00
      0.4960         1.00
      0.4970         1.00
      0.4980         1.00
      0.4990         1.00
      0.5000         1.00
      0.5010         1.00
      0.5020         1.00
      0.5030         1.00
      0.5040         1.00
      0.5050         1.00
      0.5060         1.00
      0.5070         1.00
      0.5080         1.00
      0.5090         1.00
      0.5100         1.00
      0.5110         1.00
      0.5120         1.00
      0.5130         1.00
      0.5140         1.00
      0.5150         1.00
      0.5160         1.00
      0.5170         1.00
      0.5180         1.00
      0.5190         1.00
      0.5200         1.00
      0.5210         1.00
      0.5220         1.00
      0.5230         1.00
      0.5240         1.00
      0.5250         1.00
      0.5260         1.00
      0.5270         1.00
      0.5280         1.00
      0.5290         1.00
      0.5300         1.00
      0.5310         1.00
      0.5320         1.00
      0.5330         1.00
      0.5340         1.00
      0.5350         1.00
      0.5360         1.00
      0.5370         1.00
      0.5380         1.00
      0.5390         1.00
      0.5400         1.00
      0.5410         1.00
      0.5420         1.00
      0.5430         1.00
      0.5440         1.00
      0.5450         1.00
      0.5460         1.00
      0.5470         1.00
      0.5480         1.00
      0.5490         1.00
      0.5500         1.00
      0.5510         1.00
      0.5520         1.00
      0.5530         1.00
      0.5540         1.00
      0.5550         1.00
      0.5560         1.00
      0.5570         1.00
      0.5580         1.00
      0.5590         1.00
      0.5600         1.00
      0.5610         1.00
      0.5620         1.00
      0.5630         1.00
      0.5640         1.00
      0.5650         1.00
      0.5660         1.00
      0.5670         1.00
      0.5680         1.00
      0.5690         1.00
      0.5700         1.00
      0.5710         1.00
      0.5720         1.00
      0.5730         1.00
      0.5740         1.00
      0.5750         1.00
      0.5760         1.00
      0.5770         1.00
      0.5780         1.00
      0.5790         1.00
      0.5800         1.00
      0.5810         1.00
      0.5820         1.00
      0.5830         1.00
      0.5840         1.00
      0.5850         1.00
      0.5860         1.00
      0.5870         1.00
      0.5880         1.00
      0.5890         1.00
      0.5900         1.00
      0.5910         1.00
      0.5920         1.00
      0.5930         1.00
      0.5940         1.00
      0.5950         1.00
      0.5960         1.00
      0.5970         1.00
      0.5980         1.00
      0.5990         1.00
      0.6000         1.00
      0.6010         1.00
      0.6020         1.00
      0.6030         1.00
      0.6040         1.00
      0.6050         1.00
      0.6060         1.00
      0.6070         1.00
      0.6080         1.00
      0.6090         1.00
      0.6100         1.00
      0.6110         1.00
      0.6120         1.00
      0.6130         1.00
      0.6140         1.00
      0.6150         1.00
      0.6160         1.00
      0.6170         1.00
      0.6180         1.00
      0.6190         1.00
      0.6200         1.00
      0.6210         1.00
      0.6220         1.00
      0.6230         1.00
      0.6240         1.00
      0.6250         1.00
      0.6260         1.00
      0.6270         1.00
      0.6280         1.00
      0.6290         1.00
      0.6300         1.00
      0.6310         1.00
      0.6320         1.00
      0.6330         1.00
      0.6340         1.00
      0.6350         1.00
      0.6360         1.00
      0.6370         1.00
      0.6380         1.00
      0.6390         1.00
      0.6400         1.00
      0.6410         1.00
      0.6420         1.00
      0.6430         1.00
      0.6440         1.00
      0.6450         1.00
      0.6460         1.00
      0.6470         1.00
      0.6480         1.00
      0.6490         1.00
      0.6500         1.00
      0.6510         1.00
      0.6520         1.00
      0.6530         1.00
      0.6540         1.00
      0.6550         1.00
      0.6560         1.00
      0.6570         1.00
      0.6580         1.00
      0.6590         1.00
      0.6600         1.00
      0.6610         1.00
      0.6620         1.00
      0.6630         1.00
      0.6640         1.00
      0.6650         1.00
      0.6660         1.00
      0.6670         1.00
      0.6680         1.00
      0.6690         1.00
      0.6700         1.00
      0.6710         1.00
      0.6720         1.00
      0.6730         1.00
      0.6740         1.00
      0.6750         1.00
      0.6760         1.00
      0.6770         1.00
      0.6780         1.00
      0.6790         1.00
      0.6800         1.00
      0.6810         1.00
      0.6820         1.00
      0.6830         1.00
      0.6840         1.00
      0.6850         1.00
      0.6860         1.00
      0.6870         1.00
      0.6880         1.00
      0.6890         1.00
      0.6900         1.00
      0.6910         1.00
      0.6920         1.00
      0.6930         1.00
      0.6940         1.00
      0.6950         1.00
      0.6960         1.00
      0.6970         1.00
      0.6980         1.00
      0.6990         1.00
      0.7000         1.12
      0.7010         1.12
      0.7020         1.17
      0.7030         1.78
      0.7040         1.78
      0.7050         1.91
      0.7060         2.04
      0.7070         2.15
      0.7080         2.07
      0.7090         2.23
      0.7100         2.50
      0.7110         2.60
      0.7120         2.68
      0.7130         3.38
      0.7140         3.37
      0.7150         3.46
      0.7160         3.55
      0.7170         3.58
      0.7180         3.62
      0.7190         3.70
      0.7200         3.73
      0.7210         3.82
      0.7220         3.69
      0.7230         3.78
      0.7240         3.74
      0.7250         3.82
      0.7260         3.81
      0.7270         3.78
      0.7280         3.95
      0.7290         3.96
      0.7300         3.98
      0.7310         3.89
      0.7320         4.08
      0.7330         4.09
      0.7340         4.13
      0.7350         4.26
      0.7360         4.40
      0.7370         4.57
      0.7380         4.59
      0.7390         4.83
      0.7400         4.80
      0.7410         5.00
      0.7420         5.50
      0.7430         5.47
      0.7440         5.81
      0.7450         5.94
      0.7460         6.06
      0.7470         6.11
      0.7480         6.22
      0.7490         6.35
      0.7500         6.37
      0.7510         6.46
      0.7520         6.54
      0.7530         6.57
      0.7540         6.61
      0.7550         6.71
      0.7560         6.72
      0.7570         6.69
      0.7580         6.88
      0.7590         6.84
      0.7600         7.00
      0.7610         6.80
      0.7620         6.67
      0.7630         6.65
      0.7640         6.51
      0.7650         6.61
      0.7660         6.61
      0.7670         6.57
      0.7680         6.48
      0.7690         6.55
      0.7700         6.63
      0.7710         6.80
      0.7720         6.84
      0.7730         6.99
      0.7740         7.19
      0.7750         7.23
      0.7760         7.33
      0.7770         7.33
      0.7780         7.30
      0.7790         7.43
      0.7800         7.49
      0.7810         7.74
      0.7820         7.75
      0.7830         8.08
      0.7840         8.29
      0.7850         8.42
      0.7860         8.76
      0.7870         9.11
      0.7880         9.39
      0.7890         9.54
      0.7900         9.69
      0.7910         9.82
      0.7920         9.90
      0.7930         9.88
      0.7940         9.82
      0.7950         9.94
      0.7960        10.08
      0.7970        10.27
      0.7980        10.44
      0.7990        10.46
      0.8000        10.55
      0.8010        10.50
      0.8020        10.59
      0.8030        10.58
      0.8040        10.61
      0.8050        10.59
      0.8060        10.41
      0.8070        10.35
      0.8080        10.22
      0.8090        10.16
      0.8100        10.03
      0.8110        10.12
      0.8120        10.23
      0.8130        10.31
      0.8140        10.43
      0.8150        10.35
      0.8160        10.36
      0.8170        10.31
      0.8180        10.39
      0.8190        10.63
      0.8200        10.57
      0.8210        10.80
      0.8220        10.93
      0.8230        11.21
      0.8240        11.46
      0.8250        11.67
      0.8260        11.96
      0.8270        12.13
      0.8280        12.38
      0.8290        12.64
      0.8300        12.88
      0.8310        12.90
      0.8320        13.05
      0.8330        13.34
      0.8340        13.44
      0.8350        13.61
      0.8360        13.81
      0.8370        14.08
      0.8380        14.23
      0.8390        14.18
      0.8400        14.47
      0.8410        14.55
      0.8420        14.67
      0.8430        14.58
      0.8440        14.56
      0.8450        14.59
      0.8460        14.34
      0.8470        14.42
      0.8480        14.61
      0.8490        14.54
      0.8500        14.59
      0.8510        14.67
      0.8520        14.81
      0.8530        14.93
      0.8540        15.17
      0.8550        15.35
      0.8560        15.52
      0.8570        15.63
      0.8580        15.63
      0.8590        15.91
      0.8600        16.11
      0.8610        16.42
      0.8620        16.66
      0.8630        16.87
      0.8640        17.28
      0.8650        17.61
      0.8660        18.04
      0.8670        18.46
      0.8680        18.64
      0.8690        18.87
      0.8700        19.18
      0.8710        19.47
      0.8720        19.71
      0.8730        19.80
      0.8740        19.92
      0.8750        20.12
      0.8760        20.20
      0.8770        20.42
      0.8780        20.70
      0.8790        20.79
      0.8800        20.78
      0.8810        20.66
      0.8820        20.60
      0.8830        20.73
      0.8840        20.62
      0.8850        20.50
      0.8860        20.53
      0.8870        20.30
      0.8880        20.36
      0.8890        20.43
      0.8900        20.37
      0.8910        20.41
      0.8920        20.48
      0.8930        20.49
      0.8940        20.58
      0.8950        20.69
      0.8960        20.74
      0.8970        20.77
      0.8980        20.89
      0.8990        21.01
      0.9000        21.03
      0.9010        21.15
      0.9020        21.23
      0.9030        21.47
      0.9040        21.78
      0.9050        22.01
      0.9060        22.25
      0.9070        22.58
      0.9080        22.67
      0.9090        22.89
      0.9100        23.16
      0.9110        23.41
      0.9120        23.49
      0.9130        23.71
      0.9140        23.87
      0.9150        23.93
      0.9160        24.12
      0.9170        24.27
      0.9180        24.36
      0.9190        24.43
      0.9200        24.72
      0.9210        25.12
      0.9220        25.39
      0.9230        25.35
      0.9240        25.22
      0.9250        25.38
      0.9260        25.61
      0.9270        25.59
      0.9280        25.69
      0.9290        25.81
      0.9300        26.01
      0.9310        26.11
      0.9320        26.15
      0.9330        26.19
      0.9340        26.21
      0.9350        26.30
      0.9360        26.37
      0.9370        26.41
      0.9380        26.51
      0.9390        26.59
      0.9400        26.85
      0.9410        26.98
      0.9420        27.18
      0.9430        27.47
      0.9440        27.98
      0.9450        28.17
      0.9460        28.32
      0.9470        28.60
      0.9480        29.03
      0.9490        29.24
      0.9500        29.44
      0.9510        29.58
      0.9520        30.02
      0.9530        30.40
      0.9540        30.81
      0.9550        31.17
      0.9560        31.56
      0.9570        31.86
      0.9580        32.29
      0.9590        32.72
      0.9600        32.88
      0.9610        33.04
      0.9620        33.32
      0.9630        33.42
      0.9640        33.45
      0.9650        33.63
      0.9660        33.83
      0.9670        33.95
      0.9680        34.11
      0.9690        34.33
      0.9700        34.36
      0.9710        34.45
      0.9720        34.44
      0.9730        34.56
      0.9740        34.71
      0.9750        34.84
      0.9760        34.86
      0.9770        35.03
      0.9780        34.94
      0.9790        35.04
      0.9800        35.19
      0.9810        35.34
      0.9820        35.38
      0.9830        35.59
      0.9840        35.82
      0.9850        35.94
      0.9860        35.93
      0.9870        36.19
      0.9880        36.28
      0.9890        36.36
      0.9900        36.49
      0.9910        36.77
      0.9920        36.96
      0.9930        37.07
      0.9940        37.12
      0.9950        37.28
      0.9960        37.52
      0.9970        37.63
      0.9980        37.76
      0.9990        37.87
      1.0000        37.87
      1.0010        37.89
      1.0020        38.00
      1.0030        38.03
      1.0040        37.83
      1.0050        37.95
      1.0060        38.06
      1.0070        37.98
      1.0080        38.10
      1.0090        38.22
      1.0100        38.32
      1.0110        38.30
      1.0120        38.20
      1.0130        38.27
      1.0140        38.27
      1.0150        38.18
      1.0160        38.25
      1.0170        38.49
      1.0180        38.68
      1.0190        38.58
      1.0200        38.85
      1.0210        38.95
      1.0220        39.13
      1.0230        39.23
      1.0240        39.40
      1.0250        39.42
      1.0260        39.52
      1.0270        39.87
      1.0280        39.93
      1.0290        40.20
      1.0300        40.35
      1.0310        40.74
      1.0320        41.13
      1.0330        41.34
      1.0340        41.79
      1.0350        42.09
      1.0360        42.27
      1.0370        42.34
      1.0380        42.68
      1.0390        43.05
      1.0400        43.15
      1.0410        43.39
      1.0420        43.47
      1.0430        43.74
      1.0440        44.07
      1.0450        44.30
      1.0460        44.66
      1.0470        44.86
      1.0480        45.00
      1.0490        44.97
      1.0500        45.27
      1.0510        45.22
      1.0520        45.31
      1.0530        45.42
      1.0540        45.34
      1.0550        45.46
      1.0560        45.49
      1.0570        45.51
      1.0580        45.46
      1.0590        45.50
      1.0600        45.62
      1.0610        45.65
      1.0620        45.77
      1.0630        45.86
      1.0640        46.12
      1.0650        46.20
      1.0660        46.29
      1.0670        46.28
      1.0680        46.28
      1.0690        46.47
      1.0700        46.45
      1.0710        46.49
      1.0720        46.48
      1.0730        46.48
      1.0740        46.65
      1.0750        46.71
      1.0760        46.84
      1.0770        47.07
      1.0780        47.15
      1.0790        47.23
      1.0800        47.30
      1.0810        47.45
      1.0820        47.61
      1.0830        47.73
      1.0840        47.67
      1.0850        47.81
      1.0860        47.81
      1.0870        47.99
      1.0880        48.27
      1.0890        48.44
      1.0900        48.56
      1.0910        48.88
      1.0920        49.04
      1.0930        49.26
      1.0940        49.37
      1.0950        49.58
      1.0960        49.81
      1.0970        49.96
      1.0980        50.07
      1.0990        50.21
      1.1000        50.46
      1.1010        50.70
      1.1020        50.81
      1.1030        50.95
      1.1040        51.12
      1.1050        51.29
      1.1060        51.54
      1.1070        51.58
      1.1080        51.78
      1.1090        51.97
      1.1100        52.20
      1.1110        52.32
      1.1120        52.69
      1.1130        52.98
      1.1140        53.18
      1.1150        53.50
      1.1160        53.66
      1.1170        54.01
      1.1180        54.23
      1.1190        54.49
      1.1200        54.60
      1.1210        54.74
      1.1220        55.06
      1.1230        55.29
      1.1240        55.41
      1.1250        55.53
      1.1260        55.56
      1.1270        55.78
      1.1280        55.89
      1.1290        55.94
      1.1300        55.93
      1.1310        56.09
      1.1320        56.12
      1.1330        56.03
      1.1340        56.16
      1.1350        56.17
      1.1360        56.16
      1.1370        55.90
      1.1380        55.90
      1.1390        55.78
      1.1400        55.78
      1.1410        55.77
      1.1420        55.65
      1.1430        55.51
      1.1440        55.61
      1.1450        55.70
      1.1460        55.73
      1.1470        55.71
      1.1480        55.61
      1.1490        55.53
      1.1500        55.55
      1.1510        55.43
      1.1520        55.40
      1.1530        55.55
      1.1540        55.67
      1.1550        55.53
      1.1560        55.63
      1.1570        55.81
      1.1580        56.07
      1.1590        56.26
      1.1600        56.42
      1.1610        56.50
      1.1620        56.57
      1.1630        56.67
      1.1640        56.78
      1.1650        56.79
      1.1660        56.94
      1.1670        57.06
      1.1680        57.29
      1.1690        57.43
      1.1700        57.70
      1.1710        57.87
      1.1720        57.99
      1.1730        58.02
      1.1740        57.94
      1.1750        58.31
      1.1760        58.54
      1.1770        58.58
      1.1780        58.63
      1.1790        58.72
      1.1800        58.88
      1.1810        58.99
      1.1820        59.19
      1.1830        59.47
      1.1840        59.63
      1.1850        59.89
      1.1860        60.07
      1.1870        60.25
      1.1880        60.45
      1.1890        60.80
      1.1900        60.88
      1.1910        61.10
      1.1920        61.33
      1.1930        61.63
      1.1940        61.94
      1.1950        61.91
      1.1960        62.09
      1.1970        62.50
      1.1980        62.74
      1.1990        63.07
      1.2000        63.20
      1.2010        63.35
      1.2020        63.56
      1.2030        63.67
      1.2040        63.63
      1.2050        63.71
      1.2060        63.71
      1.2070        63.88
      1.2080        63.86
      1.2090        63.62
      1.2100        63.62
      1.2110        63.58
      1.2120        63.53
      1.2130        63.51
      1.2140        63.36
      1.2150        63.26
      1.2160        63.06
      1.2170        62.96
      1.2180        62.61
      1.2190        62.31
      1.2200        62.20
      1.2210        61.92
      1.2220        61.86
      1.2230        61.59
      1.2240        61.55
      1.2250        61.33
      1.2260        61.16
      1.2270        60.98
      1.2280        60.93
      1.2290        61.14
      1.2300        61.21
      1.2310        61.18
      1.2320        61.17
      1.2330        61.16
      1.2340        61.21
      1.2350        61.38
      1.2360        61.48
      1.2370        61.40
      1.2380        61.72
      1.2390        62.03
      1.2400        62.12
      1.2410        62.50
      1.2420        62.52
      1.2430        62.79
      1.2440        62.79
      1.2450        63.15
      1.2460        63.50
      1.2470        63.75
      1.2480        63.86
      1.2490        64.04
      1.2500        64.14
      1.2510        64.25
      1.2520        64.38
      1.2530        64.68
      1.2540        64.88
      1.2550        65.09
      1.2560        65.32
      1.2570        65.47
      1.2580        65.59
      1.2590        65.58
      1.2600        65.72
      1.2610        65.84
      1.2620        66.03
      1.2630        66.19
      1.2640        66.46
      1.2650        66.52
      1.2660        66.48
      1.2670        66.48
      1.2680        66.68
      1.2690        66.63
      1.2700        66.78
      1.2710        66.98
      1.2720        67.01
      1.2730        66.87
      1.2740        66.94
      1.2750        66.81
      1.2760        66.66
      1.2770        66.66
      1.2780        66.63
      1.2790        66.82
      1.2800        66.84
      1.2810        66.90
      1.2820        66.89
      1.2830        66.77
      1.2840        66.86
      1.2850        66.92
      1.2860        67.00
      1.2870        67.03
      1.2880        66.87
      1.2890        66.83
      1.2900        66.64
      1.2910        66.55
      1.2920        66.64
      1.2930        66.59
      1.2940        66.49
      1.2950        66.47
      1.2960        66.46
      1.2970        66.50
      1.2980        66.55
      1.2990        66.31
      1.3000        66.05
      1.3010        65.74
      1.3020        65.58
      1.3030        65.45
      1.3040        65.25
      1.3050        64.85
      1.3060        64.73
      1.3070        64.58
      1.3080        64.62
      1.3090        64.61
      1.3100        64.50
      1.3110        64.47
      1.3120        64.42
      1.3130        64.45
      1.3140        64.31
      1.3150        64.29
      1.3160        64.33
      1.3170        64.30
      1.3180        64.12
      1.3190        64.26
      1.3200        64.50
      1.3210        64.61
      1.3220        64.58
      1.3230        64.68
      1.3240        64.82
      1.3250        64.98
      1.3260        65.18
      1.3270        65.34
      1.3280        65.38
      1.3290        65.44
      1.3300        65.57
      1.3310        65.49
      1.3320        65.42
      1.3330        65.51
      1.3340        65.67
      1.3350        65.82
      1.3360        65.86
      1.3370        65.96
      1.3380        66.10
      1.3390        66.01
      1.3400        66.00
      1.3410        66.22
      1.3420        66.12
      1.3430        66.17
      1.3440        66.16
      1.3450        66.19
      1.3460        66.17
      1.3470        66.21
      1.3480        66.26
      1.3490        66.16
      1.3500        66.08
      1.3510        66.06
      1.3520        66.09
      1.3530        66.00
      1.3540        65.93
      1.3550        65.94
      1.3560        65.87
      1.3570        65.79
      1.3580        65.60
      1.3590        65.54
      1.3600        65.50
      1.3610        65.39
      1.3620        65.55
      1.3630        65.59
      1.3640        65.48
      1.3650        65.60
      1.3660        65.43
      1.3670        65.20
      1.3680        64.96
      1.3690        65.07
      1.3700        65.05
      1.3710        64.97
      1.3720        64.85
      1.3730        64.73
      1.3740        64.72
      1.3750        64.47
      1.3760        64.40
      1.3770        64.22
      1.3780        64.13
      1.3790        63.97
      1.3800        63.73
      1.3810        63.42
      1.3820        63.16
      1.3830        62.95
      1.3840        62.87
      1.3850        62.39
      1.3860        62.17
      1.3870        62.12
      1.3880        62.06
      1.3890        61.78
      1.3900        61.66
      1.3910        61.62
      1.3920        61.49
      1.3930        61.22
      1.3940        60.85
      1.3950        60.72
      1.3960        60.61
      1.3970        60.67
      1.3980        60.49
      1.3990        60.40
      1.4000        60.35
      1.4010        60.46
      1.4020        60.46
      1.4030        60.48
      1.4040        60.46
      1.4050        60.73
      1.4060        60.80
      1.4070        60.82
      1.4080        60.88
      1.4090        60.90
      1.4100        60.88
      1.4110        60.93
      1.4120        61.01
      1.4130        61.27
      1.4140        61.56
      1.4150        61.70
      1.4160        61.87
      1.4170        61.86
      1.4180        62.04
      1.4190        62.29
      1.4200        62.36
      1.4210        62.28
      1.4220        62.46
      1.4230        62.48
      1.4240        62.45
      1.4250        62.35
      1.4260        62.46
      1.4270        62.30
      1.4280        62.22
      1.4290        62.27
      1.4300        62.35
      1.4310        62.18
      1.4320        62.07
      1.4330        62.02
      1.4340        61.68
      1.4350        61.60
      1.4360        61.29
      1.4370        61.10
      1.4380        61.04
      1.4390        60.81
      1.4400        60.70
      1.4410        60.61
      1.4420        60.34
      1.4430        60.20
      1.4440        60.09
      1.4450        59.95
      1.4460        59.72
      1.4470        59.67
      1.4480        59.50
      1.4490        59.19
      1.4500        58.85
      1.4510        58.69
      1.4520        58.52
      1.4530        58.24
      1.4540        58.34
      1.4550        58.06
      1.4560        58.01
      1.4570        57.95
      1.4580        57.73
      1.4590        57.61
      1.4600        57.42
      1.4610        57.13
      1.4620        57.03
      1.4630        56.83
      1.4640        56.56
      1.4650        56.38
      1.4660        56.32
      1.4670        56.17
      1.4680        56.00
      1.4690        55.95
      1.4700        56.03
      1.4710        56.21
      1.4720        56.20
      1.4730        56.21
      1.4740        56.15
      1.4750        56.35
      1.4760        56.36
      1.4770        56.27
      1.4780        56.34
      1.4790        56.27
      1.4800        56.34
      1.4810        56.56
      1.4820        56.66
      1.4830        56.83
      1.4840        56.95
      1.4850        57.16
      1.4860        57.29
      1.4870        57.38
      1.4880        57.48
      1.4890        57.65
      1.4900        57.68
      1.4910        57.61
      1.4920        57.68
      1.4930        57.88
      1.4940        57.91
      1.4950        57.94
      1.4960        58.00
      1.4970        58.19
      1.4980        58.18
      1.4990        58.31
      1.5000        58.43
      1.5010        58.25
      1.5020        58.23
      1.5030        58.16
      1.5040        58.19
      1.5050        58.11
      1.5060        57.76
      1.5070        57.67
      1.5080        57.59
      1.5090        57.49
      1.5100        57.41
      1.5110        57.17
      1.5120        57.14
      1.5130        56.85
      1.5140        56.66
      1.5150        56.50
      1.5160        56.18
      1.5170        55.79
      1.5180        55.67
      1.5190        55.47
      1.5200        55.08
      1.5210        55.01
      1.5220        54.83
      1.5230        54.61
      1.5240        54.49
      1.5250        54.34
      1.5260        54.24
      1.5270        54.21
      1.5280        54.20
      1.5290        54.06
      1.5300        53.86
      1.5310        53.75
      1.5320        53.47
      1.5330        53.31
      1.5340        53.23
      1.5350        53.00
      1.5360        52.95
      1.5370        52.95
      1.5380        52.68
      1.5390        52.48
      1.5400        52.37
      1.5410        52.32
      1.5420        52.16
      1.5430        51.92
      1.5440        51.82
      1.5450        51.57
      1.5460        51.37
      1.5470        51.07
      1.5480        50.79
      1.5490        50.52
      1.5500        50.33
      1.5510        50.17
      1.5520        50.09
      1.5530        50.01
      1.5540        49.89
      1.5550        49.85
      1.5560        49.70
      1.5570        49.54
      1.5580        49.61
      1.5590        49.64
      1.5600        49.65
      1.5610        49.50
      1.5620        49.51
      1.5630        49.74
      1.5640        49.54
      1.5650        49.61
      1.5660        49.84
      1.5670        49.96
      1.5680        50.19
      1.5690        50.27
      1.5700        50.43
      1.5710        50.55
      1.5720        50.51
      1.5730        50.59
      1.5740        50.57
      1.5750        50.51
      1.5760        50.69
      1.5770        50.80
      1.5780        50.72
      1.5790        50.72
      1.5800        50.69
      1.5810        50.73
      1.5820        50.63
      1.5830        50.42
      1.5840        50.42
      1.5850        50.34
      1.5860        50.13
      1.5870        50.02
      1.5880        49.85
      1.5890        49.56
      1.5900        49.41
      1.5910        49.18
      1.5920        49.01
      1.5930        48.72
      1.5940        48.62
      1.5950        48.37
      1.5960        48.03
      1.5970        47.80
      1.5980        47.51
      1.5990        47.13
      1.6000        46.98
      1.6010        46.66
      1.6020        46.53
      1.6030        46.27
      1.6040        46.05
      1.6050        45.93
      1.6060        45.74
      1.6070        45.38
      1.6080        45.18
      1.6090        45.29
      1.6100        45.05
      1.6110        45.03
      1.6120        45.06
      1.6130        44.87
      1.6140        44.65
      1.6150        44.67
      1.6160        44.52
      1.6170        44.35
      1.6180        44.32
      1.6190        44.30
      1.6200        44.00
      1.6210        43.95
      1.6220        43.80
      1.6230        43.73
      1.6240        43.80
      1.6250        43.50
      1.6260        43.43
      1.6270        43.45
      1.6280        43.14
      1.6290        42.91
      1.6300        42.77
      1.6310        42.58
      1.6320        42.31
      1.6330        42.23
      1.6340        42.03
      1.6350        41.74
      1.6360        41.60
      1.6370        41.43
      1.6380        41.09
      1.6390        40.94
      1.6400        40.91
      1.6410        40.80
      1.6420        40.69
      1.6430        40.46
      1.6440        40.27
      1.6450        40.35
      1.6460        40.23
      1.6470        40.11
      1.6480        40.11
      1.6490        40.05
      1.6500        39.92
      1.6510        39.86
      1.6520        39.76
      1.6530        39.76
      1.6540        39.60
      1.6550        39.64
      1.6560        39.42
      1.6570        39.38
      1.6580        39.39
      1.6590        39.23
      1.6600        38.94
      1.6610        38.85
      1.6620        38.59
      1.6630        38.48
      1.6640        38.22
      1.6650        37.98
      1.6660        37.82
      1.6670        37.74
      1.6680        37.43
      1.6690        37.23
      1.6700        37.05
      1.6710        36.69
      1.6720        36.48
      1.6730        36.23
      1.6740        36.11
      1.6750        35.85
      1.6760        35.73
      1.6770        35.42
      1.6780        35.45
      1.6790        35.39
      1.6800        35.37
      1.6810        35.15
      1.6820        35.04
      1.6830        34.88
      1.6840        34.80
      1.6850        34.68
      1.6860        34.51
      1.6870        34.31
      1.6880        34.36
      1.6890        34.28
      1.6900        34.23
      1.6910        34.31
      1.6920        34.16
      1.6930        34.18
      1.6940        34.10
      1.6950        33.95
      1.6960        33.87
      1.6970        33.81
      1.6980        33.59
      1.6990        33.49
      1.7000        33.40
      1.7010        33.29
      1.7020        33.22
      1.7030        33.21
      1.7040        33.07
      1.7050        33.09
      1.7060        33.06
      1.7070        32.98
      1.7080        32.82
      1.7090        32.55
      1.7100        32.50
      1.7110        32.24
      1.7120        32.14
      1.7130        31.92
      1.7140        31.73
      1.7150        31.62
      1.7160        31.50
      1.7170        31.38
      1.7180        31.18
      1.7190        31.00
      1.7200        30.85
      1.7210        30.66
      1.7220        30.51
      1.7230        30.23
      1.7240        30.00
      1.7250        29.52
      1.7260        29.21
      1.7270        28.99
      1.7280        28.83
      1.7290        28.78
      1.7300        28.64
      1.7310        28.62
      1.7320        28.45
      1.7330        28.21
      1.7340        28.05
      1.7350        27.78
      1.7360        27.61
      1.7370        27.52
      1.7380        27.35
      1.7390        27.15
      1.7400        27.10
      1.7410        26.95
      1.7420        26.72
      1.7430        26.70
      1.7440        26.62
      1.7450        26.51
      1.7460        26.48
      1.7470        26.33
      1.7480        26.21
      1.7490        26.14
      1.7500        26.01
      1.7510        25.87
      1.7520        25.74
      1.7530        25.67
      1.7540        25.50
      1.7550        25.38
      1.7560        25.34
      1.7570        25.25
      1.7580        25.10
      1.7590        25.01
      1.7600        24.79
      1.7610        24.66
      1.7620        24.64
      1.7630        24.39
      1.7640        24.19
      1.7650        24.18
      1.7660        24.02
      1.7670        23.81
      1.7680        23.65
      1.7690        23.48
      1.7700        23.25
      1.7710        23.03
      1.7720        22.92
      1.7730        22.81
      1.7740        22.94
      1.7750        22.74
      1.7760        22.50
      1.7770        22.36
      1.7780        22.43
      1.7790        22.58
      1.7800        22.55
      1.7810        22.44
      1.7820        22.45
      1.7830        22.43
      1.7840        22.31
      1.7850        22.27
      1.7860        22.07
      1.7870        22.08
      1.7880        21.96
      1.7890        21.80
      1.7900        21.90
      1.7910        21.80
      1.7920        21.72
      1.7930        21.49
      1.7940        21.22
      1.7950        21.14
      1.7960        21.07
      1.7970        20.80
      1.7980        20.56
      1.7990        20.14
      1.8000        19.89
      1.8010        19.79
      1.8020        19.46
      1.8030        19.28
      1.8040        19.14
      1.8050        18.98
      1.8060        18.97
      1.8070        18.77
      1.8080        18.59
      1.8090        18.48
      1.8100        18.11
      1.8110        17.92
      1.8120        17.79
      1.8130        17.57
      1.8140        17.24
      1.8150        17.27
      1.8160        17.15
      1.8170        17.09
      1.8180        16.91
      1.8190        16.85
      1.8200        16.68
      1.8210        16.49
      1.8220        16.26
      1.8230        16.17
      1.8240        16.23
      1.8250        15.94
      1.8260        15.56
      1.8270        15.49
      1.8280        15.37
      1.8290        15.13
      1.8300        14.98
      1.8310        14.84
      1.8320        14.63
      1.8330        14.69
      1.8340        14.74
      1.8350        14.60
      1.8360        14.45
      1.8370        14.29
      1.8380        14.11
      1.8390        13.83
      1.8400        13.90
      1.8410        13.60
      1.8420        13.62
      1.8430        13.46
      1.8440        13.23
      1.8450        13.18
      1.8460        13.18
      1.8470        12.95
      1.8480        12.91
      1.8490        12.87
      1.8500        12.71
      1.8510        12.69
      1.8520        12.69
      1.8530        12.68
      1.8540        12.54
      1.8550        12.41
      1.8560        12.35
      1.8570        12.27
      1.8580        12.30
      1.8590        12.35
      1.8600        12.14
      1.8610        12.28
      1.8620        12.27
      1.8630        12.30
      1.8640        12.16
      1.8650        12.15
      1.8660        12.14
      1.8670        12.14
      1.8680        12.06
      1.8690        11.77
      1.8700        11.84
      1.8710        11.73
      1.8720        11.59
      1.8730        11.36
      1.8740        11.36
      1.8750        11.34
      1.8760        11.18
      1.8770        11.18
      1.8780        11.06
      1.8790        10.85
      1.8800        10.80
      1.8810        10.68
      1.8820        10.37
      1.8830        10.16
      1.8840        10.09
      1.8850         9.88
      1.8860         9.82
      1.8870         9.63
      1.8880         9.42
      1.8890         9.49
      1.8900         9.42
      1.8910         9.41
      1.8920         9.34
      1.8930         9.31
      1.8940         9.23
      1.8950         9.23
      1.8960         9.27
      1.8970         9.19
      1.8980         9.14
      1.8990         9.09
      1.9000         8.97
      1.9010         8.89
      1.9020         9.04
      1.9030         9.02
      1.9040         8.92
      1.9050         8.99
      1.9060         8.97
      1.9070         8.90
      1.9080         8.95
      1.9090         9.03
      1.9100         8.88
      1.9110         8.69
      1.9120         8.73
      1.9130         8.65
      1.9140         8.50
      1.9150         8.44
      1.9160         8.31
      1.9170         8.17
      1.9180         8.14
      1.9190         8.09
      1.9200         8.05
      1.9210         7.97
      1.9220         7.71
      1.9230         7.56
      1.9240         7.51
      1.9250         7.39
      1.9260         7.18
      1.9270         7.18
      1.9280         7.00
      1.9290         6.82
      1.9300         6.76
      1.9310         6.72
      1.9320         6.54
      1.9330         6.50
      1.9340         6.48
      1.9350         6.40
      1.9360         6.23
      1.9370         6.16
      1.9380         6.09
      1.9390         6.05
      1.9400         5.92
      1.9410         5.98
      1.9420         6.05
      1.9430         6.10
      1.9440         6.16
      1.9450         6.03
      1.9460         6.03
      1.9470         5.93
      1.9480         5.87
      1.9490         5.93
      1.9500         5.83
      1.9510         5.92
      1.9520         5.87
      1.9530         5.88
      1.9540         5.81
      1.9550         5.71
      1.9560         5.82
      1.9570         5.82
      1.9580         5.63
      1.9590         5.51
      1.9600         5.58
      1.9610         5.41
      1.9620         5.28
      1.9630         4.64
      1.9640         4.45
      1.9650         4.47
      1.9660         4.34
      1.9670         4.83
      1.9680         4.68
      1.9690         4.41
      1.9700         4.33
      1.9710         4.09
      1.9720         3.94
      1.9730         3.77
      1.9740         3.13
      1.9750         2.97
      1.9760         2.89
      1.9770         2.73
      1.9780         2.55
      1.9790         2.62
      1.9800         2.49
      1.9810         1.91
      1.9820         1.90
      1.9830         1.89
      1.9840         2.43
      1.9850         1.86
      1.9860         2.50
      1.9870         1.90
      1.9880         2.02
      1.9890         2.46
      1.9900         2.40
      1.9910         2.27
      1.9920         2.34
      1.9930         2.32
      1.9940         2.27
      1.9950         2.23
      1.9960         1.96
      1.9970         1.93
      1.9980         2.01
      1.9990         1.90
      2.0000         1.82
      2.0010         1.79
      2.0020         1.65
      2.0030         1.00
      2.0040         1.00
      2.0050         1.00
      2.0060         1.00
      2.0070         1.00
      2.0080         1.00
      2.0090         1.00
      2.0100         1.00
      2.0110         1.00
      2.0120         1.00
      2.0130         1.00
      2.0140         1.00
      2.0150         1.00
      2.0160         1.00
      2.0170         1.00
      2.0180         1.00
      2.0190         1.00
      2.0200         1.00
      2.0210         1.00
      2.0220         1.00
      2.0230         1.00
      2.0240         1.00
      2.0250         1.00
      2.0260         1.00
      2.0270         1.00
      2.0280         1.00
      2.0290         1.00
      2.0300         1.00
      2.0310         1.00
      2.0320         1.00
      2.0330         1.00
      2.0340         1.00
      2.0350         1.00
      2.0360         1.00
      2.0370         1.00
      2.0380         1.00
      2.0390         1.00
      2.0400         1.00
      2.0410         1.00
      2.0420         1.00
      2.0430         1.00
      2.0440         1.00
      2.0450         1.00
      2.0460         1.00
      2.0470         1.00
      2.0480         1.00
      2.0490         1.00
      2.0500         1.00
      2.0510         1.00
      2.0520         1.00
      2.0530         1.00
      2.0540         1.00
      2.0550         1.00
      2.0560         1.00
      2.0570         1.00
      2.0580         1.00
      2.0590         1.00
      2.0600         1.00
      2.0610         1.00
      2.0620         1.00
      2.0630         1.00
      2.0640         1.00
      2.0650         1.00
      2.0660         1.00
      2.0670         1.00
      2.0680         1.00
      2.0690         1.00
      2.0700         1.00
      2.0710         1.00
      2.0720         1.00
      2.0730         1.00
      2.0740         1.00
      2.0750         1.00
      2.0760         1.00
      2.0770         1.00
      2.0780         1.00
      2.0790         1.00
      2.0800         1.00
      2.0810         1.00
      2.0820         1.00
      2.0830         1.00
      2.0840         1.00
      2.0850         1.00
      2.0860         1.00
      2.0870         1.00
      2.0880         1.00
      2.0890         1.00
      2.0900         1.00
      2.0910         1.00
      2.0920         1.00
      2.0930         1.00
      2.0940         1.00
      2.0950         1.00
      2.0960         1.00
      2.0970         1.00
      2.0980         1.00
      2.0990         1.00
      2.1000         1.00
      2.1010         1.00
      2.1020         1.00
      2.1030         1.00
      2.1040         1.00
      2.1050         1.00
      2.1060         1.00
      2.1070         1.00
      2.1080         1.00
      2.1090         1.00
      2.1100         1.00
      2.1110         1.00
      2.1120         1.00
      2.1130         1.00
      2.1140         1.00
      2.1150         1.00
      2.1160         1.00
      2.1170         1.00
      2.1180         1.00
      2.1190         1.00
      2.1200         1.00
      2.1210         1.00
      2.1220         1.00
      2.1230         1.00
      2.1240         1.00
      2.1250         1.00
      2.1260         1.00
      2.1270         1.00
      2.1280         1.00
      2.1290         1.00
      2.1300         1.00
      2.1310         1.00
      2.1320         1.00
      2.1330         1.00
      2.1340         1.00
      2.1350         1.00
      2.1360         1.00
      2.1370         1.00
      2.1380         1.00
      2.1390         1.00
      2.1400         1.00
      2.1410         1.00
      2.1420         1.00
      2.1430         1.00
      2.1440         1.00
      2.1450         1.00
      2.1460         1.00
      2.1470         1.00
      2.1480         1.00
      2.1490         1.00
      2.1500         1.00
      2.1510         1.00
      2.1520         1.00
      2.1530         1.00
      2.1540         1.00
      2.1550         1.00
      2.1560         1.00
      2.1570         1.00
      2.1580         1.00
      2.1590         1.00
      2.1600         1.00
      2.1610         1.00
      2.1620         1.00
      2.1630         1.00
      2.1640         1.00
      2.1650         1.00
      2.1660         1.00
      2.1670         1.00
      2.1680         1.00
      2.1690         1.00
      2.1700         1.00
      2.1710         1.00
      2.1720         1.00
      2.1730         1.00
      2.1740         1.00
      2.1750         1.00
      2.1760         1.00
      2.1770         1.00
      2.1780         1.00
      2.1790         1.00
      2.1800         1.00
      2.1810         1.00
      2.1820         1.00
      2.1830         1.00
      2.1840         1.00
      2.1850         1.00
      2.1860         1.00
      2.1870         1.00
      2.1880         1.00
      2.1890         1.00
      2.1900         1.00
      2.1910         1.00
      2.1920         1.00
      2.1930         1.00
      2.1940         1.00
      2.1950         1.00
      2.1960         1.00
      2.1970         1.00
      2.1980         1.00
      2.1990         1.00
      2.2000         1.00
      2.2010         1.00
      2.2020         1.00
      2.2030         1.00
      2.2040         1.00
      2.2050         1.00
      2.2060         1.00
      2.2070         1.00
      2.2080         1.00
      2.2090         1.00
      2.2100         1.00
      2.2110         1.00
      2.2120         1.00
      2.2130         1.00
      2.2140         1.00
      2.2150         1.00
      2.2160         1.00
      2.2170         1.00
      2.2180         1.00
      2.2190         1.00
      2.2200         1.00
      2.2210         1.00
      2.2220         1.00
      2.2230         1.00
      2.2240         1.00
      2.2250         1.00
      2.2260         1.00
      2.2270         1.00
      2.2280         1.00
      2.2290         1.00
      2.2300         1.00
      2.2310         1.00
      2.2320         1.00
      2.2330         1.00
      2.2340         1.00
      2.2350         1.00
      2.2360         1.00
      2.2370         1.00
      2.2380         1.00
      2.2390         1.00
      2.2400         1.00
      2.2410         1.00
      2.2420         1.00
      2.2430         1.00
      2.2440         1.00
      2.2450         1.00
      2.2460         1.00
      2.2470         1.00
      2.2480         1.00
      2.2490         1.00
      2.2500         1.00
      2.2510         1.00
      2.2520         1.00
      2.2530         1.00
      2.2540         1.00
      2.2550         1.00
      2.2560         1.00
      2.2570         1.00
      2.2580         1.00
      2.2590         1.00
      2.2600         1.00
      2.2610         1.00
      2.2620         1.00
      2.2630         1.00
      2.2640         1.00
      2.2650         1.00
      2.2660         1.00
      2.2670         1.00
      2.2680         1.00
      2.2690         1.00
      2.2700         1.00
      2.2710         1.00
      2.2720         1.00
      2.2730         1.00
      2.2740         1.00
      2.2750         1.00
      2.2760         1.00
      2.2770         1.00
      2.2780         1.00
      2.2790         1.00
      2.2800         1.00
      2.2810         1.00
      2.2820         1.00
      2.2830         1.00
      2.2840         1.00
      2.2850         1.00
      2.2860         1.00
      2.2870         1.00
      2.2880         1.00
      2.2890         1.00
      2.2900         1.00
      2.2910         1.00
      2.2920         1.00
      2.2930         1.00
      2.2940         1.00
      2.2950         1.00
      2.2960         1.00
      2.2970         1.00
      2.2980         1.00
      2.2990         1.00
      2.3000         1.00
      2.3010         1.00
      2.3020         1.00
      2.3030         1.00
      2.3040         1.00
      2.3050         1.00
      2.3060         1.00
      2.3070         1.00
      2.3080         1.00
      2.3090         1.00
      2.3100         1.00
      2.3110         1.00
      2.3120         1.00
      2.3130         1.00
      2.3140         1.00
      2.3150         1.00
      2.3160         1.00
      2.3170         1.00
      2.3180         1.00
      2.3190         1.00
      2.3200         1.00
      2.3210         1.00
      2.3220         1.00
      2.3230         1.00
      2.3240         1.00
      2.3250         1.00
      2.3260         1.00
      2.3270         1.00
      2.3280         1.00
      2.3290         1.00
      2.3300         1.00
      2.3310         1.00
      2.3320         1.00
      2.3330         1.00
      2.3340         1.00
      2.3350         1.00
      2.3360         1.00
      2.3370         1.00
      2.3380         1.00
      2.3390         1.00
      2.3400         1.00
      2.3410         1.00
      2.3420         1.00
      2.3430         1.00
      2.3440         1.00
      2.3450         1.00
      2.3460         1.00
      2.3470         1.00
      2.3480         1.00
      2.3490         1.00
      2.3500         1.00
      2.3510         1.00
      2.3520         1.00
      2.3530         1.00
      2.3540         1.00
      2.3550         1.00
      2.3560         1.00
      2.3570         1.00
      2.3580         1.00
      2.3590         1.00
      2.3600         1.00
      2.3610         1.00
      2.3620         1.00
      2.3630         1.00
      2.3640         1.00
      2.3650         1.00
      2.3660         1.00
      2.3670         1.00
      2.3680         1.00
      2.3690         1.00
      2.3700         1.00
      2.3710         1.00
      2.3720         1.00
      2.3730         1.00
      2.3740         1.00
      2.3750         1.00
      2.3760         1.00
      2.3770         1.00
      2.3780         1.00
      2.3790         1.00
      2.3800         1.00
      2.3810         1.00
      2.3820         1.00
      2.3830         1.00
      2.3840         1.00
      2.3850         1.00
      2.3860         1.00
      2.3870         1.00
      2.3880         1.00
      2.3890         1.00
      2.3900         1.00
      2.3910         1.00
      2.3920         1.00
      2.3930         1.00
      2.3940         1.00
      2.3950         1.00
      2.3960         1.00
      2.3970         1.00
      2.3980         1.00
      2.3990         1.00
      2.4000         1.00
      2.4010         1.00
      2.4020         1.00
      2.4030         1.00
      2.4040         1.00
      2.4050         1.00
      2.4060         1.00
      2.4070         1.00
      2.4080         1.00
      2.4090         1.00
      2.4100         1.00
      2.4110         1.00
      2.4120         1.00
      2.4130         1.00
      2.4140         1.00
      2.4150         1.00
      2.4160         1.00
      2.4170         1.00
      2.4180         1.00
      2.4190         1.00
      2.4200         1.00
      2.4210         1.00
      2.4220         1.00
      2.4230         1.00
      2.4240         1.00
      2.4250         1.00
      2.4260         1.00
      2.4270         1.00
      2.4280         1.00
      2.4290         1.00
      2.4300         1.00
      2.4310         1.00
      2.4320         1.00
      2.4330         1.00
      2.4340         1.00
      2.4350         1.00
      2.4360         1.00
      2.4370         1.00
      2.4380         1.00
      2.4390         1.00
      2.4400         1.00
      2.4410         1.00
      2.4420         1.00
      2.4430         1.00
      2.4440         1.00
      2.4450         1.00
      2.4460         1.00
      2.4470         1.00
      2.4480         1.00
      2.4490         1.00
      2.4500         1.00
      2.4510         1.00
      2.4520         1.00
      2.4530         1.00
      2.4540         1.00
      2.4550         1.00
      2.4560         1.00
      2.4570         1.00
      2.4580         1.00
      2.4590         1.00
      2.4600         1.00
      2.4610         1.00
      2.4620         1.00
      2.4630         1.00
      2.4640         1.00
      2.4650         1.00
      2.4660         1.00
      2.4670         1.00
      2.4680         1.00
      2.4690         1.00
      2.4700         1.00
      2.4710         1.00
      2.4720         1.00
      2.4730         1.00
      2.4740         1.00
      2.4750         1.00
      2.4760         1.00
      2.4770         1.00
      2.4780         1.00
      2.4790         1.00
      2.4800         1.00
      2.4810         1.00
      2.4820         1.00
      2.4830         1.00
      2.4840         1.00
      2.4850         1.00
      2.4860         1.00
      2.4870         1.00
      2.4880         1.00
      2.4890         1.00
      2.4900         1.00
      2.4910         1.00
      2.4920         1.00
      2.4930         1.00
      2.4940         1.00
      2.4950         1.00
      2.4960         1.00
      2.4970         1.00
      2.4980         1.00
      2.4990         1.00
      2.5000         1.00
      2.5010         1.00
      2.5020         1.00
      2.5030         1.00
      2.5040         1.00
      2.5050         1.00
      2.5060         1.00
      2.5070         1.00
      2.5080         1.00
      2.5090         1.00
      2.5100         1.00
      2.5110         1.00
      2.5120         1.00
      2.5130         1.00
      2.5140         1.00
      2.5150         1.00
      2.5160         1.00
      2.5170         1.00
      2.5180         1.00
      2.5190         1.00
      2.5200         1.00
      2.5210         1.00
      2.5220         1.00
      2.5230         1.00
      2.5240         1.00
      2.5250         1.00
      2.5260         1.00
      2.5270         1.00
      2.5280         1.00
      2.5290         1.00
      2.5300         1.00
      2.5310         1.00
      2.5320         1.00
      2.5330         1.00
      2.5340         1.00
      2.5350         1.00
      2.5360         1.00
      2.5370         1.00
      2.5380         1.00
      2.5390         1.00
      2.5400         1.00
      2.5410         1.00
      2.5420         1.00
      2.5430         1.00
      2.5440         1.00
      2.5450         1.00
      2.5460         1.00
      2.5470         1.00
      2.5480         1.00
      2.5490         1.00
      2.5500         1.00
      2.5510         1.00
      2.5520         1.00
      2.5530         1.00
      2.5540         1.00
      2.5550         1.00
      2.5560         1.00
      2.5570         1.00
      2.5580         1.00
      2.5590         1.00
      2.5600         1.00
      2.5610         1.00
      2.5620         1.00
      2.5630         1.00
      2.5640         1.00
      2.5650         1.00
      2.5660         1.00
      2.5670         1.00
      2.5680         1.00
      2.5690         1.00
      2.5700         1.00
      2.5710         1.00
      2.5720         1.00
      2.5730         1.00
      2.5740         1.00
      2.5750         1.00
      2.5760         1.00
      2.5770         1.00
      2.5780         1.00
      2.5790         1.00
      2.5800         1.00
      2.5810         1.00
      2.5820         1.00
      2.5830         1.00
      2.5840         1.00
      2.5850         1.00
      2.5860         1.00
      2.5870         1.00
      2.5880         1.00
      2.5890         1.00
      2.5900         1.00
      2.5910         1.00
      2.5920         1.00
      2.5930         1.00
      2.5940         1.00
      2.5950         1.00
      2.5960         1.00
      2.5970         1.00
      2.5980         1.00
      2.5990         1.00
      2.6000         1.00
      2.6010         1.00
      2.6020         1.00
      2.6030         1.00
      2.6040         1.00
      2.6050         1.00
      2.6060         1.00
      2.6070         1.00
      2.6080         1.00
      2.6090         1.00
      2.6100         1.00
      2.6110         1.00
      2.6120         1.00
      2.6130         1.00
      2.6140         1.00
      2.6150         1.00
      2.6160         1.00
      2.6170         1.00
      2.6180         1.00
      2.6190         1.00
      2.6200         1.00
      2.6210         1.00
      2.6220         1.00
      2.6230         1.00
      2.6240         1.00
      2.6250         1.00
      2.6260         1.00
      2.6270         1.00
      2.6280         1.00
      2.6290         1.00
      2.6300         1.00
      2.6310         1.00
      2.6320         1.00
      2.6330         1.00
      2.6340         1.00
      2.6350         1.00
      2.6360         1.00
      2.6370         1.00
      2.6380         1.00
      2.6390         1.00
      2.6400         1.00
      2.6410         1.00
      2.6420         1.00
      2.6430         1.00
      2.6440         1.00
      2.6450         1.00
      2.6460         1.00
      2.6470         1.00
      2.6480         1.00
      2.6490         1.00
      2.6500         1.00
      2.6510         1.00
      2.6520         1.00
      2.6530         1.00
      2.6540         1.00
      2.6550         1.00
      2.6560         1.00
      2.6570         1.00
      2.6580         1.00
      2.6590         1.00
      2.6600         1.00
      2.6610         1.00
      2.6620         1.00
      2.6630         1.00
      2.6640         1.00
      2.6650         1.00
      2.6660         1.00
      2.6670         1.00
      2.6680         1.00
      2.6690         1.00
      2.6700         1.00
      2.6710         1.00
      2.6720         1.00
      2.6730         1.00
      2.6740         1.00
      2.6750         1.00
      2.6760         1.00
      2.6770         1.00
      2.6780         1.00
      2.6790         1.00
      2.6800         1.00
      2.6810         1.00
      2.6820         1.00
      2.6830         1.00
      2.6840         1.00
      2.6850         1.00
      2.6860         1.00
      2.6870         1.00
      2.6880         1.00
      2.6890         1.00
      2.6900         1.00
      2.6910         1.00
      2.6920         1.00
      2.6930         1.00
      2.6940         1.00
      2.6950         1.00
      2.6960         1.00
      2.6970         1.00
      2.6980         1.00
      2.6990         1.00
      2.7000         1.00
      2.7010         1.00
      2.7020         1.00
      2.7030         1.00
      2.7040         1.00
      2.7050         1.00
      2.7060         1.00
      2.7070         1.00
      2.7080         1.00
      2.7090         1.00
      2.7100         1.00
      2.7110         1.00
      2.7120         1.00
      2.7130         1.00
      2.7140         1.00
      2.7150         1.00
      2.7160         1.00
      2.7170         1.00
      2.7180         1.00
      2.7190         1.00
      2.7200         1.00
      2.7210         1.00
      2.7220         1.00
      2.7230         1.00
      2.7240         1.00
      2.7250         1.00
      2.7260         1.00
      2.7270         1.00
      2.7280         1.00
      2.7290         1.00
      2.7300         1.00
      2.7310         1.00
      2.7320         1.00
      2.7330         1.00
      2.7340         1.00
      2.7350         1.00
      2.7360         1.00
      2.7370         1.00
      2.7380         1.00
      2.7390         1.00
      2.7400         1.00
      2.7410         1.00
      2.7420         1.00
      2.7430         1.00
      2.7440         1.00
      2.7450         1.00
      2.7460         1.00
      2.7470         1.00
      2.7480         1.00
      2.7490         1.00
      2.7500         1.00
      2.7510         1.00
      2.7520         1.00
      2.7530         1.00
      2.7540         1.00
      2.7550         1.00
      2.7560         1.00
      2.7570         1.00
      2.7580         1.00
      2.7590         1.00
      2.7600         1.00
      2.7610         1.00
      2.7620         1.00
      2.7630         1.00
      2.7640         1.00
      2.7650         1.00
      2.7660         1.00
      2.7670         1.00
      2.7680         1.00
      2.7690         1.00
      2.7700         1.00
      2.7710         1.00
      2.7720         1.00
      2.7730         1.00
      2.7740         1.00
      2.7750         1.00
      2.7760         1.00
      2.7770         1.00
      2.7780         1.00
      2.7790         1.00
      2.7800         1.00
      2.7810         1.00
      2.7820         1.00
      2.7830         1.00
      2.7840         1.00
      2.7850         1.00
      2.7860         1.00
      2.7870         1.00
      2.7880         1.00
      2.7890         1.00
      2.7900         1.00
      2.7910         1.00
      2.7920         1.00
      2.7930         1.00
      2.7940         1.00
      2.7950         1.00
      2.7960         1.00
      2.7970         1.00
      2.7980         1.00
      2.7990         1.00
      2.8000         1.00
      2.8010         1.00
      2.8020         1.00
      2.8030         1.00
      2.8040         1.00
      2.8050         1.00
      2.8060         1.00
      2.8070         1.00
      2.8080         1.00
      2.8090         1.00
      2.8100         1.00
      2.8110         1.00
      2.8120         1.00
      2.8130         1.00
      2.8140         1.00
      2.8150         1.00
      2.8160         1.00
      2.8170         1.00
      2.8180         1.00
      2.8190         1.00
      2.8200         1.00
      2.8210         1.00
      2.8220         1.00
      2.8230         1.00
      2.8240         1.00
      2.8250         1.00
      2.8260         1.00
      2.8270         1.00
      2.8280         1.00
      2.8290         1.00
      2.8300         1.00
      2.8310         1.00
      2.8320         1.00
      2.8330         1.00
      2.8340         1.00
      2.8350         1.00
      2.8360         1.00
      2.8370         1.00
      2.8380         1.00
      2.8390         1.00
      2.8400         1.00
      2.8410         1.00
      2.8420         1.00
      2.8430         1.00
      2.8440         1.00
      2.8450         1.00
      2.8460         1.00
      2.8470         1.00
      2.8480         1.00
      2.8490         1.00
      2.8500         1.00
      2.8510         1.00
      2.8520         1.00
      2.8530         1.00
      2.8540         1.00
      2.8550         1.00
      2.8560         1.00
      2.8570         1.00
      2.8580         1.00
      2.8590         1.00
      2.8600         1.00
      2.8610         1.00
      2.8620         1.00
      2.8630         1.00
      2.8640         1.00
      2.8650         1.00
      2.8660         1.00
      2.8670         1.00
      2.8680         1.00
      2.8690         1.00
      2.8700         1.00
      2.8710         1.00
      2.8720         1.00
      2.8730         1.00
      2.8740         1.00
      2.8750         1.00
      2.8760         1.00
      2.8770         1.00
      2.8780         1.00
      2.8790         1.00
      2.8800         1.00
      2.8810         1.00
      2.8820         1.00
      2.8830         1.00
      2.8840         1.00
      2.8850         1.00
      2.8860         1.00
      2.8870         1.00
      2.8880         1.00
      2.8890         1.00
      2.8900         1.00
      2.8910         1.00
      2.8920         1.00
      2.8930         1.00
      2.8940         1.00
      2.8950         1.00
      2.8960         1.00
      2.8970         1.00
      2.8980         1.00
      2.8990         1.00
      2.9000         1.00
      2.9010         1.00
      2.9020         1.00
      2.9030         1.00
      2.9040         1.00
      2.9050         1.00
      2.9060         1.00
      2.9070         1.00
      2.9080         1.00
      2.9090         1.00
      2.9100         1.00
      2.9110         1.00
      2.9120         1.00
      2.9130         1.00
      2.9140         1.00
      2.9150         1.00
      2.9160         1.00
      2.9170         1.00
      2.9180         1.00
      2.9190         1.00
      2.9200         1.00
      2.9210         1.00
      2.9220         1.00
      2.9230         1.00
      2.9240         1.00
      2.9250         1.00
      2.9260         1.00
      2.9270         1.00
      2.9280         1.00
      2.9290         1.00
      2.9300         1.00
      2.9310         1.00
      2.9320         1.00
      2.9330         1.00
      2.9340         1.00
      2.9350         1.00
      2.9360         1.00
      2.9370         1.00
      2.9380         1.00
      2.9390         1.00
      2.9400         1.00
      2.9410         1.00
      2.9420         1.00
      2.9430         1.00
      2.9440         1.00
      2.9450         1.00
      2.9460         1.00
      2.9470         1.00
      2.9480         1.00
      2.9490         1.00
      2.9500         1.00
      2.9510         1.00
      2.9520         1.00
      2.9530         1.00
      2.9540         1.00
      2.9550         1.00
      2.9560         1.00
      2.9570         1.00
      2.9580         1.00
      2.9590         1.00
      2.9600         1.00
      2.9610         1.00
      2.9620         1.00
      2.9630         1.00
      2.9640         1.00
      2.9650         1.00
      2.9660         1.00
      2.9670         1.00
      2.9680         1.00
      2.9690         1.00
      2.9700         1.00
      2.9710         1.00
      2.9720         1.00
      2.9730         1.00
      2.9740         1.00
      2.9750         1.00
      2.9760         1.00
      2.9770         1.00
      2.9780         1.00
      2.9790         1.00
      2.9800         1.00
      2.9810         1.00
      2.9820         1.00
      2.9830         1.00
      2.9840         1.00
      2.9850         1.00
      2.9860         1.00
      2.9870         1.00
      2.9880         1.00
      2.9890         1.00
      2.9900         1.00
      2.9910         1.00
      2.9920         1.00
      2.9930         1.00
      2.9940         1.00
      2.9950         1.00
      2.9960         1.00
      2.9970         1.00
      2.9980         1.00
      2.9990         1.00
