        Time   Palpation Force
      0.0000         1.00
      0.0010         1.00
      0.0020         1.00
      0.0030         1.00
      0.0040         1.00
      0.0050         1.00
      0.0060         1.00
      0.0070         1.00
      0.0080         1.00
      0.0090         1.00
      0.0100         1.00
      0.0110         1.00
      0.0120         1.00
      0.0130         1.00
      0.0140         1.00
      0.0150         1.00
      0.0160         1.00
      0.0170         1.00
      0.0180         1.00
      0.0190         1.00
      0.0200         1.00
      0.0210         1.00
      0.0220         1.00
      0.0230         1.00
      0.0240         1.00
      0.0250         1.00
      0.0260         1.00
      0.0270         1.00
      0.0280         1.00
      0.0290         1.00
      0.0300         1.00
      0.0310         1.00
      0.0320         1.00
      0.0330         1.00
      0.0340         1.00
      0.0350         1.00
      0.0360         1.00
      0.0370         1.00
      0.0380         1.00
      0.0390         1.00
      0.0400         1.00
      0.0410         1.00
      0.0420         1.00
      0.0430         1.00
      0.0440         1.00
      0.0450         1.00
      0.0460         1.00
      0.0470         1.00
      0.0480         1.00
      0.0490         1.00
      0.0500         1.00
      0.0510         1.00
      0.0520         1.00
      0.0530         1.00
      0.0540         1.00
      0.0550         1.00
      0.0560         1.00
      0.0570         1.00
      0.0580         1.00
      0.0590         1.00
      0.0600         1.00
      0.0610         1.00
      0.0620         1.00
      0.0630         1.00
      0.0640         1.00
      0.0650         1.00
      0.0660         1.00
      0.0670         1.00
      0.0680         1.00
      0.0690         1.00
      0.0700         1.00
      0.0710         1.00
      0.0720         1.00
      0.0730         1.00
      0.0740         1.00
      0.0750         1.00
      0.0760         1.00
      0.0770         1.00
      0.0780         1.00
      0.0790         1.00
      0.0800         1.00
      0.0810         1.00
      0.0820         1.00
      0.0830         1.00
      0.0840         1.00
      0.0850         1.00
      0.0860         1.00
      0.0870         1.00
      0.0880         1.00
      0.0890         1.00
      0.0900         1.00
      0.0910         1.00
      0.0920         1.00
      0.0930         1.00
      0.0940         1.00
      0.0950         1.00
      0.0960         1.00
      0.0970         1.00
      0.0980         1.00
      0.0990         1.00
      0.1000         1.00
      0.1010         1.00
      0.1020         1.00
      0.1030         1.00
      0.1040         1.00
      0.1050         1.00
      0.1060         1.00
      0.1070         1.00
      0.1080         1.00
      0.1090         1.00
      0.1100         1.00
      0.1110         1.00
      0.1120         1.00
      0.1130         1.00
      0.1140         1.00
      0.1150         1.00
      0.1160         1.00
      0.1170         1.00
      0.1180         1.00
      0.1190         1.00
      0.1200         1.00
      0.1210         1.00
      0.1220         1.00
      0.1230         1.00
      0.1240         1.00
      0.1250         1.00
      0.1260         1.00
      0.1270         1.00
      0.1280         1.00
      0.1290         1.00
      0.1300         1.00
      0.1310         1.00
      0.1320         1.00
      0.1330         1.00
      0.1340         1.00
      0.1350         1.00
      0.1360         1.00
      0.1370         1.00
      0.1380         1.00
      0.1390         1.00
      0.1400         1.00
      0.1410         1.00
      0.1420         1.00
      0.1430         1.00
      0.1440         1.00
      0.1450         1.00
      0.1460         1.00
      0.1470         1.00
      0.1480         1.00
      0.1490         1.00
      0.1500         1.00
      0.1510         1.00
      0.1520         1.00
      0.1530         1.00
      0.1540         1.00
      0.1550         1.00
      0.1560         1.00
      0.1570         1.00
      0.1580         1.00
      0.1590         1.00
      0.1600         1.00
      0.1610         1.00
      0.1620         1.00
      0.1630         1.00
      0.1640         1.00
      0.1650         1.00
      0.1660         1.00
      0.1670         1.00
      0.1680         1.00
      0.1690         1.00
      0.1700         1.00
      0.1710         1.00
      0.1720         1.00
      0.1730         1.00
      0.1740         1.00
      0.1750         1.00
      0.1760         1.00
      0.1770         1.00
      0.1780         1.00
      0.1790         1.00
      0.1800         1.00
      0.1810         1.00
      0.1820         1.00
      0.1830         1.00
      0.1840         1.00
      0.1850         1.00
      0.1860         1.00
      0.1870         1.00
      0.1880         1.00
      0.1890         1.00
      0.1900         1.00
      0.1910         1.00
      0.1920         1.00
      0.1930         1.00
      0.1940         1.00
      0.1950         1.00
      0.1960         1.00
      0.1970         1.00
      0.1980         1.00
      0.1990         1.00
      0.2000         1.00
      0.2010         1.00
      0.2020         1.18
      0.2030         1.00
      0.2040         1.00
      0.2050         1.00
      0.2060         1.00
      0.2070         1.00
      0.2080         1.00
      0.2090         1.00
      0.2100         1.00
      0.2110         1.00
      0.2120         1.00
      0.2130         1.00
      0.2140         1.00
      0.2150         1.00
      0.2160         1.00
      0.2170         1.00
      0.2180         1.00
      0.2190         1.00
      0.2200         1.00
      0.2210         1.00
      0.2220         1.00
      0.2230         1.00
      0.2240         1.00
      0.2250         1.00
      0.2260         1.00
      0.2270         1.00
      0.2280         1.00
      0.2290         1.00
      0.2300         1.00
      0.2310         1.00
      0.2320         1.00
      0.2330         1.00
      0.2340         1.00
      0.2350         1.00
      0.2360         1.00
      0.2370         1.00
      0.2380         1.00
      0.2390         1.00
      0.2400         1.00
      0.2410         1.00
      0.2420         1.00
      0.2430         1.00
      0.2440         1.00
      0.2450         1.03
      0.2460         1.11
      0.2470         1.09
      0.2480         1.05
      0.2490         1.00
      0.2500         1.07
      0.2510         1.07
      0.2520         1.05
      0.2530         1.00
      0.2540         1.00
      0.2550         1.00
      0.2560         1.00
      0.2570         1.00
      0.2580         1.00
      0.2590         1.00
      0.2600         1.00
      0.2610         1.00
      0.2620         1.00
      0.2630         1.00
      0.2640         1.00
      0.2650         1.00
      0.2660         1.00
      0.2670         1.00
      0.2680         1.00
      0.2690         1.00
      0.2700         1.00
      0.2710         1.00
      0.2720         1.00
      0.2730         1.00
      0.2740         1.00
      0.2750         1.00
      0.2760         1.00
      0.2770         1.00
      0.2780         1.00
      0.2790         1.00
      0.2800         1.00
      0.2810         1.00
      0.2820         1.00
      0.2830         1.00
      0.2840         1.00
      0.2850         1.00
      0.2860         1.00
      0.2870         1.00
      0.2880         1.00
      0.2890         1.00
      0.2900         1.00
      0.2910         1.00
      0.2920         1.00
      0.2930         1.00
      0.2940         1.00
      0.2950         1.00
      0.2960         1.00
      0.2970         1.00
      0.2980         1.00
      0.2990         1.00
      0.3000         1.00
      0.3010         1.00
      0.3020         1.00
      0.3030         1.00
      0.3040         1.00
      0.3050         1.00
      0.3060         1.00
      0.3070         1.00
      0.3080         1.00
      0.3090         1.00
      0.3100         1.00
      0.3110         1.00
      0.3120         1.00
      0.3130         1.00
      0.3140         1.00
      0.3150         1.00
      0.3160         1.00
      0.3170         1.00
      0.3180         1.00
      0.3190         1.00
      0.3200         1.00
      0.3210         1.00
      0.3220         1.00
      0.3230         1.00
      0.3240         1.00
      0.3250         1.00
      0.3260         1.00
      0.3270         1.00
      0.3280         1.00
      0.3290         1.00
      0.3300         1.00
      0.3310         1.00
      0.3320         1.00
      0.3330         1.00
      0.3340         1.00
      0.3350         1.00
      0.3360         1.00
      0.3370         1.00
      0.3380         1.00
      0.3390         1.00
      0.3400         1.00
      0.3410         1.00
      0.3420         1.00
      0.3430         1.00
      0.3440         1.00
      0.3450         1.00
      0.3460         1.00
      0.3470         1.00
      0.3480         1.00
      0.3490         1.00
      0.3500         1.00
      0.3510         1.00
      0.3520         1.00
      0.3530         1.00
      0.3540         1.00
      0.3550         1.00
      0.3560         1.00
      0.3570         1.00
      0.3580         1.00
      0.3590         1.00
      0.3600         1.00
      0.3610         1.00
      0.3620         1.00
      0.3630         1.00
      0.3640         1.00
      0.3650         1.00
      0.3660         1.00
      0.3670         1.00
      0.3680         1.00
      0.3690         1.00
      0.3700         1.00
      0.3710         1.00
      0.3720         1.00
      0.3730         1.00
      0.3740         1.00
      0.3750         1.00
      0.3760         1.00
      0.3770         1.00
      0.3780         1.00
      0.3790         1.00
      0.3800         1.00
      0.3810         1.00
      0.3820         1.00
      0.3830         1.00
      0.3840         1.00
      0.3850         1.00
      0.3860         1.00
      0.3870         1.00
      0.3880         1.00
      0.3890         1.00
      0.3900         1.00
      0.3910         1.00
      0.3920         1.00
      0.3930         1.00
      0.3940         1.00
      0.3950         1.00
      0.3960         1.00
      0.3970         1.00
      0.3980         1.00
      0.3990         1.00
      0.4000         1.00
      0.4010         1.00
      0.4020         1.00
      0.4030         1.00
      0.4040         1.00
      0.4050         1.00
      0.4060         1.00
      0.4070         1.00
      0.4080         1.00
      0.4090         1.00
      0.4100         1.00
      0.4110         1.00
      0.4120         1.00
      0.4130         1.00
      0.4140         1.00
      0.4150         1.00
      0.4160         1.00
      0.4170         1.00
      0.4180         1.00
      0.4190         1.00
      0.4200         1.00
      0.4210         1.00
      0.4220         1.00
      0.4230         1.00
      0.4240         1.00
      0.4250         1.00
      0.4260         1.00
      0.4270         1.00
      0.4280         1.00
      0.4290         1.00
      0.4300         1.00
      0.4310         1.00
      0.4320         1.00
      0.4330         1.00
      0.4340         1.00
      0.4350         1.00
      0.4360         1.00
      0.4370         1.00
      0.4380         1.00
      0.4390         1.00
      0.4400         1.00
      0.4410         1.00
      0.4420         1.00
      0.4430         1.00
      0.4440         1.00
      0.4450         1.00
      0.4460         1.00
      0.4470         1.00
      0.4480         1.00
      0.4490         1.00
      0.4500         1.00
      0.4510         1.00
      0.4520         1.00
      0.4530         1.00
      0.4540         1.00
      0.4550         1.00
      0.4560         1.00
      0.4570         1.00
      0.4580         1.00
      0.4590         1.07
      0.4600         1.00
      0.4610         1.00
      0.4620         1.00
      0.4630         1.00
      0.4640         1.00
      0.4650         1.00
      0.4660         1.00
      0.4670         1.00
      0.4680         1.00
      0.4690         1.00
      0.4700         1.00
      0.4710         1.00
      0.4720         1.00
      0.4730         1.00
      0.4740         1.00
      0.4750         1.00
      0.4760         1.00
      0.4770         1.00
      0.4780         1.00
      0.4790         1.00
      0.4800         1.00
      0.4810         1.00
      0.4820         1.00
      0.4830         1.00
      0.4840         1.00
      0.4850         1.00
      0.4860         1.00
      0.4870         1.00
      0.4880         1.00
      0.4890         1.00
      0.4900         1.00
      0.4910         1.00
      0.4920         1.00
      0.4930         1.00
      0.4940         1.00
      0.4950         1.00
      0.4960         1.00
      0.4970         1.00
      0.4980         1.00
      0.4990         1.00
      0.5000         1.00
      0.5010         1.00
      0.5020         1.00
      0.5030         1.00
      0.5040         1.00
      0.5050         1.00
      0.5060         1.00
      0.5070         1.00
      0.5080         1.00
      0.5090         1.00
      0.5100         1.00
      0.5110         1.00
      0.5120         1.00
      0.5130         1.00
      0.5140         1.00
      0.5150         1.00
      0.5160         1.00
      0.5170         1.00
      0.5180         1.00
      0.5190         1.00
      0.5200         1.00
      0.5210         1.00
      0.5220         1.00
      0.5230         1.00
      0.5240         1.00
      0.5250         1.00
      0.5260         1.00
      0.5270         1.00
      0.5280         1.00
      0.5290         1.00
      0.5300         1.00
      0.5310         1.00
      0.5320         1.00
      0.5330         1.00
      0.5340         1.00
      0.5350         1.00
      0.5360         1.00
      0.5370         1.00
      0.5380         1.00
      0.5390         1.00
      0.5400         1.00
      0.5410         1.00
      0.5420         1.00
      0.5430         1.00
      0.5440         1.00
      0.5450         1.00
      0.5460         1.00
      0.5470         1.00
      0.5480         1.00
      0.5490         1.00
      0.5500         1.00
      0.5510         1.00
      0.5520         1.00
      0.5530         1.00
      0.5540         1.00
      0.5550         1.00
      0.5560         1.00
      0.5570         1.00
      0.5580         1.00
      0.5590         1.00
      0.5600         1.00
      0.5610         1.00
      0.5620         1.00
      0.5630         1.00
      0.5640         1.00
      0.5650         1.00
      0.5660         1.00
      0.5670         1.00
      0.5680         1.00
      0.5690         1.00
      0.5700         1.00
      0.5710         1.00
      0.5720         1.00
      0.5730         1.00
      0.5740         1.00
      0.5750         1.00
      0.5760         1.00
      0.5770         1.00
      0.5780         1.00
      0.5790         1.00
      0.5800         1.00
      0.5810         1.00
      0.5820         1.00
      0.5830         1.00
      0.5840         1.00
      0.5850         1.00
      0.5860         1.00
      0.5870         1.00
      0.5880         1.00
      0.5890         1.00
      0.5900         1.00
      0.5910         1.00
      0.5920         1.00
      0.5930         1.00
      0.5940         1.00
      0.5950         1.00
      0.5960         1.00
      0.5970         1.00
      0.5980         1.00
      0.5990         1.00
      0.6000         1.00
      0.6010         1.00
      0.6020         1.00
      0.6030         1.00
      0.6040         1.00
      0.6050         1.00
      0.6060         1.00
      0.6070         1.00
      0.6080         1.00
      0.6090         1.00
      0.6100         1.00
      0.6110         1.00
      0.6120         1.00
      0.6130         1.00
      0.6140         1.00
      0.6150         1.00
      0.6160         1.00
      0.6170         1.00
      0.6180         1.00
      0.6190         1.00
      0.6200         1.00
      0.6210         1.00
      0.6220         1.00
      0.6230         1.00
      0.6240         1.00
      0.6250         1.00
      0.6260         1.00
      0.6270         1.00
      0.6280         1.00
      0.6290         1.00
      0.6300         1.00
      0.6310         1.00
      0.6320         1.00
      0.6330         1.00
      0.6340         1.00
      0.6350         1.00
      0.6360         1.00
      0.6370         1.00
      0.6380         1.00
      0.6390         1.00
      0.6400         1.00
      0.6410         1.00
      0.6420         1.00
      0.6430         1.00
      0.6440         1.00
      0.6450         1.00
      0.6460         1.00
      0.6470         1.00
      0.6480         1.00
      0.6490         1.00
      0.6500         1.00
      0.6510         1.00
      0.6520         1.00
      0.6530         1.00
      0.6540         1.00
      0.6550         1.00
      0.6560         1.06
      0.6570         1.00
      0.6580         1.00
      0.6590         1.00
      0.6600         1.00
      0.6610         1.00
      0.6620         1.00
      0.6630         1.00
      0.6640         1.00
      0.6650         1.00
      0.6660         1.00
      0.6670         1.00
      0.6680         1.00
      0.6690         1.00
      0.6700         1.00
      0.6710         1.00
      0.6720         1.00
      0.6730         1.00
      0.6740         1.00
      0.6750         1.00
      0.6760         1.00
      0.6770         1.00
      0.6780         1.00
      0.6790         1.00
      0.6800         1.00
      0.6810         1.00
      0.6820         1.00
      0.6830         1.00
      0.6840         1.00
      0.6850         1.00
      0.6860         1.00
      0.6870         1.00
      0.6880         1.00
      0.6890         1.00
      0.6900         1.00
      0.6910         1.00
      0.6920         1.00
      0.6930         1.00
      0.6940         1.00
      0.6950         1.00
      0.6960         1.00
      0.6970         1.00
      0.6980         1.00
      0.6990         1.00
      0.7000         1.00
      0.7010         1.00
      0.7020         1.00
      0.7030         1.06
      0.7040         1.03
      0.7050         1.00
      0.7060         1.00
      0.7070         1.00
      0.7080         1.00
      0.7090         1.00
      0.7100         1.00
      0.7110         1.00
      0.7120         1.00
      0.7130         1.00
      0.7140         1.00
      0.7150         1.00
      0.7160         1.00
      0.7170         1.00
      0.7180         1.00
      0.7190         1.00
      0.7200         1.00
      0.7210         1.00
      0.7220         1.00
      0.7230         1.00
      0.7240         1.00
      0.7250         1.00
      0.7260         1.00
      0.7270         1.00
      0.7280         1.00
      0.7290         1.00
      0.7300         1.00
      0.7310         1.00
      0.7320         1.00
      0.7330         1.00
      0.7340         1.00
      0.7350         1.00
      0.7360         1.00
      0.7370         1.00
      0.7380         1.00
      0.7390         1.00
      0.7400         1.00
      0.7410         1.00
      0.7420         1.00
      0.7430         1.00
      0.7440         1.00
      0.7450         1.00
      0.7460         1.00
      0.7470         1.00
      0.7480         1.00
      0.7490         1.00
      0.7500         1.00
      0.7510         1.00
      0.7520         1.00
      0.7530         1.00
      0.7540         1.00
      0.7550         1.00
      0.7560         1.00
      0.7570         1.00
      0.7580         1.00
      0.7590         1.00
      0.7600         1.00
      0.7610         1.00
      0.7620         1.00
      0.7630         1.00
      0.7640         1.00
      0.7650         1.00
      0.7660         1.00
      0.7670         1.00
      0.7680         1.00
      0.7690         1.00
      0.7700         1.00
      0.7710         1.00
      0.7720         1.00
      0.7730         1.00
      0.7740         1.00
      0.7750         1.00
      0.7760         1.00
      0.7770         1.00
      0.7780         1.00
      0.7790         1.00
      0.7800         1.00
      0.7810         1.00
      0.7820         1.27
      0.7830         1.79
      0.7840         1.82
      0.7850         1.79
      0.7860         1.76
      0.7870         1.70
      0.7880         1.26
      0.7890         1.00
      0.7900         1.00
      0.7910         1.00
      0.7920         1.00
      0.7930         1.00
      0.7940         1.00
      0.7950         1.00
      0.7960         1.00
      0.7970         1.00
      0.7980         1.00
      0.7990         1.00
      0.8000         1.00
      0.8010         1.00
      0.8020         1.00
      0.8030         1.00
      0.8040         1.00
      0.8050         1.00
      0.8060         1.00
      0.8070         1.00
      0.8080         1.00
      0.8090         1.00
      0.8100         1.00
      0.8110         1.00
      0.8120         1.00
      0.8130         1.00
      0.8140         1.00
      0.8150         1.00
      0.8160         1.00
      0.8170         1.00
      0.8180         1.00
      0.8190         1.00
      0.8200         1.00
      0.8210         1.00
      0.8220         1.00
      0.8230         1.00
      0.8240         1.00
      0.8250         1.00
      0.8260         1.00
      0.8270         1.00
      0.8280         1.00
      0.8290         1.00
      0.8300         1.00
      0.8310         1.00
      0.8320         1.00
      0.8330         1.00
      0.8340         1.00
      0.8350         1.00
      0.8360         1.00
      0.8370         1.00
      0.8380         1.00
      0.8390         1.00
      0.8400         1.00
      0.8410         1.00
      0.8420         1.00
      0.8430         1.00
      0.8440         1.00
      0.8450         1.00
      0.8460         1.00
      0.8470         1.00
      0.8480         1.00
      0.8490         1.00
      0.8500         1.00
      0.8510         1.00
      0.8520         1.00
      0.8530         1.00
      0.8540         1.00
      0.8550         1.00
      0.8560         1.00
      0.8570         1.00
      0.8580         1.00
      0.8590         1.00
      0.8600         1.00
      0.8610         1.00
      0.8620         1.00
      0.8630         1.25
      0.8640         1.00
      0.8650         1.00
      0.8660         1.00
      0.8670         1.00
      0.8680         1.00
      0.8690         1.00
      0.8700         1.00
      0.8710         1.00
      0.8720         1.00
      0.8730         1.00
      0.8740         1.00
      0.8750         1.00
      0.8760         1.00
      0.8770         1.00
      0.8780         1.00
      0.8790         1.00
      0.8800         1.00
      0.8810         1.00
      0.8820         1.00
      0.8830         1.00
      0.8840         1.00
      0.8850         1.00
      0.8860         1.00
      0.8870         1.00
      0.8880         1.00
      0.8890         1.00
      0.8900         1.00
      0.8910         1.00
      0.8920         1.00
      0.8930         1.00
      0.8940         1.00
      0.8950         1.00
      0.8960         1.00
      0.8970         1.00
      0.8980         1.00
      0.8990         1.00
      0.9000         1.00
      0.9010         1.00
      0.9020         1.00
      0.9030         1.00
      0.9040         1.00
      0.9050         1.04
      0.9060         1.00
      0.9070         1.00
      0.9080         1.20
      0.9090         1.23
      0.9100         1.25
      0.9110         1.28
      0.9120         1.31
      0.9130         1.27
      0.9140         1.34
      0.9150         1.28
      0.9160         1.13
      0.9170         1.00
      0.9180         1.00
      0.9190         1.00
      0.9200         1.00
      0.9210         1.00
      0.9220         1.00
      0.9230         1.00
      0.9240         1.00
      0.9250         1.00
      0.9260         1.00
      0.9270         1.00
      0.9280         1.00
      0.9290         1.00
      0.9300         1.00
      0.9310         1.00
      0.9320         1.00
      0.9330         1.00
      0.9340         1.00
      0.9350         1.00
      0.9360         1.00
      0.9370         1.00
      0.9380         1.00
      0.9390         1.00
      0.9400         1.00
      0.9410         1.00
      0.9420         1.00
      0.9430         1.00
      0.9440         1.00
      0.9450         1.00
      0.9460         1.00
      0.9470         1.00
      0.9480         1.00
      0.9490         1.00
      0.9500         1.00
      0.9510         1.00
      0.9520         1.00
      0.9530         1.00
      0.9540         1.00
      0.9550         1.00
      0.9560         1.00
      0.9570         1.00
      0.9580         1.00
      0.9590         1.00
      0.9600         1.00
      0.9610         1.00
      0.9620         1.00
      0.9630         1.00
      0.9640         1.00
      0.9650         1.00
      0.9660         1.00
      0.9670         1.00
      0.9680         1.00
      0.9690         1.00
      0.9700         1.00
      0.9710         1.00
      0.9720         1.00
      0.9730         1.00
      0.9740         1.00
      0.9750         1.00
      0.9760         1.00
      0.9770         1.00
      0.9780         1.00
      0.9790         1.00
      0.9800         1.00
      0.9810         1.00
      0.9820         1.00
      0.9830         1.00
      0.9840         1.00
      0.9850         1.00
      0.9860         1.00
      0.9870         1.00
      0.9880         1.00
      0.9890         1.00
      0.9900         1.00
      0.9910         1.00
      0.9920         1.00
      0.9930         1.00
      0.9940         1.00
      0.9950         1.13
      0.9960         1.03
      0.9970         1.03
      0.9980         1.00
      0.9990         1.00
      1.0000         1.00
      1.0010         1.00
      1.0020         1.00
      1.0030         1.00
      1.0040         1.00
      1.0050         1.00
      1.0060         1.00
      1.0070         1.00
      1.0080         1.00
      1.0090         1.00
      1.0100         1.00
      1.0110         1.00
      1.0120         1.00
      1.0130         1.00
      1.0140         1.00
      1.0150         1.00
      1.0160         1.00
      1.0170         1.00
      1.0180         1.00
      1.0190         1.00
      1.0200         1.00
      1.0210         1.00
      1.0220         1.00
      1.0230         1.00
      1.0240         1.00
      1.0250         1.00
      1.0260         1.00
      1.0270         1.00
      1.0280         1.00
      1.0290         1.00
      1.0300         1.24
      1.0310         1.19
      1.0320         1.29
      1.0330         1.23
      1.0340         1.32
      1.0350         1.00
      1.0360         1.24
      1.0370         1.31
      1.0380         1.78
      1.0390         1.26
      1.0400         1.29
      1.0410         1.00
      1.0420         1.00
      1.0430         1.00
      1.0440         1.00
      1.0450         1.00
      1.0460         1.00
      1.0470         1.00
      1.0480         1.00
      1.0490         1.00
      1.0500         1.00
      1.0510         1.00
      1.0520         1.00
      1.0530         1.00
      1.0540         1.00
      1.0550         1.00
      1.0560         1.00
      1.0570         1.00
      1.0580         1.00
      1.0590         1.00
      1.0600         1.00
      1.0610         1.00
      1.0620         1.00
      1.0630         1.00
      1.0640         1.00
      1.0650         1.00
      1.0660         1.00
      1.0670         1.00
      1.0680         1.00
      1.0690         1.00
      1.0700         1.00
      1.0710         1.00
      1.0720         1.00
      1.0730         1.00
      1.0740         1.00
      1.0750         1.00
      1.0760         1.00
      1.0770         1.00
      1.0780         1.00
      1.0790         1.00
      1.0800         1.00
      1.0810         1.00
      1.0820         1.00
      1.0830         1.00
      1.0840         1.00
      1.0850         1.00
      1.0860         1.00
      1.0870         1.00
      1.0880         1.00
      1.0890         1.00
      1.0900         1.00
      1.0910         1.00
      1.0920         1.00
      1.0930         1.00
      1.0940         1.00
      1.0950         1.00
      1.0960         1.00
      1.0970         1.00
      1.0980         1.00
      1.0990         1.00
      1.1000         1.00
      1.1010         1.00
      1.1020         1.00
      1.1030         1.00
      1.1040         1.00
      1.1050         1.00
      1.1060         1.00
      1.1070         1.00
      1.1080         1.00
      1.1090         1.00
      1.1100         1.00
      1.1110         1.00
      1.1120         1.00
      1.1130         1.00
      1.1140         1.00
      1.1150         1.00
      1.1160         1.00
      1.1170         1.00
      1.1180         1.00
      1.1190         1.00
      1.1200         1.00
      1.1210         1.00
      1.1220         1.00
      1.1230         1.00
      1.1240         1.00
      1.1250         1.00
      1.1260         1.00
      1.1270         1.00
      1.1280         1.00
      1.1290         1.00
      1.1300         1.00
      1.1310         1.00
      1.1320         1.00
      1.1330         1.00
      1.1340         1.00
      1.1350         1.00
      1.1360         1.00
      1.1370         1.00
      1.1380         1.00
      1.1390         1.00
      1.1400         1.00
      1.1410         1.00
      1.1420         1.00
      1.1430         1.00
      1.1440         1.00
      1.1450         1.00
      1.1460         1.00
      1.1470         1.00
      1.1480         1.00
      1.1490         1.00
      1.1500         1.00
      1.1510         1.00
      1.1520         1.00
      1.1530         1.00
      1.1540         1.00
      1.1550         1.00
      1.1560         1.00
      1.1570         1.00
      1.1580         1.00
      1.1590         1.00
      1.1600         1.00
      1.1610         1.00
      1.1620         1.00
      1.1630         1.00
      1.1640         1.00
      1.1650         1.00
      1.1660         1.00
      1.1670         1.00
      1.1680         1.00
      1.1690         1.00
      1.1700         1.00
      1.1710         1.00
      1.1720         1.00
      1.1730         1.00
      1.1740         1.00
      1.1750         1.00
      1.1760         1.00
      1.1770         1.00
      1.1780         1.00
      1.1790         1.00
      1.1800         1.00
      1.1810         1.00
      1.1820         1.00
      1.1830         1.00
      1.1840         1.00
      1.1850         1.00
      1.1860         1.00
      1.1870         1.00
      1.1880         1.22
      1.1890         1.32
      1.1900         1.42
      1.1910         1.52
      1.1920         1.62
      1.1930         1.74
      1.1940         1.99
      1.1950         2.20
      1.1960         2.21
      1.1970         2.28
      1.1980         2.32
      1.1990         2.46
      1.2000         2.50
      1.2010         3.14
      1.2020         3.27
      1.2030         3.31
      1.2040         3.34
      1.2050         3.43
      1.2060         3.53
      1.2070         3.41
      1.2080         3.26
      1.2090         2.77
      1.2100         2.77
      1.2110         2.86
      1.2120         2.83
      1.2130         2.86
      1.2140         2.78
      1.2150         2.67
      1.2160         2.59
      1.2170         2.62
      1.2180         2.58
      1.2190         2.60
      1.2200         2.55
      1.2210         2.51
      1.2220         2.44
      1.2230         2.42
      1.2240         2.55
      1.2250         2.56
      1.2260         2.60
      1.2270         2.72
      1.2280         2.88
      1.2290         2.96
      1.2300         2.92
      1.2310         3.47
      1.2320         3.59
      1.2330         3.55
      1.2340         3.70
      1.2350         4.48
      1.2360         4.59
      1.2370         4.63
      1.2380         4.66
      1.2390         4.69
      1.2400         4.26
      1.2410         4.96
      1.2420         5.06
      1.2430         5.10
      1.2440         4.41
      1.2450         4.41
      1.2460         3.76
      1.2470         3.80
      1.2480         3.86
      1.2490         4.38
      1.2500         3.93
      1.2510         4.02
      1.2520         4.02
      1.2530         4.01
      1.2540         4.02
      1.2550         4.06
      1.2560         4.12
      1.2570         4.01
      1.2580         4.02
      1.2590         3.97
      1.2600         4.09
      1.2610         4.05
      1.2620         4.20
      1.2630         4.28
      1.2640         4.85
      1.2650         4.38
      1.2660         5.09
      1.2670         5.13
      1.2680         5.17
      1.2690         5.34
      1.2700         6.11
      1.2710         6.25
      1.2720         6.38
      1.2730         6.70
      1.2740         6.86
      1.2750         6.92
      1.2760         7.16
      1.2770         7.44
      1.2780         7.58
      1.2790         7.83
      1.2800         8.02
      1.2810         8.18
      1.2820         8.22
      1.2830         8.28
      1.2840         8.37
      1.2850         8.32
      1.2860         8.26
      1.2870         8.34
      1.2880         8.65
      1.2890         8.62
      1.2900         8.62
      1.2910         8.57
      1.2920         8.46
      1.2930         8.67
      1.2940         8.72
      1.2950         8.73
      1.2960         8.65
      1.2970         8.79
      1.2980         8.69
      1.2990         8.70
      1.3000         8.73
      1.3010         8.82
      1.3020         8.94
      1.3030         9.01
      1.3040         9.25
      1.3050         9.48
      1.3060         9.68
      1.3070         9.92
      1.3080         9.76
      1.3090        10.11
      1.3100        10.39
      1.3110        10.57
      1.3120        10.91
      1.3130        10.95
      1.3140        11.11
      1.3150        11.51
      1.3160        11.75
      1.3170        11.89
      1.3180        12.21
      1.3190        12.56
      1.3200        12.67
      1.3210        12.60
      1.3220        12.87
      1.3230        13.17
      1.3240        13.19
      1.3250        13.29
      1.3260        13.58
      1.3270        13.61
      1.3280        13.87
      1.3290        13.82
      1.3300        13.89
      1.3310        13.93
      1.3320        13.85
      1.3330        13.89
      1.3340        14.07
      1.3350        14.07
      1.3360        14.06
      1.3370        14.14
      1.3380        14.19
      1.3390        14.14
      1.3400        14.21
      1.3410        14.50
      1.3420        14.45
      1.3430        14.51
      1.3440        14.71
      1.3450        14.85
      1.3460        14.94
      1.3470        15.21
      1.3480        15.36
      1.3490        15.62
      1.3500        15.73
      1.3510        16.11
      1.3520        16.34
      1.3530        16.69
      1.3540        16.81
      1.3550        17.07
      1.3560        17.24
      1.3570        17.55
      1.3580        17.86
      1.3590        18.10
      1.3600        18.22
      1.3610        18.46
      1.3620        18.64
      1.3630        18.85
      1.3640        19.07
      1.3650        19.32
      1.3660        19.30
      1.3670        19.49
      1.3680        19.64
      1.3690        19.74
      1.3700        19.86
      1.3710        19.82
      1.3720        20.03
      1.3730        20.07
      1.3740        20.24
      1.3750        20.28
      1.3760        20.41
      1.3770        20.37
      1.3780        20.52
      1.3790        20.70
      1.3800        20.87
      1.3810        20.98
      1.3820        21.02
      1.3830        20.98
      1.3840        21.06
      1.3850        21.22
      1.3860        21.46
      1.3870        21.63
      1.3880        21.78
      1.3890        21.99
      1.3900        22.16
      1.3910        22.31
      1.3920        22.42
      1.3930        22.69
      1.3940        22.94
      1.3950        23.28
      1.3960        23.55
      1.3970        23.97
      1.3980        24.23
      1.3990        24.50
      1.4000        24.77
      1.4010        24.94
      1.4020        25.40
      1.4030        25.81
      1.4040        26.04
      1.4050        26.15
      1.4060        26.27
      1.4070        26.36
      1.4080        26.53
      1.4090        26.73
      1.4100        27.03
      1.4110        27.35
      1.4120        27.51
      1.4130        27.65
      1.4140        27.69
      1.4150        27.67
      1.4160        27.93
      1.4170        27.94
      1.4180        27.83
      1.4190        27.83
      1.4200        27.99
      1.4210        28.21
      1.4220        28.36
      1.4230        28.42
      1.4240        28.58
      1.4250        28.84
      1.4260        29.17
      1.4270        29.32
      1.4280        29.67
      1.4290        29.87
      1.4300        30.07
      1.4310        30.22
      1.4320        30.62
      1.4330        30.77
      1.4340        31.00
      1.4350        31.32
      1.4360        31.41
      1.4370        31.70
      1.4380        32.04
      1.4390        32.37
      1.4400        32.53
      1.4410        32.80
      1.4420        32.84
      1.4430        33.10
      1.4440        33.33
      1.4450        33.51
      1.4460        33.68
      1.4470        33.92
      1.4480        33.88
      1.4490        34.07
      1.4500        34.11
      1.4510        34.42
      1.4520        34.42
      1.4530        34.69
      1.4540        34.62
      1.4550        34.69
      1.4560        34.89
      1.4570        34.85
      1.4580        34.97
      1.4590        35.00
      1.4600        35.09
      1.4610        35.12
      1.4620        35.23
      1.4630        35.24
      1.4640        35.34
      1.4650        35.47
      1.4660        35.45
      1.4670        35.54
      1.4680        35.73
      1.4690        35.86
      1.4700        36.01
      1.4710        36.08
      1.4720        36.24
      1.4730        36.43
      1.4740        36.67
      1.4750        36.71
      1.4760        36.72
      1.4770        37.04
      1.4780        37.27
      1.4790        37.39
      1.4800        37.62
      1.4810        37.78
      1.4820        38.01
      1.4830        38.17
      1.4840        38.30
      1.4850        38.36
      1.4860        38.57
      1.4870        38.66
      1.4880        38.69
      1.4890        38.73
      1.4900        38.77
      1.4910        38.77
      1.4920        38.94
      1.4930        38.70
      1.4940        38.83
      1.4950        38.97
      1.4960        39.10
      1.4970        39.02
      1.4980        38.85
      1.4990        39.01
      1.5000        39.01
      1.5010        38.95
      1.5020        38.99
      1.5030        38.98
      1.5040        38.97
      1.5050        39.02
      1.5060        39.11
      1.5070        39.17
      1.5080        39.33
      1.5090        39.39
      1.5100        39.62
      1.5110        39.66
      1.5120        39.73
      1.5130        39.95
      1.5140        40.05
      1.5150        40.22
      1.5160        40.35
      1.5170        40.46
      1.5180        40.77
      1.5190        40.95
      1.5200        41.22
      1.5210        41.45
      1.5220        41.44
      1.5230        41.62
      1.5240        41.74
      1.5250        41.80
      1.5260        41.76
      1.5270        41.92
      1.5280        41.82
      1.5290        41.70
      1.5300        41.74
      1.5310        41.91
      1.5320        41.93
      1.5330        41.93
      1.5340        41.74
      1.5350        41.75
      1.5360        41.73
      1.5370        41.73
      1.5380        41.66
      1.5390        41.52
      1.5400        41.38
      1.5410        41.31
      1.5420        41.28
      1.5430        41.30
      1.5440        41.23
      1.5450        41.35
      1.5460        41.43
      1.5470        41.36
      1.5480        41.37
      1.5490        41.39
      1.5500        41.27
      1.5510        41.17
      1.5520        41.01
      1.5530        41.05
      1.5540        41.22
      1.5550        41.17
      1.5560        41.33
      1.5570        41.52
      1.5580        41.62
      1.5590        41.64
      1.5600        41.58
      1.5610        41.66
      1.5620        41.95
      1.5630        41.89
      1.5640        41.96
      1.5650        41.99
      1.5660        41.98
      1.5670        42.00
      1.5680        42.09
      1.5690        42.28
      1.5700        42.34
      1.5710        42.37
      1.5720        42.41
      1.5730        42.50
      1.5740        42.62
      1.5750        42.60
      1.5760        42.37
      1.5770        42.32
      1.5780        42.25
      1.5790        42.05
      1.5800        41.97
      1.5810        41.88
      1.5820        41.64
      1.5830        41.69
      1.5840        41.69
      1.5850        41.80
      1.5860        41.80
      1.5870        41.78
      1.5880        41.76
      1.5890        41.76
      1.5900        41.73
      1.5910        41.76
      1.5920        41.76
      1.5930        41.75
      1.5940        41.67
      1.5950        41.80
      1.5960        41.85
      1.5970        41.73
      1.5980        41.88
      1.5990        42.08
      1.6000        42.20
      1.6010        42.32
      1.6020        42.49
      1.6030        42.71
      1.6040        42.79
      1.6050        42.61
      1.6060        42.73
      1.6070        42.96
      1.6080        43.18
      1.6090        43.19
      1.6100        43.27
      1.6110        43.34
      1.6120        43.38
      1.6130        43.41
      1.6140        43.38
      1.6150        43.30
      1.6160        43.27
      1.6170        43.38
      1.6180        43.26
      1.6190        43.22
      1.6200        43.14
      1.6210        42.98
      1.6220        42.83
      1.6230        42.74
      1.6240        42.71
      1.6250        42.59
      1.6260        42.43
      1.6270        42.21
      1.6280        41.95
      1.6290        41.97
      1.6300        41.92
      1.6310        41.80
      1.6320        41.85
      1.6330        41.69
      1.6340        41.64
      1.6350        41.60
      1.6360        41.68
      1.6370        41.61
      1.6380        41.52
      1.6390        41.65
      1.6400        41.84
      1.6410        41.99
      1.6420        42.10
      1.6430        42.11
      1.6440        42.05
      1.6450        42.28
      1.6460        42.42
      1.6470        42.43
      1.6480        42.67
      1.6490        42.67
      1.6500        42.78
      1.6510        42.87
      1.6520        42.80
      1.6530        42.92
      1.6540        43.11
      1.6550        43.33
      1.6560        43.33
      1.6570        43.39
      1.6580        43.47
      1.6590        43.51
      1.6600        43.51
      1.6610        43.50
      1.6620        43.54
      1.6630        43.42
      1.6640        43.56
      1.6650        43.58
      1.6660        43.38
      1.6670        43.37
      1.6680        43.25
      1.6690        43.22
      1.6700        43.24
      1.6710        43.07
      1.6720        43.13
      1.6730        43.30
      1.6740        43.42
      1.6750        43.37
      1.6760        43.30
      1.6770        43.22
      1.6780        43.32
      1.6790        43.22
      1.6800        43.26
      1.6810        43.37
      1.6820        43.37
      1.6830        43.44
      1.6840        43.53
      1.6850        43.46
      1.6860        43.73
      1.6870        43.93
      1.6880        44.03
      1.6890        43.88
      1.6900        43.87
      1.6910        44.04
      1.6920        44.28
      1.6930        44.17
      1.6940        43.85
      1.6950        43.78
      1.6960        43.93
      1.6970        43.99
      1.6980        43.85
      1.6990        43.91
      1.7000        43.83
      1.7010        43.67
      1.7020        43.55
      1.7030        43.43
      1.7040        43.37
      1.7050        43.36
      1.7060        43.16
      1.7070        42.93
      1.7080        42.79
      1.7090        42.95
      1.7100        42.76
      1.7110        42.78
      1.7120        42.50
      1.7130        42.42
      1.7140        42.45
      1.7150        42.46
      1.7160        42.40
      1.7170        42.49
      1.7180        42.54
      1.7190        42.50
      1.7200        42.60
      1.7210        42.57
      1.7220        42.69
      1.7230        42.89
      1.7240        42.86
      1.7250        42.85
      1.7260        43.00
      1.7270        43.13
      1.7280        43.41
      1.7290        43.53
      1.7300        43.67
      1.7310        43.73
      1.7320        43.90
      1.7330        43.95
      1.7340        43.98
      1.7350        43.98
      1.7360        43.90
      1.7370        43.83
      1.7380        43.98
      1.7390        43.96
      1.7400        43.81
      1.7410        43.83
      1.7420        43.82
      1.7430        43.81
      1.7440        43.74
      1.7450        43.69
      1.7460        43.66
      1.7470        43.70
      1.7480        43.40
      1.7490        43.29
      1.7500        43.26
      1.7510        43.22
      1.7520        43.12
      1.7530        42.99
      1.7540        43.03
      1.7550        42.87
      1.7560        42.87
      1.7570        42.82
      1.7580        42.59
      1.7590        42.52
      1.7600        42.49
      1.7610        42.64
      1.7620        42.59
      1.7630        42.48
      1.7640        42.52
      1.7650        42.49
      1.7660        42.52
      1.7670        42.48
      1.7680        42.61
      1.7690        42.61
      1.7700        42.67
      1.7710        42.53
      1.7720        42.49
      1.7730        42.51
      1.7740        42.55
      1.7750        42.69
      1.7760        42.71
      1.7770        42.71
      1.7780        42.77
      1.7790        42.86
      1.7800        42.82
      1.7810        42.60
      1.7820        42.51
      1.7830        42.51
      1.7840        42.32
      1.7850        42.19
      1.7860        41.97
      1.7870        41.89
      1.7880        41.83
      1.7890        41.64
      1.7900        41.41
      1.7910        41.40
      1.7920        41.31
      1.7930        41.32
      1.7940        41.24
      1.7950        41.15
      1.7960        41.28
      1.7970        41.21
      1.7980        41.23
      1.7990        41.17
      1.8000        41.28
      1.8010        41.31
      1.8020        41.37
      1.8030        41.36
      1.8040        41.49
      1.8050        41.70
      1.8060        41.79
      1.8070        41.86
      1.8080        41.92
      1.8090        42.04
      1.8100        42.39
      1.8110        42.43
      1.8120        42.55
      1.8130        42.63
      1.8140        42.66
      1.8150        42.61
      1.8160        42.53
      1.8170        42.67
      1.8180        42.86
      1.8190        42.93
      1.8200        42.93
      1.8210        42.93
      1.8220        42.92
      1.8230        42.80
      1.8240        42.77
      1.8250        42.77
      1.8260        42.75
      1.8270        42.71
      1.8280        42.69
      1.8290        42.69
      1.8300        42.34
      1.8310        42.47
      1.8320        42.35
      1.8330        42.24
      1.8340        42.26
      1.8350        42.31
      1.8360        42.36
      1.8370        42.27
      1.8380        42.00
      1.8390        42.00
      1.8400        41.77
      1.8410        41.69
      1.8420        41.78
      1.8430        41.92
      1.8440        41.87
      1.8450        41.91
      1.8460        41.94
      1.8470        41.91
      1.8480        41.98
      1.8490        41.88
      1.8500        41.97
      1.8510        41.89
      1.8520        42.05
      1.8530        41.99
      1.8540        42.01
      1.8550        42.07
      1.8560        41.95
      1.8570        42.03
      1.8580        42.14
      1.8590        42.08
      1.8600        42.23
      1.8610        42.33
      1.8620        42.23
      1.8630        42.10
      1.8640        42.07
      1.8650        42.03
      1.8660        41.91
      1.8670        41.87
      1.8680        41.68
      1.8690        41.66
      1.8700        41.70
      1.8710        41.66
      1.8720        41.60
      1.8730        41.56
      1.8740        41.46
      1.8750        41.40
      1.8760        41.39
      1.8770        41.21
      1.8780        41.05
      1.8790        41.02
      1.8800        40.95
      1.8810        41.05
      1.8820        41.10
      1.8830        41.14
      1.8840        41.19
      1.8850        41.16
      1.8860        41.39
      1.8870        41.46
      1.8880        41.51
      1.8890        41.71
      1.8900        41.78
      1.8910        41.87
      1.8920        41.91
      1.8930        42.06
      1.8940        42.17
      1.8950        42.19
      1.8960        42.21
      1.8970        42.28
      1.8980        42.43
      1.8990        42.58
      1.9000        42.72
      1.9010        42.62
      1.9020        42.62
      1.9030        42.78
      1.9040        42.79
      1.9050        42.82
      1.9060        42.70
      1.9070        42.59
      1.9080        42.59
      1.9090        42.47
      1.9100        42.34
      1.9110        42.26
      1.9120        42.20
      1.9130        42.11
      1.9140        42.04
      1.9150        42.08
      1.9160        42.20
      1.9170        42.21
      1.9180        42.05
      1.9190        41.93
      1.9200        41.93
      1.9210        42.00
      1.9220        41.97
      1.9230        41.73
      1.9240        41.58
      1.9250        41.62
      1.9260        41.62
      1.9270        41.73
      1.9280        41.74
      1.9290        41.81
      1.9300        41.99
      1.9310        42.00
      1.9320        42.05
      1.9330        42.15
      1.9340        42.16
      1.9350        42.14
      1.9360        42.03
      1.9370        42.00
      1.9380        42.08
      1.9390        42.08
      1.9400        41.99
      1.9410        42.04
      1.9420        41.95
      1.9430        42.08
      1.9440        42.18
      1.9450        42.19
      1.9460        42.19
      1.9470        42.18
      1.9480        42.16
      1.9490        42.11
      1.9500        42.03
      1.9510        42.07
      1.9520        42.06
      1.9530        41.92
      1.9540        41.76
      1.9550        41.75
      1.9560        41.67
      1.9570        41.70
      1.9580        41.72
      1.9590        41.68
      1.9600        41.70
      1.9610        41.52
      1.9620        41.67
      1.9630        41.59
      1.9640        41.63
      1.9650        41.44
      1.9660        41.47
      1.9670        41.53
      1.9680        41.54
      1.9690        41.49
      1.9700        41.59
      1.9710        41.47
      1.9720        41.47
      1.9730        41.55
      1.9740        41.78
      1.9750        41.81
      1.9760        41.84
      1.9770        41.81
      1.9780        41.63
      1.9790        41.60
      1.9800        41.60
      1.9810        41.72
      1.9820        41.68
      1.9830        41.72
      1.9840        41.61
      1.9850        41.63
      1.9860        41.56
      1.9870        41.41
      1.9880        41.29
      1.9890        41.18
      1.9900        40.94
      1.9910        40.84
      1.9920        40.76
      1.9930        40.63
      1.9940        40.45
      1.9950        40.36
      1.9960        40.36
      1.9970        40.25
      1.9980        40.29
      1.9990        40.29
      2.0000        40.12
      2.0010        39.90
      2.0020        39.82
      2.0030        39.80
      2.0040        39.76
      2.0050        39.80
      2.0060        39.70
      2.0070        39.71
      2.0080        39.79
      2.0090        39.80
      2.0100        39.83
      2.0110        39.76
      2.0120        39.85
      2.0130        39.99
      2.0140        40.15
      2.0150        40.22
      2.0160        40.40
      2.0170        40.55
      2.0180        40.55
      2.0190        40.63
      2.0200        40.74
      2.0210        40.81
      2.0220        40.79
      2.0230        40.89
      2.0240        41.03
      2.0250        41.09
      2.0260        41.22
      2.0270        41.25
      2.0280        41.25
      2.0290        41.26
      2.0300        41.37
      2.0310        41.57
      2.0320        41.48
      2.0330        41.41
      2.0340        41.22
      2.0350        41.27
      2.0360        41.07
      2.0370        41.10
      2.0380        41.18
      2.0390        41.13
      2.0400        41.21
      2.0410        41.22
      2.0420        41.30
      2.0430        41.24
      2.0440        41.24
      2.0450        41.33
      2.0460        41.21
      2.0470        41.17
      2.0480        41.24
      2.0490        41.32
      2.0500        41.27
      2.0510        41.16
      2.0520        41.21
      2.0530        41.31
      2.0540        41.39
      2.0550        41.32
      2.0560        41.35
      2.0570        41.37
      2.0580        41.45
      2.0590        41.43
      2.0600        41.38
      2.0610        41.55
      2.0620        41.48
      2.0630        41.53
      2.0640        41.57
      2.0650        41.49
      2.0660        41.57
      2.0670        41.61
      2.0680        41.46
      2.0690        41.36
      2.0700        41.34
      2.0710        41.30
      2.0720        41.20
      2.0730        41.22
      2.0740        41.16
      2.0750        41.12
      2.0760        41.10
      2.0770        40.81
      2.0780        40.66
      2.0790        40.59
      2.0800        40.51
      2.0810        40.23
      2.0820        40.22
      2.0830        40.22
      2.0840        40.00
      2.0850        39.76
      2.0860        39.69
      2.0870        39.65
      2.0880        39.68
      2.0890        39.70
      2.0900        39.65
      2.0910        39.80
      2.0920        39.89
      2.0930        39.75
      2.0940        39.83
      2.0950        39.84
      2.0960        39.84
      2.0970        40.08
      2.0980        40.11
      2.0990        40.12
      2.1000        40.21
      2.1010        40.36
      2.1020        40.38
      2.1030        40.39
      2.1040        40.56
      2.1050        40.63
      2.1060        40.80
      2.1070        40.87
      2.1080        41.00
      2.1090        41.03
      2.1100        41.08
      2.1110        41.00
      2.1120        40.95
      2.1130        41.08
      2.1140        41.03
      2.1150        40.94
      2.1160        40.84
      2.1170        40.72
      2.1180        40.71
      2.1190        40.72
      2.1200        40.54
      2.1210        40.47
      2.1220        40.39
      2.1230        40.19
      2.1240        40.13
      2.1250        40.24
      2.1260        40.13
      2.1270        40.17
      2.1280        39.99
      2.1290        39.99
      2.1300        40.00
      2.1310        39.90
      2.1320        39.82
      2.1330        39.80
      2.1340        39.98
      2.1350        40.15
      2.1360        40.21
      2.1370        40.07
      2.1380        40.18
      2.1390        40.27
      2.1400        40.49
      2.1410        40.62
      2.1420        40.72
      2.1430        40.89
      2.1440        40.84
      2.1450        40.77
      2.1460        40.82
      2.1470        40.73
      2.1480        40.76
      2.1490        40.85
      2.1500        40.84
      2.1510        40.94
      2.1520        40.97
      2.1530        40.93
      2.1540        40.85
      2.1550        40.63
      2.1560        40.55
      2.1570        40.66
      2.1580        40.50
      2.1590        40.31
      2.1600        40.27
      2.1610        40.08
      2.1620        39.96
      2.1630        39.89
      2.1640        39.88
      2.1650        39.81
      2.1660        39.57
      2.1670        39.45
      2.1680        39.49
      2.1690        39.35
      2.1700        39.29
      2.1710        39.25
      2.1720        39.34
      2.1730        39.28
      2.1740        39.24
      2.1750        39.39
      2.1760        39.35
      2.1770        39.31
      2.1780        39.23
      2.1790        39.28
      2.1800        39.28
      2.1810        39.45
      2.1820        39.52
      2.1830        39.60
      2.1840        39.61
      2.1850        39.57
      2.1860        39.64
      2.1870        39.69
      2.1880        39.60
      2.1890        39.60
      2.1900        39.53
      2.1910        39.50
      2.1920        39.33
      2.1930        39.18
      2.1940        39.06
      2.1950        39.03
      2.1960        39.11
      2.1970        38.94
      2.1980        38.94
      2.1990        38.91
      2.2000        38.75
      2.2010        38.51
      2.2020        38.40
      2.2030        38.07
      2.2040        38.03
      2.2050        38.11
      2.2060        38.21
      2.2070        38.15
      2.2080        38.20
      2.2090        38.15
      2.2100        38.24
      2.2110        38.07
      2.2120        38.08
      2.2130        38.20
      2.2140        38.09
      2.2150        37.99
      2.2160        37.88
      2.2170        38.07
      2.2180        38.20
      2.2190        38.19
      2.2200        38.24
      2.2210        38.40
      2.2220        38.54
      2.2230        38.69
      2.2240        38.57
      2.2250        38.52
      2.2260        38.35
      2.2270        38.41
      2.2280        38.29
      2.2290        38.35
      2.2300        38.33
      2.2310        38.65
      2.2320        38.57
      2.2330        38.56
      2.2340        38.60
      2.2350        38.47
      2.2360        38.51
      2.2370        38.56
      2.2380        38.54
      2.2390        38.58
      2.2400        38.49
      2.2410        38.29
      2.2420        38.17
      2.2430        38.09
      2.2440        38.00
      2.2450        37.95
      2.2460        38.01
      2.2470        37.92
      2.2480        37.97
      2.2490        37.95
      2.2500        37.69
      2.2510        37.39
      2.2520        37.56
      2.2530        37.56
      2.2540        37.71
      2.2550        37.85
      2.2560        37.75
      2.2570        37.60
      2.2580        37.45
      2.2590        37.47
      2.2600        37.52
      2.2610        37.62
      2.2620        37.71
      2.2630        37.82
      2.2640        37.86
      2.2650        37.87
      2.2660        37.86
      2.2670        37.86
      2.2680        37.77
      2.2690        37.71
      2.2700        37.76
      2.2710        37.91
      2.2720        37.88
      2.2730        37.79
      2.2740        37.64
      2.2750        37.69
      2.2760        37.79
      2.2770        37.85
      2.2780        37.88
      2.2790        37.68
      2.2800        37.70
      2.2810        37.64
      2.2820        37.42
      2.2830        37.34
      2.2840        37.52
      2.2850        37.49
      2.2860        37.34
      2.2870        37.18
      2.2880        37.17
      2.2890        37.09
      2.2900        37.07
      2.2910        36.89
      2.2920        36.73
      2.2930        36.80
      2.2940        36.77
      2.2950        36.55
      2.2960        36.45
      2.2970        36.26
      2.2980        36.09
      2.2990        36.10
      2.3000        35.98
      2.3010        36.00
      2.3020        36.00
      2.3030        35.94
      2.3040        35.78
      2.3050        35.89
      2.3060        35.83
      2.3070        36.10
      2.3080        36.22
      2.3090        36.21
      2.3100        36.09
      2.3110        36.10
      2.3120        36.07
      2.3130        35.95
      2.3140        35.90
      2.3150        35.80
      2.3160        35.64
      2.3170        35.71
      2.3180        35.60
      2.3190        35.51
      2.3200        35.47
      2.3210        35.23
      2.3220        35.09
      2.3230        34.88
      2.3240        34.79
      2.3250        34.58
      2.3260        34.61
      2.3270        34.30
      2.3280        33.97
      2.3290        33.77
      2.3300        33.73
      2.3310        33.58
      2.3320        33.32
      2.3330        33.12
      2.3340        32.93
      2.3350        32.82
      2.3360        32.79
      2.3370        32.68
      2.3380        32.72
      2.3390        32.70
      2.3400        32.56
      2.3410        32.62
      2.3420        32.56
      2.3430        32.60
      2.3440        32.48
      2.3450        32.36
      2.3460        32.20
      2.3470        32.10
      2.3480        32.11
      2.3490        32.16
      2.3500        32.14
      2.3510        32.11
      2.3520        32.16
      2.3530        32.22
      2.3540        32.14
      2.3550        32.08
      2.3560        32.16
      2.3570        32.06
      2.3580        32.02
      2.3590        31.92
      2.3600        31.75
      2.3610        31.60
      2.3620        31.66
      2.3630        31.69
      2.3640        31.67
      2.3650        31.55
      2.3660        31.41
      2.3670        31.28
      2.3680        31.12
      2.3690        31.12
      2.3700        30.93
      2.3710        30.81
      2.3720        30.70
      2.3730        30.52
      2.3740        30.55
      2.3750        30.38
      2.3760        30.16
      2.3770        30.15
      2.3780        29.89
      2.3790        29.72
      2.3800        29.72
      2.3810        29.65
      2.3820        29.49
      2.3830        29.36
      2.3840        29.21
      2.3850        29.17
      2.3860        29.06
      2.3870        29.08
      2.3880        29.09
      2.3890        29.09
      2.3900        29.25
      2.3910        29.18
      2.3920        29.14
      2.3930        29.16
      2.3940        28.92
      2.3950        29.05
      2.3960        29.03
      2.3970        28.89
      2.3980        28.94
      2.3990        29.02
      2.4000        29.05
      2.4010        28.83
      2.4020        28.70
      2.4030        28.46
      2.4040        28.32
      2.4050        28.08
      2.4060        28.03
      2.4070        27.89
      2.4080        27.69
      2.4090        27.31
      2.4100        27.05
      2.4110        26.92
      2.4120        26.77
      2.4130        26.61
      2.4140        26.53
      2.4150        26.38
      2.4160        26.21
      2.4170        26.05
      2.4180        25.87
      2.4190        25.51
      2.4200        25.34
      2.4210        25.26
      2.4220        24.99
      2.4230        25.00
      2.4240        25.00
      2.4250        25.15
      2.4260        25.12
      2.4270        25.12
      2.4280        25.04
      2.4290        25.15
      2.4300        25.00
      2.4310        25.01
      2.4320        24.92
      2.4330        24.88
      2.4340        24.93
      2.4350        24.71
      2.4360        24.53
      2.4370        24.42
      2.4380        24.34
      2.4390        24.42
      2.4400        24.18
      2.4410        24.16
      2.4420        24.18
      2.4430        23.99
      2.4440        23.82
      2.4450        23.58
      2.4460        23.35
      2.4470        23.04
      2.4480        22.88
      2.4490        22.51
      2.4500        22.33
      2.4510        22.04
      2.4520        21.83
      2.4530        21.69
      2.4540        21.43
      2.4550        21.24
      2.4560        21.15
      2.4570        21.22
      2.4580        20.97
      2.4590        20.71
      2.4600        20.70
      2.4610        20.56
      2.4620        20.35
      2.4630        20.20
      2.4640        20.03
      2.4650        19.89
      2.4660        19.65
      2.4670        19.55
      2.4680        19.53
      2.4690        19.52
      2.4700        19.40
      2.4710        19.37
      2.4720        19.34
      2.4730        19.11
      2.4740        19.10
      2.4750        19.07
      2.4760        18.92
      2.4770        18.67
      2.4780        18.71
      2.4790        18.62
      2.4800        18.32
      2.4810        18.06
      2.4820        17.96
      2.4830        17.99
      2.4840        17.84
      2.4850        17.57
      2.4860        17.61
      2.4870        17.51
      2.4880        17.29
      2.4890        17.09
      2.4900        16.91
      2.4910        16.73
      2.4920        16.53
      2.4930        16.35
      2.4940        15.97
      2.4950        15.83
      2.4960        15.81
      2.4970        15.61
      2.4980        15.42
      2.4990        15.30
      2.5000        15.32
      2.5010        15.38
      2.5020        15.20
      2.5030        14.99
      2.5040        14.87
      2.5050        14.94
      2.5060        14.88
      2.5070        14.81
      2.5080        14.80
      2.5090        14.73
      2.5100        14.88
      2.5110        14.88
      2.5120        14.94
      2.5130        15.06
      2.5140        15.19
      2.5150        15.03
      2.5160        14.97
      2.5170        15.03
      2.5180        15.04
      2.5190        14.97
      2.5200        14.89
      2.5210        14.73
      2.5220        14.74
      2.5230        14.54
      2.5240        14.53
      2.5250        14.37
      2.5260        14.21
      2.5270        14.18
      2.5280        13.96
      2.5290        13.86
      2.5300        13.57
      2.5310        13.38
      2.5320        13.09
      2.5330        12.75
      2.5340        12.46
      2.5350        12.41
      2.5360        12.19
      2.5370        12.08
      2.5380        11.90
      2.5390        11.76
      2.5400        11.60
      2.5410        11.58
      2.5420        11.48
      2.5430        11.43
      2.5440        11.24
      2.5450        11.15
      2.5460        11.04
      2.5470        11.03
      2.5480        10.92
      2.5490        10.91
      2.5500        10.85
      2.5510        10.87
      2.5520        10.95
      2.5530        11.10
      2.5540        11.15
      2.5550        11.01
      2.5560        10.85
      2.5570        10.67
      2.5580        10.64
      2.5590        10.53
      2.5600        10.37
      2.5610        10.19
      2.5620        10.07
      2.5630        10.09
      2.5640        10.13
      2.5650         9.97
      2.5660         9.85
      2.5670         9.48
      2.5680         9.47
      2.5690         9.51
      2.5700         9.28
      2.5710         9.03
      2.5720         8.92
      2.5730         8.72
      2.5740         8.52
      2.5750         8.48
      2.5760         8.49
      2.5770         8.28
      2.5780         8.05
      2.5790         7.42
      2.5800         7.96
      2.5810         7.37
      2.5820         7.25
      2.5830         6.99
      2.5840         6.86
      2.5850         6.81
      2.5860         6.62
      2.5870         6.54
      2.5880         6.37
      2.5890         6.08
      2.5900         6.10
      2.5910         5.98
      2.5920         5.77
      2.5930         5.64
      2.5940         5.72
      2.5950         5.62
      2.5960         5.55
      2.5970         5.52
      2.5980         5.56
      2.5990         5.51
      2.6000         5.51
      2.6010         5.40
      2.6020         5.31
      2.6030         5.36
      2.6040         5.30
      2.6050         5.18
      2.6060         5.15
      2.6070         5.09
      2.6080         5.07
      2.6090         5.09
      2.6100         4.95
      2.6110         4.79
      2.6120         4.25
      2.6130         4.16
      2.6140         4.04
      2.6150         4.01
      2.6160         3.93
      2.6170         3.85
      2.6180         3.60
      2.6190         3.53
      2.6200         3.34
      2.6210         3.15
      2.6220         3.26
      2.6230         3.14
      2.6240         3.13
      2.6250         3.08
      2.6260         2.97
      2.6270         2.93
      2.6280         2.78
      2.6290         2.62
      2.6300         3.17
      2.6310         3.21
      2.6320         3.28
      2.6330         3.25
      2.6340         2.64
      2.6350         3.03
      2.6360         2.57
      2.6370         2.46
      2.6380         2.51
      2.6390         2.51
      2.6400         2.36
      2.6410         2.41
      2.6420         2.32
      2.6430         1.69
      2.6440         2.07
      2.6450         2.10
      2.6460         1.99
      2.6470         1.38
      2.6480         1.91
      2.6490         1.90
      2.6500         1.35
      2.6510         1.29
      2.6520         1.20
      2.6530         1.14
      2.6540         1.06
      2.6550         1.07
      2.6560         1.03
      2.6570         1.00
      2.6580         1.00
      2.6590         1.00
      2.6600         1.00
      2.6610         1.00
      2.6620         1.00
      2.6630         1.00
      2.6640         1.00
      2.6650         1.00
      2.6660         1.00
      2.6670         1.00
      2.6680         1.00
      2.6690         1.00
      2.6700         1.00
      2.6710         1.00
      2.6720         1.00
      2.6730         1.00
      2.6740         1.00
      2.6750         1.00
      2.6760         1.00
      2.6770         1.00
      2.6780         1.00
      2.6790         1.00
      2.6800         1.00
      2.6810         1.00
      2.6820         1.00
      2.6830         1.00
      2.6840         1.00
      2.6850         1.00
      2.6860         1.00
      2.6870         1.00
      2.6880         1.00
      2.6890         1.00
      2.6900         1.00
      2.6910         1.00
      2.6920         1.00
      2.6930         1.00
      2.6940         1.00
      2.6950         1.00
      2.6960         1.00
      2.6970         1.00
      2.6980         1.00
      2.6990         1.00
      2.7000         1.00
      2.7010         1.00
      2.7020         1.00
      2.7030         1.00
      2.7040         1.00
      2.7050         1.00
      2.7060         1.00
      2.7070         1.00
      2.7080         1.00
      2.7090         1.00
      2.7100         1.00
      2.7110         1.00
      2.7120         1.00
      2.7130         1.00
      2.7140         1.00
      2.7150         1.00
      2.7160         1.00
      2.7170         1.00
      2.7180         1.00
      2.7190         1.00
      2.7200         1.00
      2.7210         1.00
      2.7220         1.00
      2.7230         1.00
      2.7240         1.00
      2.7250         1.00
      2.7260         1.00
      2.7270         1.00
      2.7280         1.00
      2.7290         1.00
      2.7300         1.00
      2.7310         1.00
      2.7320         1.00
      2.7330         1.00
      2.7340         1.00
      2.7350         1.00
      2.7360         1.00
      2.7370         1.00
      2.7380         1.00
      2.7390         1.00
      2.7400         1.00
      2.7410         1.00
      2.7420         1.00
      2.7430         1.00
      2.7440         1.00
      2.7450         1.00
      2.7460         1.00
      2.7470         1.00
      2.7480         1.00
      2.7490         1.00
      2.7500         1.00
      2.7510         1.00
      2.7520         1.00
      2.7530         1.00
      2.7540         1.00
      2.7550         1.00
      2.7560         1.00
      2.7570         1.00
      2.7580         1.00
      2.7590         1.00
      2.7600         1.00
      2.7610         1.00
      2.7620         1.00
      2.7630         1.00
      2.7640         1.00
      2.7650         1.00
      2.7660         1.00
      2.7670         1.00
      2.7680         1.00
      2.7690         1.00
      2.7700         1.00
      2.7710         1.00
      2.7720         1.03
      2.7730         1.00
      2.7740         1.00
      2.7750         1.00
      2.7760         1.00
      2.7770         1.00
      2.7780         1.00
      2.7790         1.00
      2.7800         1.00
      2.7810         1.00
      2.7820         1.00
      2.7830         1.00
      2.7840         1.00
      2.7850         1.00
      2.7860         1.00
      2.7870         1.00
      2.7880         1.00
      2.7890         1.00
      2.7900         1.00
      2.7910         1.00
      2.7920         1.00
      2.7930         1.00
      2.7940         1.00
      2.7950         1.00
      2.7960         1.00
      2.7970         1.00
      2.7980         1.00
      2.7990         1.00
      2.8000         1.00
      2.8010         1.00
      2.8020         1.00
      2.8030         1.00
      2.8040         1.00
      2.8050         1.00
      2.8060         1.00
      2.8070         1.00
      2.8080         1.00
      2.8090         1.00
      2.8100         1.00
      2.8110         1.00
      2.8120         1.00
      2.8130         1.00
      2.8140         1.00
      2.8150         1.00
      2.8160         1.00
      2.8170         1.00
      2.8180         1.00
      2.8190         1.00
      2.8200         1.00
      2.8210         1.00
      2.8220         1.00
      2.8230         1.00
      2.8240         1.00
      2.8250         1.00
      2.8260         1.00
      2.8270         1.00
      2.8280         1.00
      2.8290         1.00
      2.8300         1.00
      2.8310         1.00
      2.8320         1.00
      2.8330         1.00
      2.8340         1.00
      2.8350         1.00
      2.8360         1.00
      2.8370         1.00
      2.8380         1.00
      2.8390         1.00
      2.8400         1.00
      2.8410         1.00
      2.8420         1.00
      2.8430         1.00
      2.8440         1.00
      2.8450         1.00
      2.8460         1.00
      2.8470         1.00
      2.8480         1.00
      2.8490         1.00
      2.8500         1.00
      2.8510         1.00
      2.8520         1.00
      2.8530         1.00
      2.8540         1.00
      2.8550         1.00
      2.8560         1.00
      2.8570         1.00
      2.8580         1.00
      2.8590         1.00
      2.8600         1.00
      2.8610         1.00
      2.8620         1.00
      2.8630         1.00
      2.8640         1.00
      2.8650         1.00
      2.8660         1.00
      2.8670         1.00
      2.8680         1.00
      2.8690         1.00
      2.8700         1.00
      2.8710         1.00
      2.8720         1.00
      2.8730         1.00
      2.8740         1.00
      2.8750         1.00
      2.8760         1.00
      2.8770         1.00
      2.8780         1.00
      2.8790         1.00
      2.8800         1.00
      2.8810         1.00
      2.8820         1.00
      2.8830         1.00
      2.8840         1.00
      2.8850         1.00
      2.8860         1.00
      2.8870         1.00
      2.8880         1.00
      2.8890         1.00
      2.8900         1.00
      2.8910         1.00
      2.8920         1.00
      2.8930         1.00
      2.8940         1.00
      2.8950         1.00
      2.8960         1.00
      2.8970         1.00
      2.8980         1.00
      2.8990         1.00
      2.9000         1.00
      2.9010         1.00
      2.9020         1.00
      2.9030         1.00
      2.9040         1.00
      2.9050         1.00
      2.9060         1.00
      2.9070         1.00
      2.9080         1.00
      2.9090         1.00
      2.9100         1.00
      2.9110         1.00
      2.9120         1.00
      2.9130         1.00
      2.9140         1.00
      2.9150         1.00
      2.9160         1.00
      2.9170         1.00
      2.9180         1.00
      2.9190         1.00
      2.9200         1.00
      2.9210         1.00
      2.9220         1.00
      2.9230         1.00
      2.9240         1.00
      2.9250         1.00
      2.9260         1.00
      2.9270         1.00
      2.9280         1.00
      2.9290         1.00
      2.9300         1.00
      2.9310         1.00
      2.9320         1.00
      2.9330         1.00
      2.9340         1.00
      2.9350         1.00
      2.9360         1.00
      2.9370         1.00
      2.9380         1.00
      2.9390         1.00
      2.9400         1.00
      2.9410         1.00
      2.9420         1.00
      2.9430         1.00
      2.9440         1.00
      2.9450         1.00
      2.9460         1.00
      2.9470         1.00
      2.9480         1.00
      2.9490         1.00
      2.9500         1.00
      2.9510         1.00
      2.9520         1.00
      2.9530         1.00
      2.9540         1.00
      2.9550         1.00
      2.9560         1.00
      2.9570         1.00
      2.9580         1.00
      2.9590         1.00
      2.9600         1.00
      2.9610         1.00
      2.9620         1.00
      2.9630         1.00
      2.9640         1.00
      2.9650         1.00
      2.9660         1.00
      2.9670         1.00
      2.9680         1.00
      2.9690         1.00
      2.9700         1.00
      2.9710         1.00
      2.9720         1.00
      2.9730         1.00
      2.9740         1.00
      2.9750         1.00
      2.9760         1.00
      2.9770         1.00
      2.9780         1.00
      2.9790         1.00
      2.9800         1.00
      2.9810         1.00
      2.9820         1.00
      2.9830         1.00
      2.9840         1.00
      2.9850         1.00
      2.9860         1.00
      2.9870         1.00
      2.9880         1.00
      2.9890         1.00
      2.9900         1.00
      2.9910         1.00
      2.9920         1.00
      2.9930         1.00
      2.9940         1.00
      2.9950         1.00
      2.9960         1.00
      2.9970         1.00
      2.9980         1.00
      2.9990         1.00
