        Time   Palpation Force
      0.0000         1.00
      0.0010         1.00
      0.0020         1.00
      0.0030         1.00
      0.0040         1.00
      0.0050         1.00
      0.0060         1.00
      0.0070         1.00
      0.0080         1.00
      0.0090         1.00
      0.0100         1.00
      0.0110         1.00
      0.0120         1.00
      0.0130         1.00
      0.0140         1.00
      0.0150         1.00
      0.0160         1.00
      0.0170         1.00
      0.0180         1.00
      0.0190         1.00
      0.0200         1.00
      0.0210         1.00
      0.0220         1.00
      0.0230         1.00
      0.0240         1.00
      0.0250         1.00
      0.0260         1.00
      0.0270         1.00
      0.0280         1.00
      0.0290         1.00
      0.0300         1.00
      0.0310         1.00
      0.0320         1.00
      0.0330         1.00
      0.0340         1.00
      0.0350         1.00
      0.0360         1.00
      0.0370         1.00
      0.0380         1.00
      0.0390         1.00
      0.0400         1.00
      0.0410         1.00
      0.0420         1.00
      0.0430         1.00
      0.0440         1.00
      0.0450         1.00
      0.0460         1.00
      0.0470         1.00
      0.0480         1.00
      0.0490         1.00
      0.0500         1.00
      0.0510         1.00
      0.0520         1.00
      0.0530         1.00
      0.0540         1.00
      0.0550         1.00
      0.0560         1.00
      0.0570         1.00
      0.0580         1.00
      0.0590         1.00
      0.0600         1.00
      0.0610         1.00
      0.0620         1.03
      0.0630         1.00
      0.0640         1.00
      0.0650         1.13
      0.0660         1.00
      0.0670         1.00
      0.0680         1.00
      0.0690         1.11
      0.0700         1.00
      0.0710         1.00
      0.0720         1.00
      0.0730         1.00
      0.0740         1.00
      0.0750         1.00
      0.0760         1.00
      0.0770         1.00
      0.0780         1.00
      0.0790         1.00
      0.0800         1.00
      0.0810         1.00
      0.0820         1.00
      0.0830         1.00
      0.0840         1.00
      0.0850         1.00
      0.0860         1.00
      0.0870         1.00
      0.0880         1.00
      0.0890         1.00
      0.0900         1.00
      0.0910         1.00
      0.0920         1.00
      0.0930         1.00
      0.0940         1.00
      0.0950         1.00
      0.0960         1.00
      0.0970         1.00
      0.0980         1.00
      0.0990         1.10
      0.1000         1.00
      0.1010         1.00
      0.1020         1.01
      0.1030         1.00
      0.1040         1.02
      0.1050         1.01
      0.1060         1.00
      0.1070         1.00
      0.1080         1.00
      0.1090         1.00
      0.1100         1.00
      0.1110         1.00
      0.1120         1.00
      0.1130         1.00
      0.1140         1.00
      0.1150         1.00
      0.1160         1.00
      0.1170         1.00
      0.1180         1.00
      0.1190         1.00
      0.1200         1.00
      0.1210         1.00
      0.1220         1.00
      0.1230         1.00
      0.1240         1.00
      0.1250         1.00
      0.1260         1.00
      0.1270         1.00
      0.1280         1.00
      0.1290         1.00
      0.1300         1.00
      0.1310         1.00
      0.1320         1.00
      0.1330         1.00
      0.1340         1.00
      0.1350         1.00
      0.1360         1.00
      0.1370         1.00
      0.1380         1.00
      0.1390         1.00
      0.1400         1.00
      0.1410         1.00
      0.1420         1.00
      0.1430         1.00
      0.1440         1.00
      0.1450         1.00
      0.1460         1.00
      0.1470         1.00
      0.1480         1.00
      0.1490         1.00
      0.1500         1.00
      0.1510         1.00
      0.1520         1.00
      0.1530         1.00
      0.1540         1.00
      0.1550         1.00
      0.1560         1.00
      0.1570         1.00
      0.1580         1.00
      0.1590         1.00
      0.1600         1.00
      0.1610         1.00
      0.1620         1.00
      0.1630         1.00
      0.1640         1.00
      0.1650         1.00
      0.1660         1.00
      0.1670         1.00
      0.1680         1.00
      0.1690         1.00
      0.1700         1.00
      0.1710         1.00
      0.1720         1.00
      0.1730         1.00
      0.1740         1.00
      0.1750         1.00
      0.1760         1.00
      0.1770         1.00
      0.1780         1.00
      0.1790         1.00
      0.1800         1.00
      0.1810         1.00
      0.1820         1.00
      0.1830         1.00
      0.1840         1.00
      0.1850         1.00
      0.1860         1.00
      0.1870         1.00
      0.1880         1.00
      0.1890         1.00
      0.1900         1.00
      0.1910         1.00
      0.1920         1.00
      0.1930         1.00
      0.1940         1.00
      0.1950         1.00
      0.1960         1.00
      0.1970         1.00
      0.1980         1.00
      0.1990         1.00
      0.2000         1.00
      0.2010         1.00
      0.2020         1.00
      0.2030         1.00
      0.2040         1.00
      0.2050         1.00
      0.2060         1.00
      0.2070         1.00
      0.2080         1.00
      0.2090         1.00
      0.2100         1.00
      0.2110         1.00
      0.2120         1.00
      0.2130         1.00
      0.2140         1.00
      0.2150         1.00
      0.2160         1.00
      0.2170         1.00
      0.2180         1.00
      0.2190         1.00
      0.2200         1.00
      0.2210         1.00
      0.2220         1.00
      0.2230         1.00
      0.2240         1.00
      0.2250         1.00
      0.2260         1.00
      0.2270         1.00
      0.2280         1.00
      0.2290         1.00
      0.2300         1.00
      0.2310         1.00
      0.2320         1.00
      0.2330         1.00
      0.2340         1.00
      0.2350         1.12
      0.2360         1.00
      0.2370         1.00
      0.2380         1.00
      0.2390         1.00
      0.2400         1.00
      0.2410         1.00
      0.2420         1.00
      0.2430         1.00
      0.2440         1.10
      0.2450         1.00
      0.2460         1.00
      0.2470         1.00
      0.2480         1.00
      0.2490         1.00
      0.2500         1.00
      0.2510         1.00
      0.2520         1.00
      0.2530         1.00
      0.2540         1.00
      0.2550         1.00
      0.2560         1.00
      0.2570         1.00
      0.2580         1.00
      0.2590         1.00
      0.2600         1.00
      0.2610         1.00
      0.2620         1.00
      0.2630         1.00
      0.2640         1.00
      0.2650         1.00
      0.2660         1.00
      0.2670         1.00
      0.2680         1.00
      0.2690         1.00
      0.2700         1.00
      0.2710         1.00
      0.2720         1.00
      0.2730         1.00
      0.2740         1.00
      0.2750         1.00
      0.2760         1.00
      0.2770         1.00
      0.2780         1.00
      0.2790         1.00
      0.2800         1.00
      0.2810         1.00
      0.2820         1.00
      0.2830         1.00
      0.2840         1.00
      0.2850         1.00
      0.2860         1.00
      0.2870         1.00
      0.2880         1.00
      0.2890         1.00
      0.2900         1.00
      0.2910         1.00
      0.2920         1.00
      0.2930         1.00
      0.2940         1.00
      0.2950         1.00
      0.2960         1.00
      0.2970         1.00
      0.2980         1.00
      0.2990         1.00
      0.3000         1.00
      0.3010         1.00
      0.3020         1.00
      0.3030         1.00
      0.3040         1.00
      0.3050         1.00
      0.3060         1.00
      0.3070         1.00
      0.3080         1.00
      0.3090         1.00
      0.3100         1.00
      0.3110         1.00
      0.3120         1.00
      0.3130         1.00
      0.3140         1.00
      0.3150         1.00
      0.3160         1.00
      0.3170         1.00
      0.3180         1.00
      0.3190         1.00
      0.3200         1.00
      0.3210         1.00
      0.3220         1.00
      0.3230         1.00
      0.3240         1.00
      0.3250         1.00
      0.3260         1.00
      0.3270         1.00
      0.3280         1.00
      0.3290         1.00
      0.3300         1.00
      0.3310         1.00
      0.3320         1.00
      0.3330         1.00
      0.3340         1.00
      0.3350         1.00
      0.3360         1.00
      0.3370         1.00
      0.3380         1.00
      0.3390         1.00
      0.3400         1.00
      0.3410         1.00
      0.3420         1.00
      0.3430         1.00
      0.3440         1.00
      0.3450         1.00
      0.3460         1.00
      0.3470         1.00
      0.3480         1.00
      0.3490         1.00
      0.3500         1.00
      0.3510         1.00
      0.3520         1.00
      0.3530         1.00
      0.3540         1.00
      0.3550         1.00
      0.3560         1.00
      0.3570         1.00
      0.3580         1.00
      0.3590         1.00
      0.3600         1.00
      0.3610         1.00
      0.3620         1.00
      0.3630         1.00
      0.3640         1.00
      0.3650         1.00
      0.3660         1.00
      0.3670         1.00
      0.3680         1.00
      0.3690         1.00
      0.3700         1.00
      0.3710         1.00
      0.3720         1.00
      0.3730         1.00
      0.3740         1.00
      0.3750         1.00
      0.3760         1.00
      0.3770         1.00
      0.3780         1.00
      0.3790         1.00
      0.3800         1.00
      0.3810         1.00
      0.3820         1.00
      0.3830         1.00
      0.3840         1.00
      0.3850         1.00
      0.3860         1.00
      0.3870         1.00
      0.3880         1.00
      0.3890         1.00
      0.3900         1.00
      0.3910         1.00
      0.3920         1.00
      0.3930         1.00
      0.3940         1.00
      0.3950         1.00
      0.3960         1.00
      0.3970         1.00
      0.3980         1.00
      0.3990         1.00
      0.4000         1.00
      0.4010         1.00
      0.4020         1.00
      0.4030         1.00
      0.4040         1.00
      0.4050         1.00
      0.4060         1.00
      0.4070         1.00
      0.4080         1.00
      0.4090         1.00
      0.4100         1.00
      0.4110         1.00
      0.4120         1.00
      0.4130         1.00
      0.4140         1.00
      0.4150         1.00
      0.4160         1.00
      0.4170         1.00
      0.4180         1.00
      0.4190         1.00
      0.4200         1.00
      0.4210         1.00
      0.4220         1.00
      0.4230         1.00
      0.4240         1.00
      0.4250         1.00
      0.4260         1.00
      0.4270         1.00
      0.4280         1.00
      0.4290         1.00
      0.4300         1.00
      0.4310         1.00
      0.4320         1.00
      0.4330         1.00
      0.4340         1.00
      0.4350         1.00
      0.4360         1.00
      0.4370         1.00
      0.4380         1.00
      0.4390         1.00
      0.4400         1.00
      0.4410         1.00
      0.4420         1.00
      0.4430         1.00
      0.4440         1.00
      0.4450         1.00
      0.4460         1.00
      0.4470         1.00
      0.4480         1.00
      0.4490         1.00
      0.4500         1.00
      0.4510         1.00
      0.4520         1.00
      0.4530         1.00
      0.4540         1.00
      0.4550         1.00
      0.4560         1.00
      0.4570         1.00
      0.4580         1.00
      0.4590         1.00
      0.4600         1.00
      0.4610         1.00
      0.4620         1.00
      0.4630         1.00
      0.4640         1.00
      0.4650         1.00
      0.4660         1.00
      0.4670         1.00
      0.4680         1.00
      0.4690         1.00
      0.4700         1.00
      0.4710         1.00
      0.4720         1.00
      0.4730         1.00
      0.4740         1.00
      0.4750         1.00
      0.4760         1.00
      0.4770         1.00
      0.4780         1.00
      0.4790         1.00
      0.4800         1.00
      0.4810         1.20
      0.4820         1.00
      0.4830         1.15
      0.4840         1.08
      0.4850         1.13
      0.4860         1.00
      0.4870         1.10
      0.4880         1.00
      0.4890         1.00
      0.4900         1.00
      0.4910         1.00
      0.4920         1.00
      0.4930         1.00
      0.4940         1.00
      0.4950         1.00
      0.4960         1.00
      0.4970         1.00
      0.4980         1.00
      0.4990         1.00
      0.5000         1.00
      0.5010         1.00
      0.5020         1.00
      0.5030         1.00
      0.5040         1.00
      0.5050         1.00
      0.5060         1.00
      0.5070         1.00
      0.5080         1.00
      0.5090         1.00
      0.5100         1.00
      0.5110         1.00
      0.5120         1.00
      0.5130         1.00
      0.5140         1.00
      0.5150         1.00
      0.5160         1.00
      0.5170         1.00
      0.5180         1.00
      0.5190         1.00
      0.5200         1.00
      0.5210         1.00
      0.5220         1.00
      0.5230         1.00
      0.5240         1.00
      0.5250         1.00
      0.5260         1.00
      0.5270         1.00
      0.5280         1.00
      0.5290         1.00
      0.5300         1.00
      0.5310         1.00
      0.5320         1.00
      0.5330         1.00
      0.5340         1.00
      0.5350         1.00
      0.5360         1.00
      0.5370         1.00
      0.5380         1.00
      0.5390         1.00
      0.5400         1.00
      0.5410         1.00
      0.5420         1.00
      0.5430         1.00
      0.5440         1.00
      0.5450         1.00
      0.5460         1.00
      0.5470         1.00
      0.5480         1.00
      0.5490         1.00
      0.5500         1.00
      0.5510         1.00
      0.5520         1.00
      0.5530         1.00
      0.5540         1.00
      0.5550         1.00
      0.5560         1.00
      0.5570         1.00
      0.5580         1.00
      0.5590         1.00
      0.5600         1.00
      0.5610         1.00
      0.5620         1.00
      0.5630         1.00
      0.5640         1.00
      0.5650         1.00
      0.5660         1.00
      0.5670         1.00
      0.5680         1.00
      0.5690         1.00
      0.5700         1.00
      0.5710         1.00
      0.5720         1.00
      0.5730         1.00
      0.5740         1.00
      0.5750         1.00
      0.5760         1.00
      0.5770         1.00
      0.5780         1.00
      0.5790         1.00
      0.5800         1.00
      0.5810         1.00
      0.5820         1.00
      0.5830         1.00
      0.5840         1.00
      0.5850         1.00
      0.5860         1.00
      0.5870         1.00
      0.5880         1.00
      0.5890         1.00
      0.5900         1.00
      0.5910         1.00
      0.5920         1.00
      0.5930         1.00
      0.5940         1.00
      0.5950         1.00
      0.5960         1.00
      0.5970         1.00
      0.5980         1.00
      0.5990         1.00
      0.6000         1.00
      0.6010         1.00
      0.6020         1.00
      0.6030         1.00
      0.6040         1.00
      0.6050         1.00
      0.6060         1.00
      0.6070         1.00
      0.6080         1.00
      0.6090         1.00
      0.6100         1.00
      0.6110         1.00
      0.6120         1.00
      0.6130         1.00
      0.6140         1.00
      0.6150         1.00
      0.6160         1.00
      0.6170         1.00
      0.6180         1.00
      0.6190         1.00
      0.6200         1.00
      0.6210         1.00
      0.6220         1.00
      0.6230         1.00
      0.6240         1.00
      0.6250         1.00
      0.6260         1.00
      0.6270         1.00
      0.6280         1.00
      0.6290         1.00
      0.6300         1.00
      0.6310         1.00
      0.6320         1.00
      0.6330         1.00
      0.6340         1.00
      0.6350         1.00
      0.6360         1.00
      0.6370         1.00
      0.6380         1.00
      0.6390         1.00
      0.6400         1.00
      0.6410         1.00
      0.6420         1.00
      0.6430         1.00
      0.6440         1.00
      0.6450         1.00
      0.6460         1.00
      0.6470         1.00
      0.6480         1.00
      0.6490         1.00
      0.6500         1.00
      0.6510         1.00
      0.6520         1.00
      0.6530         1.00
      0.6540         1.00
      0.6550         1.00
      0.6560         1.00
      0.6570         1.00
      0.6580         1.00
      0.6590         1.00
      0.6600         1.00
      0.6610         1.00
      0.6620         1.00
      0.6630         1.00
      0.6640         1.00
      0.6650         1.00
      0.6660         1.00
      0.6670         1.00
      0.6680         1.00
      0.6690         1.00
      0.6700         1.00
      0.6710         1.00
      0.6720         1.00
      0.6730         1.00
      0.6740         1.00
      0.6750         1.00
      0.6760         1.00
      0.6770         1.00
      0.6780         1.00
      0.6790         1.00
      0.6800         1.00
      0.6810         1.00
      0.6820         1.00
      0.6830         1.00
      0.6840         1.00
      0.6850         1.00
      0.6860         1.00
      0.6870         1.00
      0.6880         1.00
      0.6890         1.00
      0.6900         1.00
      0.6910         1.00
      0.6920         1.00
      0.6930         1.00
      0.6940         1.00
      0.6950         1.00
      0.6960         1.00
      0.6970         1.00
      0.6980         1.00
      0.6990         1.00
      0.7000         1.00
      0.7010         1.00
      0.7020         1.00
      0.7030         1.00
      0.7040         1.00
      0.7050         1.00
      0.7060         1.00
      0.7070         1.00
      0.7080         1.00
      0.7090         1.00
      0.7100         1.00
      0.7110         1.00
      0.7120         1.00
      0.7130         1.00
      0.7140         1.00
      0.7150         1.00
      0.7160         1.00
      0.7170         1.00
      0.7180         1.00
      0.7190         1.00
      0.7200         1.00
      0.7210         1.00
      0.7220         1.00
      0.7230         1.00
      0.7240         1.00
      0.7250         1.00
      0.7260         1.00
      0.7270         1.00
      0.7280         1.00
      0.7290         1.00
      0.7300         1.00
      0.7310         1.00
      0.7320         1.00
      0.7330         1.00
      0.7340         1.00
      0.7350         1.00
      0.7360         1.00
      0.7370         1.00
      0.7380         1.00
      0.7390         1.00
      0.7400         1.00
      0.7410         1.00
      0.7420         1.00
      0.7430         1.00
      0.7440         1.00
      0.7450         1.00
      0.7460         1.00
      0.7470         1.00
      0.7480         1.00
      0.7490         1.00
      0.7500         1.00
      0.7510         1.00
      0.7520         1.00
      0.7530         1.00
      0.7540         1.00
      0.7550         1.00
      0.7560         1.00
      0.7570         1.00
      0.7580         1.00
      0.7590         1.00
      0.7600         1.00
      0.7610         1.00
      0.7620         1.00
      0.7630         1.00
      0.7640         1.00
      0.7650         1.00
      0.7660         1.00
      0.7670         1.00
      0.7680         1.00
      0.7690         1.00
      0.7700         1.00
      0.7710         1.00
      0.7720         1.00
      0.7730         1.00
      0.7740         1.00
      0.7750         1.00
      0.7760         1.00
      0.7770         1.00
      0.7780         1.00
      0.7790         1.00
      0.7800         1.00
      0.7810         1.00
      0.7820         1.00
      0.7830         1.00
      0.7840         1.00
      0.7850         1.00
      0.7860         1.00
      0.7870         1.00
      0.7880         1.00
      0.7890         1.00
      0.7900         1.00
      0.7910         1.00
      0.7920         1.00
      0.7930         1.00
      0.7940         1.00
      0.7950         1.00
      0.7960         1.00
      0.7970         1.00
      0.7980         1.00
      0.7990         1.00
      0.8000         1.00
      0.8010         1.00
      0.8020         1.00
      0.8030         1.00
      0.8040         1.00
      0.8050         1.00
      0.8060         1.00
      0.8070         1.00
      0.8080         1.00
      0.8090         1.00
      0.8100         1.00
      0.8110         1.00
      0.8120         1.00
      0.8130         1.00
      0.8140         1.00
      0.8150         1.00
      0.8160         1.00
      0.8170         1.00
      0.8180         1.00
      0.8190         1.00
      0.8200         1.00
      0.8210         1.00
      0.8220         1.00
      0.8230         1.00
      0.8240         1.00
      0.8250         1.00
      0.8260         1.00
      0.8270         1.00
      0.8280         1.00
      0.8290         1.00
      0.8300         1.00
      0.8310         1.00
      0.8320         1.00
      0.8330         1.00
      0.8340         1.00
      0.8350         1.00
      0.8360         1.00
      0.8370         1.00
      0.8380         1.00
      0.8390         1.00
      0.8400         1.00
      0.8410         1.00
      0.8420         1.00
      0.8430         1.00
      0.8440         1.00
      0.8450         1.00
      0.8460         1.00
      0.8470         1.00
      0.8480         1.00
      0.8490         1.00
      0.8500         1.00
      0.8510         1.00
      0.8520         1.00
      0.8530         1.00
      0.8540         1.00
      0.8550         1.00
      0.8560         1.00
      0.8570         1.00
      0.8580         1.00
      0.8590         1.00
      0.8600         1.00
      0.8610         1.00
      0.8620         1.00
      0.8630         1.00
      0.8640         1.00
      0.8650         1.00
      0.8660         1.00
      0.8670         1.00
      0.8680         1.00
      0.8690         1.00
      0.8700         1.00
      0.8710         1.00
      0.8720         1.00
      0.8730         1.00
      0.8740         1.00
      0.8750         1.00
      0.8760         1.00
      0.8770         1.00
      0.8780         1.00
      0.8790         1.00
      0.8800         1.00
      0.8810         1.00
      0.8820         1.00
      0.8830         1.00
      0.8840         1.00
      0.8850         1.00
      0.8860         1.00
      0.8870         1.00
      0.8880         1.00
      0.8890         1.00
      0.8900         1.00
      0.8910         1.00
      0.8920         1.00
      0.8930         1.00
      0.8940         1.00
      0.8950         1.00
      0.8960         1.00
      0.8970         1.00
      0.8980         1.00
      0.8990         1.00
      0.9000         1.00
      0.9010         1.00
      0.9020         1.04
      0.9030         1.00
      0.9040         1.00
      0.9050         1.00
      0.9060         1.00
      0.9070         1.00
      0.9080         1.00
      0.9090         1.00
      0.9100         1.00
      0.9110         1.00
      0.9120         1.00
      0.9130         1.00
      0.9140         1.00
      0.9150         1.00
      0.9160         1.00
      0.9170         1.00
      0.9180         1.00
      0.9190         1.00
      0.9200         1.00
      0.9210         1.00
      0.9220         1.00
      0.9230         1.00
      0.9240         1.00
      0.9250         1.00
      0.9260         1.00
      0.9270         1.00
      0.9280         1.00
      0.9290         1.00
      0.9300         1.00
      0.9310         1.00
      0.9320         1.00
      0.9330         1.00
      0.9340         1.00
      0.9350         1.00
      0.9360         1.00
      0.9370         1.00
      0.9380         1.00
      0.9390         1.00
      0.9400         1.00
      0.9410         1.00
      0.9420         1.00
      0.9430         1.00
      0.9440         1.00
      0.9450         1.00
      0.9460         1.00
      0.9470         1.00
      0.9480         1.00
      0.9490         1.00
      0.9500         1.00
      0.9510         1.00
      0.9520         1.00
      0.9530         1.00
      0.9540         1.00
      0.9550         1.00
      0.9560         1.00
      0.9570         1.00
      0.9580         1.00
      0.9590         1.00
      0.9600         1.00
      0.9610         1.00
      0.9620         1.00
      0.9630         1.00
      0.9640         1.00
      0.9650         1.00
      0.9660         1.00
      0.9670         1.00
      0.9680         1.00
      0.9690         1.00
      0.9700         1.00
      0.9710         1.00
      0.9720         1.00
      0.9730         1.00
      0.9740         1.00
      0.9750         1.00
      0.9760         1.00
      0.9770         1.00
      0.9780         1.00
      0.9790         1.00
      0.9800         1.00
      0.9810         1.00
      0.9820         1.00
      0.9830         1.00
      0.9840         1.00
      0.9850         1.00
      0.9860         1.00
      0.9870         1.00
      0.9880         1.00
      0.9890         1.00
      0.9900         1.00
      0.9910         1.00
      0.9920         1.00
      0.9930         1.00
      0.9940         1.00
      0.9950         1.00
      0.9960         1.00
      0.9970         1.00
      0.9980         1.00
      0.9990         1.00
      1.0000         1.00
      1.0010         1.00
      1.0020         1.00
      1.0030         1.00
      1.0040         1.00
      1.0050         1.00
      1.0060         1.00
      1.0070         1.00
      1.0080         1.00
      1.0090         1.00
      1.0100         1.00
      1.0110         1.00
      1.0120         1.00
      1.0130         1.00
      1.0140         1.00
      1.0150         1.00
      1.0160         1.00
      1.0170         1.00
      1.0180         1.00
      1.0190         1.00
      1.0200         1.00
      1.0210         1.00
      1.0220         1.00
      1.0230         1.00
      1.0240         1.00
      1.0250         1.00
      1.0260         1.00
      1.0270         1.00
      1.0280         1.00
      1.0290         1.00
      1.0300         1.00
      1.0310         1.00
      1.0320         1.00
      1.0330         1.00
      1.0340         1.00
      1.0350         1.00
      1.0360         1.00
      1.0370         1.00
      1.0380         1.00
      1.0390         1.00
      1.0400         1.00
      1.0410         1.00
      1.0420         1.00
      1.0430         1.00
      1.0440         1.00
      1.0450         1.00
      1.0460         1.00
      1.0470         1.00
      1.0480         1.00
      1.0490         1.00
      1.0500         1.00
      1.0510         1.00
      1.0520         1.00
      1.0530         1.00
      1.0540         1.00
      1.0550         1.00
      1.0560         1.00
      1.0570         1.00
      1.0580         1.00
      1.0590         1.00
      1.0600         1.00
      1.0610         1.00
      1.0620         1.00
      1.0630         1.00
      1.0640         1.00
      1.0650         1.00
      1.0660         1.00
      1.0670         1.00
      1.0680         1.00
      1.0690         1.00
      1.0700         1.00
      1.0710         1.00
      1.0720         1.00
      1.0730         1.00
      1.0740         1.00
      1.0750         1.00
      1.0760         1.00
      1.0770         1.00
      1.0780         1.00
      1.0790         1.00
      1.0800         1.00
      1.0810         1.00
      1.0820         1.00
      1.0830         1.00
      1.0840         1.00
      1.0850         1.00
      1.0860         1.00
      1.0870         1.00
      1.0880         1.00
      1.0890         1.00
      1.0900         1.00
      1.0910         1.00
      1.0920         1.00
      1.0930         1.00
      1.0940         1.00
      1.0950         1.00
      1.0960         1.00
      1.0970         1.00
      1.0980         1.00
      1.0990         1.00
      1.1000         1.00
      1.1010         1.00
      1.1020         1.08
      1.1030         1.00
      1.1040         1.00
      1.1050         1.00
      1.1060         1.15
      1.1070         1.10
      1.1080         1.15
      1.1090         1.00
      1.1100         1.11
      1.1110         1.00
      1.1120         1.00
      1.1130         1.00
      1.1140         1.00
      1.1150         1.00
      1.1160         1.00
      1.1170         1.00
      1.1180         1.00
      1.1190         1.00
      1.1200         1.00
      1.1210         1.00
      1.1220         1.00
      1.1230         1.00
      1.1240         1.00
      1.1250         1.00
      1.1260         1.00
      1.1270         1.00
      1.1280         1.00
      1.1290         1.00
      1.1300         1.00
      1.1310         1.00
      1.1320         1.00
      1.1330         1.00
      1.1340         1.00
      1.1350         1.00
      1.1360         1.00
      1.1370         1.00
      1.1380         1.00
      1.1390         1.00
      1.1400         1.00
      1.1410         1.00
      1.1420         1.00
      1.1430         1.00
      1.1440         1.00
      1.1450         1.00
      1.1460         1.00
      1.1470         1.00
      1.1480         1.00
      1.1490         1.00
      1.1500         1.00
      1.1510         1.00
      1.1520         1.00
      1.1530         1.00
      1.1540         1.00
      1.1550         1.00
      1.1560         1.00
      1.1570         1.00
      1.1580         1.00
      1.1590         1.00
      1.1600         1.00
      1.1610         1.00
      1.1620         1.00
      1.1630         1.00
      1.1640         1.00
      1.1650         1.00
      1.1660         1.00
      1.1670         1.00
      1.1680         1.00
      1.1690         1.00
      1.1700         1.00
      1.1710         1.00
      1.1720         1.00
      1.1730         1.00
      1.1740         1.00
      1.1750         1.00
      1.1760         1.00
      1.1770         1.00
      1.1780         1.00
      1.1790         1.00
      1.1800         1.00
      1.1810         1.00
      1.1820         1.00
      1.1830         1.00
      1.1840         1.00
      1.1850         1.00
      1.1860         1.00
      1.1870         1.00
      1.1880         1.00
      1.1890         1.00
      1.1900         1.00
      1.1910         1.00
      1.1920         1.00
      1.1930         1.00
      1.1940         1.00
      1.1950         1.00
      1.1960         1.00
      1.1970         1.00
      1.1980         1.00
      1.1990         1.00
      1.2000         1.00
      1.2010         1.00
      1.2020         1.00
      1.2030         1.00
      1.2040         1.00
      1.2050         1.00
      1.2060         1.00
      1.2070         1.00
      1.2080         1.00
      1.2090         1.00
      1.2100         1.00
      1.2110         1.00
      1.2120         1.00
      1.2130         1.00
      1.2140         1.00
      1.2150         1.00
      1.2160         1.00
      1.2170         1.00
      1.2180         1.00
      1.2190         1.00
      1.2200         1.00
      1.2210         1.00
      1.2220         1.00
      1.2230         1.00
      1.2240         1.00
      1.2250         1.00
      1.2260         1.00
      1.2270         1.00
      1.2280         1.00
      1.2290         1.00
      1.2300         1.00
      1.2310         1.00
      1.2320         1.00
      1.2330         1.00
      1.2340         1.00
      1.2350         1.00
      1.2360         1.00
      1.2370         1.00
      1.2380         1.00
      1.2390         1.00
      1.2400         1.00
      1.2410         1.00
      1.2420         1.00
      1.2430         1.00
      1.2440         1.00
      1.2450         1.00
      1.2460         1.00
      1.2470         1.00
      1.2480         1.00
      1.2490         1.00
      1.2500         1.00
      1.2510         1.00
      1.2520         1.00
      1.2530         1.00
      1.2540         1.00
      1.2550         1.00
      1.2560         1.00
      1.2570         1.00
      1.2580         1.00
      1.2590         1.00
      1.2600         1.00
      1.2610         1.00
      1.2620         1.00
      1.2630         1.00
      1.2640         1.00
      1.2650         1.00
      1.2660         1.00
      1.2670         1.00
      1.2680         1.00
      1.2690         1.00
      1.2700         1.00
      1.2710         1.00
      1.2720         1.00
      1.2730         1.00
      1.2740         1.00
      1.2750         1.00
      1.2760         1.00
      1.2770         1.00
      1.2780         1.00
      1.2790         1.00
      1.2800         1.00
      1.2810         1.00
      1.2820         1.00
      1.2830         1.00
      1.2840         1.00
      1.2850         1.00
      1.2860         1.00
      1.2870         1.00
      1.2880         1.00
      1.2890         1.00
      1.2900         1.00
      1.2910         1.00
      1.2920         1.00
      1.2930         1.00
      1.2940         1.00
      1.2950         1.00
      1.2960         1.00
      1.2970         1.00
      1.2980         1.00
      1.2990         1.00
      1.3000         1.00
      1.3010         1.00
      1.3020         1.00
      1.3030         1.00
      1.3040         1.00
      1.3050         1.00
      1.3060         1.00
      1.3070         1.00
      1.3080         1.00
      1.3090         1.00
      1.3100         1.00
      1.3110         1.00
      1.3120         1.00
      1.3130         1.00
      1.3140         1.00
      1.3150         1.00
      1.3160         1.00
      1.3170         1.00
      1.3180         1.00
      1.3190         1.00
      1.3200         1.00
      1.3210         1.00
      1.3220         1.00
      1.3230         1.00
      1.3240         1.00
      1.3250         1.00
      1.3260         1.00
      1.3270         1.00
      1.3280         1.00
      1.3290         1.00
      1.3300         1.00
      1.3310         1.00
      1.3320         1.00
      1.3330         1.00
      1.3340         1.00
      1.3350         1.00
      1.3360         1.00
      1.3370         1.00
      1.3380         1.00
      1.3390         1.00
      1.3400         1.00
      1.3410         1.00
      1.3420         1.00
      1.3430         1.00
      1.3440         1.00
      1.3450         1.00
      1.3460         1.00
      1.3470         1.00
      1.3480         1.00
      1.3490         1.00
      1.3500         1.00
      1.3510         1.00
      1.3520         1.00
      1.3530         1.00
      1.3540         1.00
      1.3550         1.00
      1.3560         1.00
      1.3570         1.00
      1.3580         1.00
      1.3590         1.00
      1.3600         1.00
      1.3610         1.00
      1.3620         1.00
      1.3630         1.00
      1.3640         1.00
      1.3650         1.00
      1.3660         1.00
      1.3670         1.00
      1.3680         1.00
      1.3690         1.00
      1.3700         1.00
      1.3710         1.00
      1.3720         1.00
      1.3730         1.00
      1.3740         1.00
      1.3750         1.00
      1.3760         1.00
      1.3770         1.00
      1.3780         1.00
      1.3790         1.00
      1.3800         1.00
      1.3810         1.00
      1.3820         1.00
      1.3830         1.00
      1.3840         1.00
      1.3850         1.00
      1.3860         1.00
      1.3870         1.00
      1.3880         1.00
      1.3890         1.00
      1.3900         1.00
      1.3910         1.00
      1.3920         1.00
      1.3930         1.00
      1.3940         1.00
      1.3950         1.00
      1.3960         1.00
      1.3970         1.00
      1.3980         1.00
      1.3990         1.00
      1.4000         1.00
      1.4010         1.00
      1.4020         1.00
      1.4030         1.00
      1.4040         1.00
      1.4050         1.00
      1.4060         1.00
      1.4070         1.00
      1.4080         1.00
      1.4090         1.00
      1.4100         1.00
      1.4110         1.00
      1.4120         1.00
      1.4130         1.00
      1.4140         1.00
      1.4150         1.00
      1.4160         1.00
      1.4170         1.00
      1.4180         1.00
      1.4190         1.00
      1.4200         1.00
      1.4210         1.00
      1.4220         1.00
      1.4230         1.00
      1.4240         1.00
      1.4250         1.00
      1.4260         1.00
      1.4270         1.00
      1.4280         1.00
      1.4290         1.00
      1.4300         1.00
      1.4310         1.00
      1.4320         1.00
      1.4330         1.05
      1.4340         1.14
      1.4350         1.09
      1.4360         1.12
      1.4370         1.00
      1.4380         1.00
      1.4390         1.00
      1.4400         1.00
      1.4410         1.00
      1.4420         1.00
      1.4430         1.00
      1.4440         1.00
      1.4450         1.00
      1.4460         1.00
      1.4470         1.09
      1.4480         1.14
      1.4490         1.16
      1.4500         1.13
      1.4510         1.00
      1.4520         1.00
      1.4530         1.00
      1.4540         1.00
      1.4550         1.00
      1.4560         1.42
      1.4570         1.00
      1.4580         1.60
      1.4590         1.60
      1.4600         1.77
      1.4610         1.85
      1.4620         1.93
      1.4630         3.17
      1.4640         3.19
      1.4650         3.39
      1.4660         3.54
      1.4670         3.63
      1.4680         3.64
      1.4690         3.66
      1.4700         3.68
      1.4710         3.63
      1.4720         3.70
      1.4730         3.62
      1.4740         3.69
      1.4750         3.60
      1.4760         3.73
      1.4770         3.73
      1.4780         3.57
      1.4790         3.47
      1.4800         3.36
      1.4810         3.35
      1.4820         3.22
      1.4830         1.97
      1.4840         1.96
      1.4850         1.85
      1.4860         1.93
      1.4870         1.83
      1.4880         1.65
      1.4890         1.61
      1.4900         1.56
      1.4910         1.03
      1.4920         1.58
      1.4930         1.56
      1.4940         1.54
      1.4950         1.55
      1.4960         1.63
      1.4970         1.62
      1.4980         1.74
      1.4990         1.73
      1.5000         1.62
      1.5010         1.57
      1.5020         1.61
      1.5030         1.58
      1.5040         1.51
      1.5050         2.20
      1.5060         2.11
      1.5070         2.27
      1.5080         2.39
      1.5090         2.38
      1.5100         2.38
      1.5110         2.35
      1.5120         2.26
      1.5130         2.32
      1.5140         2.98
      1.5150         2.99
      1.5160         2.33
      1.5170         2.30
      1.5180         2.25
      1.5190         2.30
      1.5200         2.37
      1.5210         2.41
      1.5220         2.38
      1.5230         2.41
      1.5240         2.45
      1.5250         2.39
      1.5260         1.83
      1.5270         1.84
      1.5280         1.27
      1.5290         1.26
      1.5300         1.30
      1.5310         1.29
      1.5320         1.37
      1.5330         1.33
      1.5340         1.31
      1.5350         1.29
      1.5360         1.33
      1.5370         1.33
      1.5380         1.35
      1.5390         2.33
      1.5400         2.46
      1.5410         2.54
      1.5420         2.68
      1.5430         2.82
      1.5440         2.94
      1.5450         3.10
      1.5460         3.74
      1.5470         3.88
      1.5480         4.02
      1.5490         4.33
      1.5500         4.57
      1.5510         4.88
      1.5520         5.04
      1.5530         5.19
      1.5540         5.49
      1.5550         5.62
      1.5560         5.69
      1.5570         5.66
      1.5580         5.77
      1.5590         5.96
      1.5600         6.02
      1.5610         6.19
      1.5620         6.26
      1.5630         6.24
      1.5640         6.39
      1.5650         6.40
      1.5660         6.36
      1.5670         6.20
      1.5680         6.31
      1.5690         6.10
      1.5700         6.08
      1.5710         6.07
      1.5720         5.99
      1.5730         5.96
      1.5740         5.80
      1.5750         5.89
      1.5760         5.93
      1.5770         6.04
      1.5780         6.05
      1.5790         6.15
      1.5800         6.32
      1.5810         6.31
      1.5820         6.34
      1.5830         6.47
      1.5840         6.50
      1.5850         6.49
      1.5860         6.64
      1.5870         6.91
      1.5880         7.16
      1.5890         7.33
      1.5900         7.47
      1.5910         7.61
      1.5920         7.88
      1.5930         8.06
      1.5940         8.37
      1.5950         8.42
      1.5960         8.70
      1.5970         8.84
      1.5980         8.91
      1.5990         8.96
      1.6000         9.00
      1.6010         9.05
      1.6020         9.29
      1.6030         9.35
      1.6040         9.41
      1.6050         9.45
      1.6060         9.61
      1.6070         9.52
      1.6080         9.44
      1.6090         9.49
      1.6100         9.52
      1.6110         9.47
      1.6120         9.62
      1.6130         9.67
      1.6140         9.53
      1.6150         9.58
      1.6160         9.52
      1.6170         9.48
      1.6180         9.53
      1.6190         9.56
      1.6200         9.57
      1.6210         9.77
      1.6220         9.65
      1.6230         9.83
      1.6240        10.00
      1.6250        10.26
      1.6260        10.29
      1.6270        10.51
      1.6280        10.76
      1.6290        10.78
      1.6300        10.92
      1.6310        11.12
      1.6320        11.10
      1.6330        11.28
      1.6340        11.60
      1.6350        11.72
      1.6360        11.93
      1.6370        12.17
      1.6380        12.42
      1.6390        12.55
      1.6400        12.78
      1.6410        12.83
      1.6420        13.10
      1.6430        13.21
      1.6440        13.24
      1.6450        13.28
      1.6460        13.49
      1.6470        13.61
      1.6480        13.58
      1.6490        13.65
      1.6500        13.73
      1.6510        14.00
      1.6520        14.19
      1.6530        14.17
      1.6540        14.28
      1.6550        14.31
      1.6560        14.36
      1.6570        14.50
      1.6580        14.71
      1.6590        14.90
      1.6600        15.12
      1.6610        15.25
      1.6620        15.35
      1.6630        15.50
      1.6640        15.70
      1.6650        15.87
      1.6660        15.96
      1.6670        16.05
      1.6680        16.25
      1.6690        16.67
      1.6700        16.89
      1.6710        16.83
      1.6720        17.08
      1.6730        17.37
      1.6740        17.43
      1.6750        17.69
      1.6760        17.82
      1.6770        17.97
      1.6780        17.85
      1.6790        17.91
      1.6800        17.87
      1.6810        18.11
      1.6820        18.20
      1.6830        18.36
      1.6840        18.49
      1.6850        18.65
      1.6860        18.57
      1.6870        18.73
      1.6880        18.72
      1.6890        18.71
      1.6900        18.95
      1.6910        19.05
      1.6920        18.94
      1.6930        19.01
      1.6940        18.93
      1.6950        18.92
      1.6960        19.00
      1.6970        19.10
      1.6980        19.39
      1.6990        19.54
      1.7000        19.80
      1.7010        19.84
      1.7020        19.91
      1.7030        19.88
      1.7040        20.07
      1.7050        20.05
      1.7060        20.38
      1.7070        20.40
      1.7080        20.74
      1.7090        21.09
      1.7100        21.20
      1.7110        21.36
      1.7120        21.70
      1.7130        21.87
      1.7140        22.30
      1.7150        22.52
      1.7160        22.69
      1.7170        22.66
      1.7180        22.77
      1.7190        22.86
      1.7200        22.84
      1.7210        22.94
      1.7220        23.16
      1.7230        23.23
      1.7240        23.17
      1.7250        23.36
      1.7260        23.24
      1.7270        23.34
      1.7280        23.28
      1.7290        23.21
      1.7300        23.17
      1.7310        23.31
      1.7320        23.40
      1.7330        23.48
      1.7340        23.48
      1.7350        23.51
      1.7360        23.56
      1.7370        23.75
      1.7380        23.70
      1.7390        23.67
      1.7400        23.60
      1.7410        23.63
      1.7420        23.61
      1.7430        23.78
      1.7440        23.89
      1.7450        23.93
      1.7460        24.24
      1.7470        24.47
      1.7480        24.61
      1.7490        24.71
      1.7500        24.83
      1.7510        24.92
      1.7520        25.06
      1.7530        25.14
      1.7540        25.31
      1.7550        25.60
      1.7560        25.73
      1.7570        25.93
      1.7580        26.14
      1.7590        26.52
      1.7600        26.81
      1.7610        27.04
      1.7620        27.26
      1.7630        27.39
      1.7640        27.67
      1.7650        27.85
      1.7660        28.11
      1.7670        28.14
      1.7680        28.16
      1.7690        28.25
      1.7700        28.44
      1.7710        28.65
      1.7720        28.61
      1.7730        28.63
      1.7740        28.68
      1.7750        28.70
      1.7760        28.72
      1.7770        28.53
      1.7780        28.52
      1.7790        28.36
      1.7800        28.32
      1.7810        28.32
      1.7820        28.32
      1.7830        28.32
      1.7840        28.27
      1.7850        28.28
      1.7860        28.13
      1.7870        28.16
      1.7880        28.37
      1.7890        28.50
      1.7900        28.47
      1.7910        28.45
      1.7920        28.57
      1.7930        28.84
      1.7940        28.71
      1.7950        28.83
      1.7960        28.93
      1.7970        29.17
      1.7980        29.37
      1.7990        29.57
      1.8000        29.83
      1.8010        29.98
      1.8020        30.06
      1.8030        30.18
      1.8040        30.30
      1.8050        30.26
      1.8060        30.34
      1.8070        30.49
      1.8080        30.50
      1.8090        30.49
      1.8100        30.41
      1.8110        30.43
      1.8120        30.37
      1.8130        30.29
      1.8140        30.34
      1.8150        30.12
      1.8160        30.20
      1.8170        30.16
      1.8180        30.14
      1.8190        30.05
      1.8200        29.82
      1.8210        29.78
      1.8220        29.69
      1.8230        29.61
      1.8240        29.54
      1.8250        29.79
      1.8260        29.69
      1.8270        29.63
      1.8280        29.45
      1.8290        29.53
      1.8300        29.65
      1.8310        29.76
      1.8320        29.78
      1.8330        29.79
      1.8340        29.98
      1.8350        30.33
      1.8360        30.40
      1.8370        30.68
      1.8380        30.79
      1.8390        31.10
      1.8400        31.31
      1.8410        31.45
      1.8420        31.60
      1.8430        31.93
      1.8440        32.02
      1.8450        32.11
      1.8460        32.45
      1.8470        32.72
      1.8480        32.90
      1.8490        33.03
      1.8500        33.18
      1.8510        33.29
      1.8520        33.46
      1.8530        33.53
      1.8540        33.63
      1.8550        33.58
      1.8560        33.58
      1.8570        33.54
      1.8580        33.46
      1.8590        33.35
      1.8600        33.32
      1.8610        33.34
      1.8620        33.42
      1.8630        33.44
      1.8640        33.62
      1.8650        33.66
      1.8660        33.61
      1.8670        33.62
      1.8680        33.73
      1.8690        33.78
      1.8700        33.81
      1.8710        33.98
      1.8720        33.98
      1.8730        34.08
      1.8740        34.24
      1.8750        34.37
      1.8760        34.70
      1.8770        34.78
      1.8780        34.90
      1.8790        35.06
      1.8800        35.15
      1.8810        35.21
      1.8820        35.36
      1.8830        35.37
      1.8840        35.32
      1.8850        35.30
      1.8860        35.41
      1.8870        35.49
      1.8880        35.60
      1.8890        35.60
      1.8900        35.74
      1.8910        35.64
      1.8920        35.77
      1.8930        35.73
      1.8940        35.65
      1.8950        35.67
      1.8960        35.53
      1.8970        35.63
      1.8980        35.68
      1.8990        35.72
      1.9000        35.95
      1.9010        35.97
      1.9020        36.04
      1.9030        36.03
      1.9040        36.11
      1.9050        36.35
      1.9060        36.37
      1.9070        36.26
      1.9080        36.38
      1.9090        36.52
      1.9100        36.39
      1.9110        36.30
      1.9120        36.42
      1.9130        36.50
      1.9140        36.43
      1.9150        36.58
      1.9160        36.80
      1.9170        36.78
      1.9180        36.94
      1.9190        37.12
      1.9200        37.24
      1.9210        37.35
      1.9220        37.43
      1.9230        37.58
      1.9240        37.83
      1.9250        37.79
      1.9260        37.86
      1.9270        37.99
      1.9280        38.07
      1.9290        38.22
      1.9300        38.43
      1.9310        38.62
      1.9320        38.49
      1.9330        38.67
      1.9340        39.06
      1.9350        38.91
      1.9360        38.75
      1.9370        38.86
      1.9380        38.85
      1.9390        38.66
      1.9400        38.69
      1.9410        38.74
      1.9420        38.81
      1.9430        38.99
      1.9440        38.88
      1.9450        38.96
      1.9460        39.06
      1.9470        39.09
      1.9480        39.03
      1.9490        38.91
      1.9500        38.88
      1.9510        38.85
      1.9520        39.00
      1.9530        38.92
      1.9540        38.85
      1.9550        39.08
      1.9560        39.34
      1.9570        39.55
      1.9580        39.79
      1.9590        39.94
      1.9600        39.83
      1.9610        39.99
      1.9620        40.14
      1.9630        40.10
      1.9640        40.20
      1.9650        40.16
      1.9660        39.94
      1.9670        40.05
      1.9680        40.23
      1.9690        40.32
      1.9700        40.28
      1.9710        40.38
      1.9720        40.41
      1.9730        40.44
      1.9740        40.41
      1.9750        40.21
      1.9760        39.95
      1.9770        39.70
      1.9780        39.53
      1.9790        39.41
      1.9800        39.32
      1.9810        39.20
      1.9820        38.96
      1.9830        38.74
      1.9840        38.54
      1.9850        38.47
      1.9860        38.62
      1.9870        38.58
      1.9880        38.34
      1.9890        38.23
      1.9900        38.24
      1.9910        38.14
      1.9920        38.07
      1.9930        38.06
      1.9940        37.94
      1.9950        37.97
      1.9960        37.98
      1.9970        38.11
      1.9980        38.00
      1.9990        38.10
      2.0000        38.21
      2.0010        38.07
      2.0020        38.25
      2.0030        38.29
      2.0040        38.48
      2.0050        38.57
      2.0060        38.54
      2.0070        38.51
      2.0080        38.68
      2.0090        38.60
      2.0100        38.55
      2.0110        38.83
      2.0120        38.80
      2.0130        38.79
      2.0140        38.88
      2.0150        38.96
      2.0160        38.95
      2.0170        38.87
      2.0180        39.05
      2.0190        39.04
      2.0200        39.07
      2.0210        39.21
      2.0220        39.20
      2.0230        39.27
      2.0240        39.21
      2.0250        39.17
      2.0260        39.18
      2.0270        39.11
      2.0280        39.01
      2.0290        39.05
      2.0300        39.32
      2.0310        39.06
      2.0320        39.32
      2.0330        39.41
      2.0340        39.44
      2.0350        39.50
      2.0360        39.64
      2.0370        39.59
      2.0380        39.60
      2.0390        39.66
      2.0400        39.74
      2.0410        39.67
      2.0420        39.60
      2.0430        39.75
      2.0440        39.74
      2.0450        39.87
      2.0460        39.93
      2.0470        40.16
      2.0480        40.28
      2.0490        40.38
      2.0500        40.26
      2.0510        40.37
      2.0520        40.21
      2.0530        40.22
      2.0540        40.30
      2.0550        40.29
      2.0560        40.33
      2.0570        40.34
      2.0580        40.31
      2.0590        40.21
      2.0600        40.21
      2.0610        40.23
      2.0620        40.26
      2.0630        40.14
      2.0640        40.23
      2.0650        40.12
      2.0660        40.12
      2.0670        40.01
      2.0680        39.91
      2.0690        40.03
      2.0700        39.96
      2.0710        40.07
      2.0720        40.17
      2.0730        40.10
      2.0740        40.05
      2.0750        40.12
      2.0760        40.18
      2.0770        40.30
      2.0780        40.34
      2.0790        40.59
      2.0800        40.70
      2.0810        40.77
      2.0820        40.92
      2.0830        41.11
      2.0840        41.06
      2.0850        41.25
      2.0860        41.19
      2.0870        41.49
      2.0880        41.51
      2.0890        41.53
      2.0900        41.66
      2.0910        41.71
      2.0920        41.65
      2.0930        41.86
      2.0940        42.01
      2.0950        42.21
      2.0960        42.26
      2.0970        42.49
      2.0980        42.50
      2.0990        42.41
      2.1000        42.54
      2.1010        42.64
      2.1020        42.53
      2.1030        42.30
      2.1040        42.41
      2.1050        42.33
      2.1060        42.61
      2.1070        42.35
      2.1080        42.44
      2.1090        42.32
      2.1100        42.38
      2.1110        42.25
      2.1120        42.42
      2.1130        42.42
      2.1140        42.30
      2.1150        42.21
      2.1160        42.11
      2.1170        42.07
      2.1180        42.19
      2.1190        42.29
      2.1200        42.11
      2.1210        42.09
      2.1220        42.25
      2.1230        42.48
      2.1240        42.52
      2.1250        42.73
      2.1260        42.75
      2.1270        42.96
      2.1280        43.15
      2.1290        43.32
      2.1300        43.24
      2.1310        43.35
      2.1320        43.39
      2.1330        43.42
      2.1340        43.51
      2.1350        43.57
      2.1360        43.64
      2.1370        43.53
      2.1380        43.42
      2.1390        43.41
      2.1400        43.29
      2.1410        43.17
      2.1420        43.06
      2.1430        42.97
      2.1440        42.94
      2.1450        42.67
      2.1460        42.46
      2.1470        42.26
      2.1480        41.99
      2.1490        41.89
      2.1500        41.84
      2.1510        41.84
      2.1520        41.65
      2.1530        41.48
      2.1540        41.25
      2.1550        41.10
      2.1560        40.94
      2.1570        40.87
      2.1580        40.76
      2.1590        40.69
      2.1600        40.71
      2.1610        40.81
      2.1620        40.78
      2.1630        40.78
      2.1640        40.77
      2.1650        40.77
      2.1660        40.78
      2.1670        40.86
      2.1680        40.89
      2.1690        40.90
      2.1700        40.97
      2.1710        40.88
      2.1720        40.85
      2.1730        40.97
      2.1740        41.06
      2.1750        41.04
      2.1760        41.16
      2.1770        41.05
      2.1780        41.16
      2.1790        41.12
      2.1800        41.28
      2.1810        41.20
      2.1820        41.13
      2.1830        41.03
      2.1840        40.89
      2.1850        40.82
      2.1860        40.92
      2.1870        40.80
      2.1880        40.75
      2.1890        40.54
      2.1900        40.52
      2.1910        40.44
      2.1920        40.23
      2.1930        40.03
      2.1940        40.09
      2.1950        40.03
      2.1960        39.86
      2.1970        39.96
      2.1980        39.87
      2.1990        39.96
      2.2000        39.81
      2.2010        39.73
      2.2020        39.72
      2.2030        39.91
      2.2040        40.04
      2.2050        40.14
      2.2060        40.10
      2.2070        40.26
      2.2080        40.39
      2.2090        40.53
      2.2100        40.64
      2.2110        40.63
      2.2120        40.92
      2.2130        41.04
      2.2140        41.04
      2.2150        41.08
      2.2160        41.12
      2.2170        41.05
      2.2180        41.20
      2.2190        41.13
      2.2200        41.13
      2.2210        41.35
      2.2220        41.33
      2.2230        41.09
      2.2240        41.00
      2.2250        40.89
      2.2260        40.85
      2.2270        40.60
      2.2280        40.49
      2.2290        40.50
      2.2300        40.35
      2.2310        40.35
      2.2320        40.26
      2.2330        40.09
      2.2340        40.17
      2.2350        40.08
      2.2360        39.96
      2.2370        39.93
      2.2380        39.72
      2.2390        39.67
      2.2400        39.64
      2.2410        39.38
      2.2420        39.46
      2.2430        39.61
      2.2440        39.68
      2.2450        39.69
      2.2460        39.61
      2.2470        39.83
      2.2480        39.89
      2.2490        39.83
      2.2500        39.80
      2.2510        39.85
      2.2520        39.97
      2.2530        40.13
      2.2540        39.94
      2.2550        40.09
      2.2560        40.18
      2.2570        40.14
      2.2580        40.16
      2.2590        40.17
      2.2600        40.13
      2.2610        40.12
      2.2620        40.01
      2.2630        39.92
      2.2640        39.77
      2.2650        39.85
      2.2660        39.88
      2.2670        39.84
      2.2680        39.79
      2.2690        39.82
      2.2700        39.96
      2.2710        39.85
      2.2720        39.67
      2.2730        39.74
      2.2740        39.79
      2.2750        39.74
      2.2760        39.81
      2.2770        39.86
      2.2780        39.81
      2.2790        39.78
      2.2800        39.93
      2.2810        40.18
      2.2820        40.25
      2.2830        40.26
      2.2840        40.36
      2.2850        40.34
      2.2860        40.46
      2.2870        40.48
      2.2880        40.48
      2.2890        40.52
      2.2900        40.52
      2.2910        40.72
      2.2920        40.80
      2.2930        40.75
      2.2940        40.79
      2.2950        40.75
      2.2960        40.77
      2.2970        40.64
      2.2980        40.69
      2.2990        40.73
      2.3000        40.80
      2.3010        40.67
      2.3020        40.63
      2.3030        40.71
      2.3040        40.69
      2.3050        40.68
      2.3060        40.60
      2.3070        40.67
      2.3080        40.67
      2.3090        40.68
      2.3100        40.59
      2.3110        40.54
      2.3120        40.49
      2.3130        40.45
      2.3140        40.39
      2.3150        40.38
      2.3160        40.25
      2.3170        40.34
      2.3180        40.35
      2.3190        40.34
      2.3200        40.14
      2.3210        40.22
      2.3220        40.19
      2.3230        40.10
      2.3240        39.97
      2.3250        39.91
      2.3260        39.76
      2.3270        39.63
      2.3280        39.59
      2.3290        39.48
      2.3300        39.45
      2.3310        39.31
      2.3320        39.33
      2.3330        39.36
      2.3340        39.29
      2.3350        39.31
      2.3360        39.35
      2.3370        39.41
      2.3380        39.38
      2.3390        39.41
      2.3400        39.37
      2.3410        39.16
      2.3420        39.10
      2.3430        39.08
      2.3440        39.13
      2.3450        39.14
      2.3460        39.14
      2.3470        38.99
      2.3480        38.98
      2.3490        39.04
      2.3500        38.99
      2.3510        38.98
      2.3520        38.86
      2.3530        38.81
      2.3540        38.74
      2.3550        38.75
      2.3560        38.69
      2.3570        38.62
      2.3580        38.62
      2.3590        38.43
      2.3600        38.32
      2.3610        38.37
      2.3620        38.37
      2.3630        38.29
      2.3640        38.26
      2.3650        38.23
      2.3660        38.14
      2.3670        38.27
      2.3680        38.31
      2.3690        38.32
      2.3700        38.35
      2.3710        38.41
      2.3720        38.39
      2.3730        38.36
      2.3740        38.53
      2.3750        38.50
      2.3760        38.67
      2.3770        38.68
      2.3780        38.63
      2.3790        38.80
      2.3800        38.99
      2.3810        39.04
      2.3820        39.00
      2.3830        38.96
      2.3840        38.93
      2.3850        39.03
      2.3860        39.11
      2.3870        39.13
      2.3880        38.96
      2.3890        38.81
      2.3900        38.63
      2.3910        38.67
      2.3920        38.80
      2.3930        38.72
      2.3940        38.60
      2.3950        38.49
      2.3960        38.32
      2.3970        38.27
      2.3980        38.29
      2.3990        38.16
      2.4000        37.97
      2.4010        37.84
      2.4020        37.77
      2.4030        37.78
      2.4040        37.86
      2.4050        37.81
      2.4060        37.74
      2.4070        37.62
      2.4080        37.62
      2.4090        37.69
      2.4100        37.85
      2.4110        37.81
      2.4120        37.69
      2.4130        37.78
      2.4140        37.84
      2.4150        37.92
      2.4160        37.96
      2.4170        37.97
      2.4180        37.97
      2.4190        38.05
      2.4200        38.13
      2.4210        38.11
      2.4220        38.12
      2.4230        38.28
      2.4240        38.20
      2.4250        37.99
      2.4260        38.07
      2.4270        37.96
      2.4280        38.07
      2.4290        38.12
      2.4300        38.08
      2.4310        37.99
      2.4320        37.89
      2.4330        37.77
      2.4340        37.56
      2.4350        37.49
      2.4360        37.34
      2.4370        37.29
      2.4380        37.24
      2.4390        37.00
      2.4400        36.97
      2.4410        36.95
      2.4420        36.90
      2.4430        36.65
      2.4440        36.65
      2.4450        36.62
      2.4460        36.50
      2.4470        36.61
      2.4480        36.54
      2.4490        36.46
      2.4500        36.32
      2.4510        36.34
      2.4520        36.44
      2.4530        36.61
      2.4540        36.66
      2.4550        36.58
      2.4560        36.81
      2.4570        36.88
      2.4580        36.81
      2.4590        36.97
      2.4600        37.16
      2.4610        37.18
      2.4620        37.24
      2.4630        37.42
      2.4640        37.55
      2.4650        37.69
      2.4660        37.91
      2.4670        37.93
      2.4680        37.86
      2.4690        37.95
      2.4700        38.03
      2.4710        38.02
      2.4720        37.99
      2.4730        37.91
      2.4740        38.05
      2.4750        38.27
      2.4760        38.09
      2.4770        38.01
      2.4780        38.12
      2.4790        37.97
      2.4800        37.79
      2.4810        37.74
      2.4820        37.74
      2.4830        37.79
      2.4840        37.58
      2.4850        37.52
      2.4860        37.36
      2.4870        37.19
      2.4880        37.15
      2.4890        36.99
      2.4900        36.99
      2.4910        37.12
      2.4920        37.16
      2.4930        37.13
      2.4940        37.10
      2.4950        36.83
      2.4960        36.92
      2.4970        37.00
      2.4980        36.96
      2.4990        37.08
      2.5000        37.15
      2.5010        37.18
      2.5020        37.31
      2.5030        37.15
      2.5040        37.15
      2.5050        36.97
      2.5060        36.97
      2.5070        37.13
      2.5080        37.10
      2.5090        37.15
      2.5100        37.09
      2.5110        36.89
      2.5120        36.85
      2.5130        36.75
      2.5140        36.62
      2.5150        36.62
      2.5160        36.40
      2.5170        36.20
      2.5180        35.99
      2.5190        35.80
      2.5200        35.57
      2.5210        35.63
      2.5220        35.30
      2.5230        35.25
      2.5240        35.16
      2.5250        35.12
      2.5260        34.95
      2.5270        34.78
      2.5280        34.63
      2.5290        34.40
      2.5300        34.23
      2.5310        34.11
      2.5320        33.92
      2.5330        33.94
      2.5340        33.82
      2.5350        33.81
      2.5360        33.81
      2.5370        33.92
      2.5380        33.93
      2.5390        33.97
      2.5400        34.01
      2.5410        33.89
      2.5420        33.88
      2.5430        33.80
      2.5440        33.74
      2.5450        33.82
      2.5460        33.84
      2.5470        33.68
      2.5480        33.69
      2.5490        33.81
      2.5500        33.89
      2.5510        33.90
      2.5520        33.88
      2.5530        33.68
      2.5540        33.69
      2.5550        33.76
      2.5560        33.79
      2.5570        33.64
      2.5580        33.68
      2.5590        33.58
      2.5600        33.36
      2.5610        33.25
      2.5620        33.19
      2.5630        33.09
      2.5640        33.14
      2.5650        32.90
      2.5660        32.82
      2.5670        32.98
      2.5680        32.93
      2.5690        32.81
      2.5700        32.68
      2.5710        32.52
      2.5720        32.48
      2.5730        32.41
      2.5740        32.33
      2.5750        32.08
      2.5760        31.97
      2.5770        31.94
      2.5780        31.82
      2.5790        31.75
      2.5800        31.81
      2.5810        31.85
      2.5820        31.87
      2.5830        31.86
      2.5840        31.79
      2.5850        31.94
      2.5860        31.94
      2.5870        31.90
      2.5880        31.93
      2.5890        31.80
      2.5900        31.77
      2.5910        31.85
      2.5920        31.91
      2.5930        31.84
      2.5940        31.85
      2.5950        31.78
      2.5960        31.71
      2.5970        31.54
      2.5980        31.45
      2.5990        31.54
      2.6000        31.26
      2.6010        31.11
      2.6020        30.98
      2.6030        30.86
      2.6040        30.77
      2.6050        30.63
      2.6060        30.38
      2.6070        30.27
      2.6080        30.12
      2.6090        30.12
      2.6100        30.13
      2.6110        30.01
      2.6120        29.81
      2.6130        29.73
      2.6140        29.57
      2.6150        29.43
      2.6160        29.33
      2.6170        29.33
      2.6180        29.31
      2.6190        29.29
      2.6200        29.49
      2.6210        29.41
      2.6220        29.56
      2.6230        29.52
      2.6240        29.41
      2.6250        29.45
      2.6260        29.53
      2.6270        29.49
      2.6280        29.50
      2.6290        29.32
      2.6300        29.22
      2.6310        29.30
      2.6320        29.32
      2.6330        29.28
      2.6340        29.20
      2.6350        29.09
      2.6360        29.04
      2.6370        28.84
      2.6380        28.62
      2.6390        28.28
      2.6400        28.20
      2.6410        28.08
      2.6420        27.83
      2.6430        27.72
      2.6440        27.60
      2.6450        27.43
      2.6460        27.26
      2.6470        26.92
      2.6480        26.76
      2.6490        26.59
      2.6500        26.43
      2.6510        26.20
      2.6520        26.11
      2.6530        25.99
      2.6540        25.93
      2.6550        26.04
      2.6560        25.83
      2.6570        25.89
      2.6580        25.82
      2.6590        25.88
      2.6600        25.80
      2.6610        25.77
      2.6620        25.68
      2.6630        25.54
      2.6640        25.44
      2.6650        25.25
      2.6660        25.20
      2.6670        25.18
      2.6680        25.24
      2.6690        25.16
      2.6700        25.03
      2.6710        24.95
      2.6720        24.83
      2.6730        24.73
      2.6740        24.69
      2.6750        24.45
      2.6760        24.44
      2.6770        24.24
      2.6780        24.18
      2.6790        23.93
      2.6800        23.78
      2.6810        23.60
      2.6820        23.37
      2.6830        23.36
      2.6840        23.09
      2.6850        23.09
      2.6860        23.01
      2.6870        22.89
      2.6880        22.65
      2.6890        22.65
      2.6900        22.45
      2.6910        22.11
      2.6920        21.80
      2.6930        21.60
      2.6940        21.29
      2.6950        21.15
      2.6960        20.97
      2.6970        20.76
      2.6980        20.78
      2.6990        20.69
      2.7000        20.32
      2.7010        20.33
      2.7020        20.26
      2.7030        20.10
      2.7040        20.16
      2.7050        20.11
      2.7060        19.88
      2.7070        19.91
      2.7080        19.83
      2.7090        19.72
      2.7100        19.72
      2.7110        19.75
      2.7120        19.84
      2.7130        19.88
      2.7140        19.84
      2.7150        19.83
      2.7160        19.69
      2.7170        19.69
      2.7180        19.46
      2.7190        19.51
      2.7200        19.54
      2.7210        19.42
      2.7220        19.36
      2.7230        19.26
      2.7240        18.96
      2.7250        18.75
      2.7260        18.68
      2.7270        18.40
      2.7280        18.14
      2.7290        17.89
      2.7300        17.69
      2.7310        17.41
      2.7320        17.03
      2.7330        16.87
      2.7340        16.77
      2.7350        16.59
      2.7360        16.42
      2.7370        16.28
      2.7380        16.09
      2.7390        15.86
      2.7400        15.78
      2.7410        15.56
      2.7420        15.41
      2.7430        15.41
      2.7440        15.43
      2.7450        15.28
      2.7460        15.20
      2.7470        15.23
      2.7480        15.19
      2.7490        15.15
      2.7500        15.04
      2.7510        15.07
      2.7520        15.08
      2.7530        14.84
      2.7540        14.56
      2.7550        14.42
      2.7560        14.43
      2.7570        14.07
      2.7580        14.00
      2.7590        13.76
      2.7600        13.50
      2.7610        13.16
      2.7620        12.85
      2.7630        12.51
      2.7640        12.36
      2.7650        12.08
      2.7660        11.94
      2.7670        11.67
      2.7680        11.35
      2.7690        11.32
      2.7700        11.15
      2.7710        10.96
      2.7720        10.77
      2.7730        10.81
      2.7740        10.76
      2.7750        10.69
      2.7760        10.41
      2.7770        10.42
      2.7780        10.17
      2.7790        10.13
      2.7800        10.09
      2.7810        10.13
      2.7820        10.10
      2.7830         9.87
      2.7840         9.90
      2.7850         9.96
      2.7860         9.86
      2.7870         9.68
      2.7880         9.79
      2.7890         9.63
      2.7900         9.59
      2.7910         9.34
      2.7920         9.24
      2.7930         9.06
      2.7940         8.97
      2.7950         8.75
      2.7960         8.71
      2.7970         8.65
      2.7980         8.69
      2.7990         8.43
      2.8000         8.25
      2.8010         8.16
      2.8020         8.03
      2.8030         7.99
      2.8040         7.62
      2.8050         7.40
      2.8060         7.17
      2.8070         7.06
      2.8080         6.71
      2.8090         6.40
      2.8100         6.03
      2.8110         5.92
      2.8120         5.68
      2.8130         5.60
      2.8140         5.34
      2.8150         5.17
      2.8160         5.06
      2.8170         4.89
      2.8180         4.50
      2.8190         4.51
      2.8200         3.91
      2.8210         3.79
      2.8220         3.79
      2.8230         3.71
      2.8240         3.75
      2.8250         3.60
      2.8260         3.42
      2.8270         3.33
      2.8280         3.29
      2.8290         3.24
      2.8300         3.28
      2.8310         3.37
      2.8320         3.89
      2.8330         3.81
      2.8340         3.80
      2.8350         3.73
      2.8360         3.55
      2.8370         3.43
      2.8380         3.50
      2.8390         3.34
      2.8400         2.91
      2.8410         2.79
      2.8420         3.15
      2.8430         2.60
      2.8440         2.52
      2.8450         2.51
      2.8460         2.52
      2.8470         2.53
      2.8480         1.88
      2.8490         1.81
      2.8500         1.78
      2.8510         1.57
      2.8520         1.52
      2.8530         1.38
      2.8540         1.29
      2.8550         1.14
      2.8560         1.00
      2.8570         1.00
      2.8580         1.00
      2.8590         1.00
      2.8600         1.00
      2.8610         1.00
      2.8620         1.00
      2.8630         1.00
      2.8640         1.00
      2.8650         1.00
      2.8660         1.00
      2.8670         1.00
      2.8680         1.00
      2.8690         1.00
      2.8700         1.00
      2.8710         1.00
      2.8720         1.00
      2.8730         1.00
      2.8740         1.00
      2.8750         1.00
      2.8760         1.00
      2.8770         1.00
      2.8780         1.00
      2.8790         1.00
      2.8800         1.00
      2.8810         1.00
      2.8820         1.00
      2.8830         1.00
      2.8840         1.00
      2.8850         1.00
      2.8860         1.00
      2.8870         1.00
      2.8880         1.00
      2.8890         1.00
      2.8900         1.00
      2.8910         1.00
      2.8920         1.00
      2.8930         1.00
      2.8940         1.00
      2.8950         1.00
      2.8960         1.00
      2.8970         1.00
      2.8980         1.00
      2.8990         1.00
      2.9000         1.00
      2.9010         1.00
      2.9020         1.00
      2.9030         1.00
      2.9040         1.00
      2.9050         1.00
      2.9060         1.00
      2.9070         1.00
      2.9080         1.00
      2.9090         1.00
      2.9100         1.00
      2.9110         1.00
      2.9120         1.00
      2.9130         1.00
      2.9140         1.00
      2.9150         1.00
      2.9160         1.00
      2.9170         1.00
      2.9180         1.00
      2.9190         1.00
      2.9200         1.00
      2.9210         1.00
      2.9220         1.00
      2.9230         1.00
      2.9240         1.00
      2.9250         1.00
      2.9260         1.00
      2.9270         1.00
      2.9280         1.00
      2.9290         1.00
      2.9300         1.00
      2.9310         1.00
      2.9320         1.00
      2.9330         1.00
      2.9340         1.00
      2.9350         1.00
      2.9360         1.00
      2.9370         1.00
      2.9380         1.00
      2.9390         1.00
      2.9400         1.00
      2.9410         1.00
      2.9420         1.00
      2.9430         1.00
      2.9440         1.00
      2.9450         1.00
      2.9460         1.00
      2.9470         1.00
      2.9480         1.00
      2.9490         1.00
      2.9500         1.00
      2.9510         1.00
      2.9520         1.00
      2.9530         1.00
      2.9540         1.00
      2.9550         1.00
      2.9560         1.00
      2.9570         1.00
      2.9580         1.00
      2.9590         1.00
      2.9600         1.00
      2.9610         1.00
      2.9620         1.00
      2.9630         1.00
      2.9640         1.00
      2.9650         1.00
      2.9660         1.00
      2.9670         1.00
      2.9680         1.00
      2.9690         1.00
      2.9700         1.00
      2.9710         1.00
      2.9720         1.00
      2.9730         1.00
      2.9740         1.00
      2.9750         1.00
      2.9760         1.00
      2.9770         1.00
      2.9780         1.00
      2.9790         1.00
      2.9800         1.00
      2.9810         1.00
      2.9820         1.00
      2.9830         1.00
      2.9840         1.00
      2.9850         1.00
      2.9860         1.00
      2.9870         1.00
      2.9880         1.00
      2.9890         1.00
      2.9900         1.00
      2.9910         1.00
      2.9920         1.00
      2.9930         1.00
      2.9940         1.00
      2.9950         1.00
      2.9960         1.00
      2.9970         1.00
      2.9980         1.00
      2.9990         1.00
