        Time   Palpation Force
      0.0000         1.00
      0.0010         1.00
      0.0020         1.00
      0.0030         1.00
      0.0040         1.00
      0.0050         1.00
      0.0060         1.00
      0.0070         1.00
      0.0080         1.00
      0.0090         1.00
      0.0100         1.00
      0.0110         1.00
      0.0120         1.00
      0.0130         1.00
      0.0140         1.00
      0.0150         1.00
      0.0160         1.00
      0.0170         1.00
      0.0180         1.00
      0.0190         1.00
      0.0200         1.00
      0.0210         1.00
      0.0220         1.00
      0.0230         1.00
      0.0240         1.00
      0.0250         1.00
      0.0260         1.00
      0.0270         1.00
      0.0280         1.00
      0.0290         1.00
      0.0300         1.00
      0.0310         1.00
      0.0320         1.00
      0.0330         1.00
      0.0340         1.00
      0.0350         1.00
      0.0360         1.00
      0.0370         1.00
      0.0380         1.00
      0.0390         1.00
      0.0400         1.00
      0.0410         1.00
      0.0420         1.00
      0.0430         1.00
      0.0440         1.00
      0.0450         1.00
      0.0460         1.00
      0.0470         1.00
      0.0480         1.00
      0.0490         1.00
      0.0500         1.00
      0.0510         1.00
      0.0520         1.00
      0.0530         1.00
      0.0540         1.00
      0.0550         1.00
      0.0560         1.00
      0.0570         1.00
      0.0580         1.00
      0.0590         1.00
      0.0600         1.00
      0.0610         1.00
      0.0620         1.00
      0.0630         1.00
      0.0640         1.00
      0.0650         1.00
      0.0660         1.00
      0.0670         1.00
      0.0680         1.00
      0.0690         1.00
      0.0700         1.00
      0.0710         1.00
      0.0720         1.00
      0.0730         1.00
      0.0740         1.00
      0.0750         1.00
      0.0760         1.00
      0.0770         1.00
      0.0780         1.00
      0.0790         1.00
      0.0800         1.00
      0.0810         1.00
      0.0820         1.00
      0.0830         1.00
      0.0840         1.00
      0.0850         1.00
      0.0860         1.00
      0.0870         1.00
      0.0880         1.00
      0.0890         1.00
      0.0900         1.00
      0.0910         1.00
      0.0920         1.00
      0.0930         1.00
      0.0940         1.00
      0.0950         1.00
      0.0960         1.00
      0.0970         1.00
      0.0980         1.00
      0.0990         1.00
      0.1000         1.00
      0.1010         1.00
      0.1020         1.00
      0.1030         1.00
      0.1040         1.00
      0.1050         1.00
      0.1060         1.00
      0.1070         1.00
      0.1080         1.00
      0.1090         1.00
      0.1100         1.00
      0.1110         1.00
      0.1120         1.00
      0.1130         1.00
      0.1140         1.00
      0.1150         1.00
      0.1160         1.00
      0.1170         1.00
      0.1180         1.00
      0.1190         1.00
      0.1200         1.00
      0.1210         1.00
      0.1220         1.00
      0.1230         1.00
      0.1240         1.00
      0.1250         1.00
      0.1260         1.00
      0.1270         1.00
      0.1280         1.00
      0.1290         1.00
      0.1300         1.00
      0.1310         1.00
      0.1320         1.00
      0.1330         1.00
      0.1340         1.00
      0.1350         1.00
      0.1360         1.00
      0.1370         1.00
      0.1380         1.00
      0.1390         1.00
      0.1400         1.00
      0.1410         1.00
      0.1420         1.00
      0.1430         1.00
      0.1440         1.00
      0.1450         1.00
      0.1460         1.00
      0.1470         1.00
      0.1480         1.00
      0.1490         1.00
      0.1500         1.00
      0.1510         1.00
      0.1520         1.00
      0.1530         1.00
      0.1540         1.00
      0.1550         1.00
      0.1560         1.00
      0.1570         1.00
      0.1580         1.00
      0.1590         1.00
      0.1600         1.00
      0.1610         1.00
      0.1620         1.00
      0.1630         1.00
      0.1640         1.00
      0.1650         1.00
      0.1660         1.00
      0.1670         1.00
      0.1680         1.00
      0.1690         1.00
      0.1700         1.00
      0.1710         1.00
      0.1720         1.00
      0.1730         1.00
      0.1740         1.00
      0.1750         1.00
      0.1760         1.00
      0.1770         1.00
      0.1780         1.00
      0.1790         1.00
      0.1800         1.00
      0.1810         1.00
      0.1820         1.00
      0.1830         1.00
      0.1840         1.00
      0.1850         1.00
      0.1860         1.00
      0.1870         1.00
      0.1880         1.00
      0.1890         1.00
      0.1900         1.00
      0.1910         1.00
      0.1920         1.00
      0.1930         1.00
      0.1940         1.00
      0.1950         1.00
      0.1960         1.00
      0.1970         1.00
      0.1980         1.00
      0.1990         1.00
      0.2000         1.00
      0.2010         1.00
      0.2020         1.00
      0.2030         1.00
      0.2040         1.00
      0.2050         1.00
      0.2060         1.00
      0.2070         1.00
      0.2080         1.00
      0.2090         1.00
      0.2100         1.00
      0.2110         1.00
      0.2120         1.00
      0.2130         1.00
      0.2140         1.00
      0.2150         1.00
      0.2160         1.00
      0.2170         1.00
      0.2180         1.00
      0.2190         1.00
      0.2200         1.00
      0.2210         1.00
      0.2220         1.00
      0.2230         1.00
      0.2240         1.00
      0.2250         1.00
      0.2260         1.00
      0.2270         1.00
      0.2280         1.00
      0.2290         1.00
      0.2300         1.00
      0.2310         1.00
      0.2320         1.00
      0.2330         1.00
      0.2340         1.00
      0.2350         1.00
      0.2360         1.00
      0.2370         1.00
      0.2380         1.00
      0.2390         1.00
      0.2400         1.00
      0.2410         1.00
      0.2420         1.00
      0.2430         1.00
      0.2440         1.00
      0.2450         1.00
      0.2460         1.00
      0.2470         1.00
      0.2480         1.00
      0.2490         1.00
      0.2500         1.00
      0.2510         1.00
      0.2520         1.00
      0.2530         1.00
      0.2540         1.00
      0.2550         1.00
      0.2560         1.00
      0.2570         1.00
      0.2580         1.00
      0.2590         1.00
      0.2600         1.00
      0.2610         1.00
      0.2620         1.00
      0.2630         1.00
      0.2640         1.00
      0.2650         1.00
      0.2660         1.00
      0.2670         1.00
      0.2680         1.00
      0.2690         1.00
      0.2700         1.00
      0.2710         1.00
      0.2720         1.00
      0.2730         1.00
      0.2740         1.00
      0.2750         1.00
      0.2760         1.00
      0.2770         1.00
      0.2780         1.00
      0.2790         1.00
      0.2800         1.00
      0.2810         1.00
      0.2820         1.00
      0.2830         1.00
      0.2840         1.00
      0.2850         1.00
      0.2860         1.00
      0.2870         1.00
      0.2880         1.00
      0.2890         1.00
      0.2900         1.00
      0.2910         1.00
      0.2920         1.00
      0.2930         1.00
      0.2940         1.00
      0.2950         1.00
      0.2960         1.00
      0.2970         1.00
      0.2980         1.00
      0.2990         1.00
      0.3000         1.00
      0.3010         1.00
      0.3020         1.00
      0.3030         1.00
      0.3040         1.00
      0.3050         1.00
      0.3060         1.00
      0.3070         1.00
      0.3080         1.00
      0.3090         1.00
      0.3100         1.00
      0.3110         1.00
      0.3120         1.00
      0.3130         1.00
      0.3140         1.00
      0.3150         1.00
      0.3160         1.00
      0.3170         1.00
      0.3180         1.00
      0.3190         1.00
      0.3200         1.00
      0.3210         1.00
      0.3220         1.00
      0.3230         1.00
      0.3240         1.00
      0.3250         1.00
      0.3260         1.00
      0.3270         1.00
      0.3280         1.00
      0.3290         1.00
      0.3300         1.00
      0.3310         1.00
      0.3320         1.00
      0.3330         1.00
      0.3340         1.00
      0.3350         1.00
      0.3360         1.00
      0.3370         1.00
      0.3380         1.00
      0.3390         1.00
      0.3400         1.00
      0.3410         1.00
      0.3420         1.00
      0.3430         1.00
      0.3440         1.00
      0.3450         1.00
      0.3460         1.00
      0.3470         1.00
      0.3480         1.00
      0.3490         1.00
      0.3500         1.00
      0.3510         1.00
      0.3520         1.00
      0.3530         1.00
      0.3540         1.00
      0.3550         1.00
      0.3560         1.00
      0.3570         1.00
      0.3580         1.00
      0.3590         1.00
      0.3600         1.00
      0.3610         1.00
      0.3620         1.00
      0.3630         1.00
      0.3640         1.00
      0.3650         1.00
      0.3660         1.00
      0.3670         1.00
      0.3680         1.00
      0.3690         1.00
      0.3700         1.00
      0.3710         1.00
      0.3720         1.00
      0.3730         1.00
      0.3740         1.00
      0.3750         1.00
      0.3760         1.00
      0.3770         1.00
      0.3780         1.00
      0.3790         1.00
      0.3800         1.00
      0.3810         1.00
      0.3820         1.00
      0.3830         1.00
      0.3840         1.00
      0.3850         1.00
      0.3860         1.00
      0.3870         1.00
      0.3880         1.00
      0.3890         1.00
      0.3900         1.00
      0.3910         1.00
      0.3920         1.00
      0.3930         1.00
      0.3940         1.00
      0.3950         1.00
      0.3960         1.00
      0.3970         1.00
      0.3980         1.00
      0.3990         1.00
      0.4000         1.00
      0.4010         1.00
      0.4020         1.00
      0.4030         1.00
      0.4040         1.00
      0.4050         1.00
      0.4060         1.00
      0.4070         1.00
      0.4080         1.00
      0.4090         1.00
      0.4100         1.00
      0.4110         1.00
      0.4120         1.00
      0.4130         1.00
      0.4140         1.00
      0.4150         1.00
      0.4160         1.00
      0.4170         1.00
      0.4180         1.00
      0.4190         1.00
      0.4200         1.00
      0.4210         1.00
      0.4220         1.00
      0.4230         1.00
      0.4240         1.00
      0.4250         1.00
      0.4260         1.00
      0.4270         1.00
      0.4280         1.00
      0.4290         1.00
      0.4300         1.00
      0.4310         1.00
      0.4320         1.00
      0.4330         1.00
      0.4340         1.00
      0.4350         1.00
      0.4360         1.00
      0.4370         1.00
      0.4380         1.00
      0.4390         1.00
      0.4400         1.00
      0.4410         1.00
      0.4420         1.00
      0.4430         1.00
      0.4440         1.00
      0.4450         1.00
      0.4460         1.00
      0.4470         1.00
      0.4480         1.00
      0.4490         1.00
      0.4500         1.00
      0.4510         1.00
      0.4520         1.00
      0.4530         1.00
      0.4540         1.00
      0.4550         1.00
      0.4560         1.00
      0.4570         1.00
      0.4580         1.00
      0.4590         1.00
      0.4600         1.00
      0.4610         1.00
      0.4620         1.00
      0.4630         1.00
      0.4640         1.00
      0.4650         1.00
      0.4660         1.00
      0.4670         1.00
      0.4680         1.00
      0.4690         1.00
      0.4700         1.00
      0.4710         1.00
      0.4720         1.00
      0.4730         1.00
      0.4740         1.00
      0.4750         1.00
      0.4760         1.00
      0.4770         1.00
      0.4780         1.00
      0.4790         1.00
      0.4800         1.00
      0.4810         1.00
      0.4820         1.00
      0.4830         1.00
      0.4840         1.00
      0.4850         1.00
      0.4860         1.04
      0.4870         1.00
      0.4880         1.00
      0.4890         1.00
      0.4900         1.00
      0.4910         1.00
      0.4920         1.00
      0.4930         1.00
      0.4940         1.00
      0.4950         1.00
      0.4960         1.00
      0.4970         1.00
      0.4980         1.00
      0.4990         1.00
      0.5000         1.00
      0.5010         1.00
      0.5020         1.00
      0.5030         1.00
      0.5040         1.00
      0.5050         1.00
      0.5060         1.00
      0.5070         1.00
      0.5080         1.00
      0.5090         1.00
      0.5100         1.00
      0.5110         1.00
      0.5120         1.00
      0.5130         1.00
      0.5140         1.00
      0.5150         1.00
      0.5160         1.00
      0.5170         1.00
      0.5180         1.00
      0.5190         1.00
      0.5200         1.00
      0.5210         1.00
      0.5220         1.00
      0.5230         1.00
      0.5240         1.00
      0.5250         1.00
      0.5260         1.00
      0.5270         1.00
      0.5280         1.00
      0.5290         1.00
      0.5300         1.00
      0.5310         1.00
      0.5320         1.00
      0.5330         1.00
      0.5340         1.00
      0.5350         1.00
      0.5360         1.00
      0.5370         1.00
      0.5380         1.00
      0.5390         1.00
      0.5400         1.00
      0.5410         1.00
      0.5420         1.00
      0.5430         1.00
      0.5440         1.00
      0.5450         1.00
      0.5460         1.00
      0.5470         1.00
      0.5480         1.00
      0.5490         1.00
      0.5500         1.00
      0.5510         1.00
      0.5520         1.00
      0.5530         1.00
      0.5540         1.00
      0.5550         1.00
      0.5560         1.00
      0.5570         1.00
      0.5580         1.00
      0.5590         1.00
      0.5600         1.00
      0.5610         1.00
      0.5620         1.00
      0.5630         1.00
      0.5640         1.00
      0.5650         1.00
      0.5660         1.00
      0.5670         1.00
      0.5680         1.00
      0.5690         1.00
      0.5700         1.00
      0.5710         1.00
      0.5720         1.00
      0.5730         1.00
      0.5740         1.00
      0.5750         1.00
      0.5760         1.00
      0.5770         1.00
      0.5780         1.00
      0.5790         1.00
      0.5800         1.00
      0.5810         1.00
      0.5820         1.00
      0.5830         1.00
      0.5840         1.00
      0.5850         1.00
      0.5860         1.00
      0.5870         1.00
      0.5880         1.00
      0.5890         1.00
      0.5900         1.00
      0.5910         1.00
      0.5920         1.00
      0.5930         1.00
      0.5940         1.00
      0.5950         1.00
      0.5960         1.00
      0.5970         1.00
      0.5980         1.00
      0.5990         1.00
      0.6000         1.00
      0.6010         1.00
      0.6020         1.00
      0.6030         1.00
      0.6040         1.00
      0.6050         1.00
      0.6060         1.00
      0.6070         1.00
      0.6080         1.00
      0.6090         1.00
      0.6100         1.00
      0.6110         1.00
      0.6120         1.00
      0.6130         1.00
      0.6140         1.00
      0.6150         1.00
      0.6160         1.00
      0.6170         1.00
      0.6180         1.00
      0.6190         1.00
      0.6200         1.00
      0.6210         1.00
      0.6220         1.00
      0.6230         1.00
      0.6240         1.00
      0.6250         1.00
      0.6260         1.00
      0.6270         1.00
      0.6280         1.00
      0.6290         1.00
      0.6300         1.00
      0.6310         1.00
      0.6320         1.00
      0.6330         1.00
      0.6340         1.00
      0.6350         1.00
      0.6360         1.00
      0.6370         1.00
      0.6380         1.00
      0.6390         1.00
      0.6400         1.00
      0.6410         1.00
      0.6420         1.00
      0.6430         1.00
      0.6440         1.00
      0.6450         1.00
      0.6460         1.00
      0.6470         1.00
      0.6480         1.00
      0.6490         1.00
      0.6500         1.00
      0.6510         1.00
      0.6520         1.00
      0.6530         1.00
      0.6540         1.00
      0.6550         1.00
      0.6560         1.00
      0.6570         1.00
      0.6580         1.00
      0.6590         1.00
      0.6600         1.00
      0.6610         1.00
      0.6620         1.00
      0.6630         1.00
      0.6640         1.00
      0.6650         1.00
      0.6660         1.00
      0.6670         1.00
      0.6680         1.00
      0.6690         1.00
      0.6700         1.00
      0.6710         1.00
      0.6720         1.00
      0.6730         1.00
      0.6740         1.00
      0.6750         1.00
      0.6760         1.00
      0.6770         1.00
      0.6780         1.00
      0.6790         1.00
      0.6800         1.00
      0.6810         1.00
      0.6820         1.00
      0.6830         1.00
      0.6840         1.00
      0.6850         1.00
      0.6860         1.00
      0.6870         1.00
      0.6880         1.00
      0.6890         1.00
      0.6900         1.00
      0.6910         1.00
      0.6920         1.00
      0.6930         1.00
      0.6940         1.00
      0.6950         1.00
      0.6960         1.00
      0.6970         1.00
      0.6980         1.00
      0.6990         1.00
      0.7000         1.00
      0.7010         1.00
      0.7020         1.00
      0.7030         1.00
      0.7040         1.00
      0.7050         1.00
      0.7060         1.00
      0.7070         1.00
      0.7080         1.00
      0.7090         1.00
      0.7100         1.00
      0.7110         1.00
      0.7120         1.00
      0.7130         1.00
      0.7140         1.00
      0.7150         1.00
      0.7160         1.00
      0.7170         1.00
      0.7180         1.00
      0.7190         1.00
      0.7200         1.00
      0.7210         1.00
      0.7220         1.00
      0.7230         1.00
      0.7240         1.00
      0.7250         1.00
      0.7260         1.00
      0.7270         1.00
      0.7280         1.00
      0.7290         1.00
      0.7300         1.00
      0.7310         1.00
      0.7320         1.00
      0.7330         1.00
      0.7340         1.00
      0.7350         1.00
      0.7360         1.00
      0.7370         1.00
      0.7380         1.00
      0.7390         1.00
      0.7400         1.00
      0.7410         1.00
      0.7420         1.00
      0.7430         1.00
      0.7440         1.00
      0.7450         1.00
      0.7460         1.00
      0.7470         1.00
      0.7480         1.00
      0.7490         1.00
      0.7500         1.00
      0.7510         1.00
      0.7520         1.00
      0.7530         1.00
      0.7540         1.00
      0.7550         1.00
      0.7560         1.00
      0.7570         1.00
      0.7580         1.00
      0.7590         1.00
      0.7600         1.00
      0.7610         1.00
      0.7620         1.00
      0.7630         1.00
      0.7640         1.00
      0.7650         1.00
      0.7660         1.00
      0.7670         1.00
      0.7680         1.00
      0.7690         1.00
      0.7700         1.00
      0.7710         1.00
      0.7720         1.00
      0.7730         1.00
      0.7740         1.00
      0.7750         1.00
      0.7760         1.00
      0.7770         1.00
      0.7780         1.00
      0.7790         1.00
      0.7800         1.00
      0.7810         1.00
      0.7820         1.00
      0.7830         1.00
      0.7840         1.00
      0.7850         1.00
      0.7860         1.00
      0.7870         1.00
      0.7880         1.00
      0.7890         1.00
      0.7900         1.00
      0.7910         1.00
      0.7920         1.00
      0.7930         1.00
      0.7940         1.00
      0.7950         1.00
      0.7960         1.00
      0.7970         1.00
      0.7980         1.00
      0.7990         1.00
      0.8000         1.00
      0.8010         1.00
      0.8020         1.00
      0.8030         1.00
      0.8040         1.00
      0.8050         1.00
      0.8060         1.00
      0.8070         1.00
      0.8080         1.00
      0.8090         1.00
      0.8100         1.00
      0.8110         1.00
      0.8120         1.00
      0.8130         1.00
      0.8140         1.00
      0.8150         1.00
      0.8160         1.00
      0.8170         1.00
      0.8180         1.00
      0.8190         1.00
      0.8200         1.00
      0.8210         1.00
      0.8220         1.00
      0.8230         1.00
      0.8240         1.00
      0.8250         1.00
      0.8260         1.00
      0.8270         1.00
      0.8280         1.00
      0.8290         1.00
      0.8300         1.00
      0.8310         1.00
      0.8320         1.00
      0.8330         1.00
      0.8340         1.00
      0.8350         1.00
      0.8360         1.00
      0.8370         1.00
      0.8380         1.00
      0.8390         1.00
      0.8400         1.00
      0.8410         1.00
      0.8420         1.00
      0.8430         1.00
      0.8440         1.00
      0.8450         1.00
      0.8460         1.00
      0.8470         1.00
      0.8480         1.00
      0.8490         1.00
      0.8500         1.00
      0.8510         1.00
      0.8520         1.00
      0.8530         1.00
      0.8540         1.00
      0.8550         1.00
      0.8560         1.00
      0.8570         1.00
      0.8580         1.00
      0.8590         1.00
      0.8600         1.00
      0.8610         1.00
      0.8620         1.00
      0.8630         1.00
      0.8640         1.00
      0.8650         1.00
      0.8660         1.00
      0.8670         1.00
      0.8680         1.00
      0.8690         1.00
      0.8700         1.00
      0.8710         1.00
      0.8720         1.00
      0.8730         1.00
      0.8740         1.00
      0.8750         1.00
      0.8760         1.00
      0.8770         1.00
      0.8780         1.00
      0.8790         1.00
      0.8800         1.00
      0.8810         1.00
      0.8820         1.00
      0.8830         1.00
      0.8840         1.00
      0.8850         1.00
      0.8860         1.00
      0.8870         1.00
      0.8880         1.00
      0.8890         1.00
      0.8900         1.00
      0.8910         1.00
      0.8920         1.00
      0.8930         1.00
      0.8940         1.00
      0.8950         1.00
      0.8960         1.00
      0.8970         1.00
      0.8980         1.00
      0.8990         1.00
      0.9000         1.00
      0.9010         1.00
      0.9020         1.00
      0.9030         1.00
      0.9040         1.00
      0.9050         1.00
      0.9060         1.00
      0.9070         1.00
      0.9080         1.00
      0.9090         1.00
      0.9100         1.00
      0.9110         1.00
      0.9120         1.00
      0.9130         1.00
      0.9140         1.00
      0.9150         1.00
      0.9160         1.00
      0.9170         1.00
      0.9180         1.00
      0.9190         1.00
      0.9200         1.00
      0.9210         1.00
      0.9220         1.00
      0.9230         1.00
      0.9240         1.00
      0.9250         1.00
      0.9260         1.00
      0.9270         1.00
      0.9280         1.00
      0.9290         1.00
      0.9300         1.00
      0.9310         1.00
      0.9320         1.00
      0.9330         1.00
      0.9340         1.00
      0.9350         1.00
      0.9360         1.00
      0.9370         1.00
      0.9380         1.00
      0.9390         1.00
      0.9400         1.00
      0.9410         1.00
      0.9420         1.00
      0.9430         1.00
      0.9440         1.00
      0.9450         1.00
      0.9460         1.00
      0.9470         1.00
      0.9480         1.00
      0.9490         1.00
      0.9500         1.00
      0.9510         1.00
      0.9520         1.00
      0.9530         1.00
      0.9540         1.00
      0.9550         1.00
      0.9560         1.00
      0.9570         1.00
      0.9580         1.00
      0.9590         1.00
      0.9600         1.00
      0.9610         1.00
      0.9620         1.00
      0.9630         1.00
      0.9640         1.00
      0.9650         1.00
      0.9660         1.00
      0.9670         1.00
      0.9680         1.00
      0.9690         1.00
      0.9700         1.00
      0.9710         1.00
      0.9720         1.00
      0.9730         1.00
      0.9740         1.00
      0.9750         1.00
      0.9760         1.00
      0.9770         1.00
      0.9780         1.00
      0.9790         1.00
      0.9800         1.00
      0.9810         1.00
      0.9820         1.00
      0.9830         1.00
      0.9840         1.00
      0.9850         1.00
      0.9860         1.00
      0.9870         1.00
      0.9880         1.00
      0.9890         1.00
      0.9900         1.00
      0.9910         1.00
      0.9920         1.00
      0.9930         1.00
      0.9940         1.00
      0.9950         1.00
      0.9960         1.00
      0.9970         1.00
      0.9980         1.00
      0.9990         1.00
      1.0000         1.00
      1.0010         1.00
      1.0020         1.00
      1.0030         1.00
      1.0040         1.00
      1.0050         1.00
      1.0060         1.00
      1.0070         1.00
      1.0080         1.00
      1.0090         1.00
      1.0100         1.00
      1.0110         1.00
      1.0120         1.00
      1.0130         1.00
      1.0140         1.00
      1.0150         1.00
      1.0160         1.00
      1.0170         1.00
      1.0180         1.00
      1.0190         1.00
      1.0200         1.00
      1.0210         1.00
      1.0220         1.00
      1.0230         1.00
      1.0240         1.00
      1.0250         1.00
      1.0260         1.00
      1.0270         1.00
      1.0280         1.00
      1.0290         1.00
      1.0300         1.00
      1.0310         1.00
      1.0320         1.00
      1.0330         1.00
      1.0340         1.00
      1.0350         1.00
      1.0360         1.00
      1.0370         1.00
      1.0380         1.00
      1.0390         1.00
      1.0400         1.00
      1.0410         1.00
      1.0420         1.00
      1.0430         1.00
      1.0440         1.00
      1.0450         1.00
      1.0460         1.00
      1.0470         1.00
      1.0480         1.00
      1.0490         1.00
      1.0500         1.00
      1.0510         1.00
      1.0520         1.00
      1.0530         1.00
      1.0540         1.00
      1.0550         1.00
      1.0560         1.00
      1.0570         1.00
      1.0580         1.00
      1.0590         1.00
      1.0600         1.00
      1.0610         1.00
      1.0620         1.00
      1.0630         1.00
      1.0640         1.00
      1.0650         1.00
      1.0660         1.00
      1.0670         1.00
      1.0680         1.00
      1.0690         1.00
      1.0700         1.00
      1.0710         1.00
      1.0720         1.00
      1.0730         1.00
      1.0740         1.00
      1.0750         1.00
      1.0760         1.00
      1.0770         1.00
      1.0780         1.00
      1.0790         1.00
      1.0800         1.00
      1.0810         1.00
      1.0820         1.00
      1.0830         1.00
      1.0840         1.00
      1.0850         1.00
      1.0860         1.00
      1.0870         1.00
      1.0880         1.00
      1.0890         1.00
      1.0900         1.00
      1.0910         1.00
      1.0920         1.00
      1.0930         1.00
      1.0940         1.00
      1.0950         1.00
      1.0960         1.00
      1.0970         1.00
      1.0980         1.00
      1.0990         1.00
      1.1000         1.00
      1.1010         1.00
      1.1020         1.00
      1.1030         1.00
      1.1040         1.00
      1.1050         1.00
      1.1060         1.00
      1.1070         1.00
      1.1080         1.00
      1.1090         1.00
      1.1100         1.00
      1.1110         1.00
      1.1120         1.00
      1.1130         1.00
      1.1140         1.00
      1.1150         1.00
      1.1160         1.00
      1.1170         1.00
      1.1180         1.00
      1.1190         1.00
      1.1200         1.00
      1.1210         1.00
      1.1220         1.00
      1.1230         1.00
      1.1240         1.00
      1.1250         1.00
      1.1260         1.00
      1.1270         1.00
      1.1280         1.00
      1.1290         1.00
      1.1300         1.00
      1.1310         1.00
      1.1320         1.00
      1.1330         1.00
      1.1340         1.00
      1.1350         1.00
      1.1360         1.00
      1.1370         1.00
      1.1380         1.00
      1.1390         1.00
      1.1400         1.00
      1.1410         1.00
      1.1420         1.00
      1.1430         1.00
      1.1440         1.00
      1.1450         1.00
      1.1460         1.00
      1.1470         1.00
      1.1480         1.00
      1.1490         1.00
      1.1500         1.00
      1.1510         1.00
      1.1520         1.00
      1.1530         1.00
      1.1540         1.00
      1.1550         1.00
      1.1560         1.00
      1.1570         1.00
      1.1580         1.00
      1.1590         1.00
      1.1600         1.00
      1.1610         1.00
      1.1620         1.00
      1.1630         1.00
      1.1640         1.00
      1.1650         1.00
      1.1660         1.00
      1.1670         1.00
      1.1680         1.00
      1.1690         1.00
      1.1700         1.00
      1.1710         1.00
      1.1720         1.00
      1.1730         1.00
      1.1740         1.00
      1.1750         1.00
      1.1760         1.00
      1.1770         1.00
      1.1780         1.00
      1.1790         1.00
      1.1800         1.00
      1.1810         1.00
      1.1820         1.00
      1.1830         1.00
      1.1840         1.00
      1.1850         1.00
      1.1860         1.00
      1.1870         1.00
      1.1880         1.00
      1.1890         1.00
      1.1900         1.00
      1.1910         1.00
      1.1920         1.00
      1.1930         1.00
      1.1940         1.00
      1.1950         1.00
      1.1960         1.00
      1.1970         1.00
      1.1980         1.00
      1.1990         1.00
      1.2000         1.00
      1.2010         1.00
      1.2020         1.00
      1.2030         1.00
      1.2040         1.00
      1.2050         1.00
      1.2060         1.00
      1.2070         1.00
      1.2080         1.00
      1.2090         1.00
      1.2100         1.00
      1.2110         1.00
      1.2120         1.00
      1.2130         1.00
      1.2140         1.00
      1.2150         1.00
      1.2160         1.00
      1.2170         1.00
      1.2180         1.00
      1.2190         1.00
      1.2200         1.00
      1.2210         1.00
      1.2220         1.00
      1.2230         1.00
      1.2240         1.00
      1.2250         1.00
      1.2260         1.00
      1.2270         1.00
      1.2280         1.00
      1.2290         1.00
      1.2300         1.00
      1.2310         1.00
      1.2320         1.00
      1.2330         1.00
      1.2340         1.00
      1.2350         1.00
      1.2360         1.00
      1.2370         1.00
      1.2380         1.00
      1.2390         1.00
      1.2400         1.00
      1.2410         1.00
      1.2420         1.00
      1.2430         1.00
      1.2440         1.00
      1.2450         1.00
      1.2460         1.00
      1.2470         1.00
      1.2480         1.00
      1.2490         1.00
      1.2500         1.00
      1.2510         1.00
      1.2520         1.00
      1.2530         1.00
      1.2540         1.00
      1.2550         1.00
      1.2560         1.00
      1.2570         1.00
      1.2580         1.00
      1.2590         1.00
      1.2600         1.00
      1.2610         1.00
      1.2620         1.00
      1.2630         1.00
      1.2640         1.00
      1.2650         1.00
      1.2660         1.00
      1.2670         1.00
      1.2680         1.00
      1.2690         1.00
      1.2700         1.00
      1.2710         1.00
      1.2720         1.00
      1.2730         1.00
      1.2740         1.00
      1.2750         1.00
      1.2760         1.00
      1.2770         1.00
      1.2780         1.00
      1.2790         1.00
      1.2800         1.00
      1.2810         1.00
      1.2820         1.00
      1.2830         1.00
      1.2840         1.00
      1.2850         1.00
      1.2860         1.00
      1.2870         1.00
      1.2880         1.00
      1.2890         1.00
      1.2900         1.00
      1.2910         1.00
      1.2920         1.00
      1.2930         1.00
      1.2940         1.00
      1.2950         1.00
      1.2960         1.00
      1.2970         1.00
      1.2980         1.00
      1.2990         1.00
      1.3000         1.00
      1.3010         1.00
      1.3020         1.00
      1.3030         1.00
      1.3040         1.00
      1.3050         1.00
      1.3060         1.00
      1.3070         1.00
      1.3080         1.00
      1.3090         1.00
      1.3100         1.00
      1.3110         1.00
      1.3120         1.00
      1.3130         1.00
      1.3140         1.00
      1.3150         1.00
      1.3160         1.00
      1.3170         1.00
      1.3180         1.00
      1.3190         1.00
      1.3200         1.00
      1.3210         1.00
      1.3220         1.00
      1.3230         1.00
      1.3240         1.00
      1.3250         1.00
      1.3260         1.00
      1.3270         1.00
      1.3280         1.00
      1.3290         1.00
      1.3300         1.00
      1.3310         1.00
      1.3320         1.00
      1.3330         1.00
      1.3340         1.00
      1.3350         1.00
      1.3360         1.00
      1.3370         1.00
      1.3380         1.00
      1.3390         1.00
      1.3400         1.00
      1.3410         1.00
      1.3420         1.00
      1.3430         1.00
      1.3440         1.00
      1.3450         1.00
      1.3460         1.00
      1.3470         1.00
      1.3480         1.00
      1.3490         1.00
      1.3500         1.00
      1.3510         1.00
      1.3520         1.00
      1.3530         1.00
      1.3540         1.00
      1.3550         1.00
      1.3560         1.00
      1.3570         1.00
      1.3580         1.00
      1.3590         1.00
      1.3600         1.00
      1.3610         1.00
      1.3620         1.00
      1.3630         1.00
      1.3640         1.00
      1.3650         1.00
      1.3660         1.00
      1.3670         1.00
      1.3680         1.00
      1.3690         1.00
      1.3700         1.00
      1.3710         1.00
      1.3720         1.00
      1.3730         1.00
      1.3740         1.00
      1.3750         1.00
      1.3760         1.00
      1.3770         1.00
      1.3780         1.00
      1.3790         1.00
      1.3800         1.00
      1.3810         1.00
      1.3820         1.00
      1.3830         1.00
      1.3840         1.53
      1.3850         1.70
      1.3860         1.82
      1.3870         1.85
      1.3880         1.92
      1.3890         2.05
      1.3900         2.06
      1.3910         2.20
      1.3920         2.35
      1.3930         2.85
      1.3940         3.05
      1.3950         3.16
      1.3960         3.33
      1.3970         3.36
      1.3980         3.44
      1.3990         3.42
      1.4000         3.36
      1.4010         3.37
      1.4020         3.34
      1.4030         3.38
      1.4040         3.30
      1.4050         3.28
      1.4060         3.28
      1.4070         3.24
      1.4080         3.29
      1.4090         3.47
      1.4100         3.50
      1.4110         3.45
      1.4120         3.55
      1.4130         3.48
      1.4140         3.42
      1.4150         3.42
      1.4160         3.32
      1.4170         3.28
      1.4180         3.28
      1.4190         3.56
      1.4200         4.16
      1.4210         4.20
      1.4220         3.82
      1.4230         4.21
      1.4240         4.19
      1.4250         4.17
      1.4260         4.20
      1.4270         4.39
      1.4280         4.40
      1.4290         4.45
      1.4300         4.57
      1.4310         4.61
      1.4320         4.37
      1.4330         4.55
      1.4340         4.63
      1.4350         4.74
      1.4360         4.98
      1.4370         5.13
      1.4380         5.18
      1.4390         5.12
      1.4400         4.67
      1.4410         4.74
      1.4420         4.90
      1.4430         5.11
      1.4440         5.24
      1.4450         5.37
      1.4460         5.56
      1.4470         5.61
      1.4480         5.61
      1.4490         5.68
      1.4500         5.73
      1.4510         5.83
      1.4520         6.01
      1.4530         6.16
      1.4540         6.27
      1.4550         6.39
      1.4560         6.43
      1.4570         6.56
      1.4580         6.61
      1.4590         6.61
      1.4600         6.64
      1.4610         7.19
      1.4620         7.26
      1.4630         7.46
      1.4640         7.68
      1.4650         7.83
      1.4660         8.06
      1.4670         8.31
      1.4680         8.62
      1.4690         8.75
      1.4700         8.93
      1.4710         9.13
      1.4720         9.35
      1.4730         9.42
      1.4740         9.60
      1.4750         9.67
      1.4760         9.71
      1.4770         9.73
      1.4780         9.73
      1.4790         9.98
      1.4800        10.05
      1.4810        10.13
      1.4820        10.20
      1.4830        10.29
      1.4840        10.18
      1.4850        10.25
      1.4860        10.35
      1.4870        10.27
      1.4880        10.15
      1.4890        10.28
      1.4900        10.10
      1.4910        10.22
      1.4920        10.09
      1.4930        10.18
      1.4940        10.18
      1.4950        10.22
      1.4960        10.30
      1.4970        10.30
      1.4980        10.31
      1.4990        10.27
      1.5000        10.43
      1.5010        10.49
      1.5020        10.51
      1.5030        10.61
      1.5040        10.79
      1.5050        10.88
      1.5060        10.73
      1.5070        10.93
      1.5080        11.09
      1.5090        11.32
      1.5100        11.57
      1.5110        11.62
      1.5120        11.80
      1.5130        11.84
      1.5140        11.83
      1.5150        11.95
      1.5160        12.12
      1.5170        12.15
      1.5180        12.44
      1.5190        12.64
      1.5200        12.72
      1.5210        12.95
      1.5220        13.04
      1.5230        13.28
      1.5240        13.46
      1.5250        13.58
      1.5260        13.83
      1.5270        13.87
      1.5280        14.12
      1.5290        13.97
      1.5300        13.93
      1.5310        13.97
      1.5320        14.13
      1.5330        14.33
      1.5340        14.57
      1.5350        14.64
      1.5360        14.70
      1.5370        14.95
      1.5380        15.01
      1.5390        14.98
      1.5400        14.94
      1.5410        14.89
      1.5420        15.03
      1.5430        14.95
      1.5440        14.99
      1.5450        15.18
      1.5460        15.20
      1.5470        15.51
      1.5480        15.76
      1.5490        15.92
      1.5500        16.20
      1.5510        16.46
      1.5520        16.48
      1.5530        16.56
      1.5540        16.78
      1.5550        16.92
      1.5560        17.01
      1.5570        17.15
      1.5580        17.34
      1.5590        17.54
      1.5600        17.80
      1.5610        17.97
      1.5620        18.03
      1.5630        18.14
      1.5640        18.20
      1.5650        18.22
      1.5660        18.34
      1.5670        18.20
      1.5680        18.05
      1.5690        18.18
      1.5700        18.18
      1.5710        18.26
      1.5720        18.40
      1.5730        18.55
      1.5740        18.43
      1.5750        18.59
      1.5760        18.64
      1.5770        18.66
      1.5780        18.65
      1.5790        18.76
      1.5800        18.79
      1.5810        18.93
      1.5820        19.10
      1.5830        19.22
      1.5840        19.26
      1.5850        19.44
      1.5860        19.58
      1.5870        19.79
      1.5880        20.00
      1.5890        20.12
      1.5900        20.24
      1.5910        20.44
      1.5920        20.55
      1.5930        20.63
      1.5940        20.83
      1.5950        20.83
      1.5960        21.11
      1.5970        21.24
      1.5980        21.50
      1.5990        21.69
      1.6000        21.89
      1.6010        21.86
      1.6020        21.94
      1.6030        22.02
      1.6040        22.23
      1.6050        22.30
      1.6060        22.51
      1.6070        22.71
      1.6080        22.86
      1.6090        23.03
      1.6100        23.30
      1.6110        23.22
      1.6120        23.42
      1.6130        23.58
      1.6140        23.67
      1.6150        23.90
      1.6160        23.90
      1.6170        24.04
      1.6180        24.21
      1.6190        24.32
      1.6200        24.39
      1.6210        24.72
      1.6220        24.88
      1.6230        25.07
      1.6240        25.30
      1.6250        25.55
      1.6260        25.74
      1.6270        25.84
      1.6280        25.92
      1.6290        26.07
      1.6300        26.29
      1.6310        26.59
      1.6320        26.68
      1.6330        26.75
      1.6340        27.06
      1.6350        27.23
      1.6360        27.47
      1.6370        27.67
      1.6380        27.69
      1.6390        27.85
      1.6400        27.88
      1.6410        28.04
      1.6420        28.21
      1.6430        28.20
      1.6440        28.26
      1.6450        28.23
      1.6460        28.19
      1.6470        28.11
      1.6480        28.12
      1.6490        28.12
      1.6500        28.04
      1.6510        28.04
      1.6520        28.04
      1.6530        28.23
      1.6540        28.08
      1.6550        28.01
      1.6560        27.95
      1.6570        27.78
      1.6580        27.69
      1.6590        27.63
      1.6600        27.82
      1.6610        27.70
      1.6620        27.53
      1.6630        27.62
      1.6640        27.60
      1.6650        27.68
      1.6660        27.60
      1.6670        27.65
      1.6680        27.66
      1.6690        27.78
      1.6700        27.92
      1.6710        27.96
      1.6720        28.21
      1.6730        28.19
      1.6740        28.53
      1.6750        28.76
      1.6760        28.94
      1.6770        29.15
      1.6780        29.42
      1.6790        29.65
      1.6800        29.77
      1.6810        29.95
      1.6820        30.31
      1.6830        30.48
      1.6840        30.80
      1.6850        30.91
      1.6860        31.07
      1.6870        31.38
      1.6880        31.49
      1.6890        31.62
      1.6900        31.75
      1.6910        31.78
      1.6920        31.81
      1.6930        31.87
      1.6940        31.86
      1.6950        31.83
      1.6960        31.91
      1.6970        31.93
      1.6980        32.07
      1.6990        32.03
      1.7000        32.17
      1.7010        32.33
      1.7020        32.33
      1.7030        32.36
      1.7040        32.38
      1.7050        32.42
      1.7060        32.61
      1.7070        32.67
      1.7080        32.77
      1.7090        32.84
      1.7100        32.96
      1.7110        33.20
      1.7120        33.38
      1.7130        33.68
      1.7140        33.81
      1.7150        34.02
      1.7160        34.21
      1.7170        34.44
      1.7180        34.49
      1.7190        34.69
      1.7200        34.65
      1.7210        34.65
      1.7220        34.73
      1.7230        34.87
      1.7240        34.87
      1.7250        35.01
      1.7260        35.12
      1.7270        35.11
      1.7280        35.17
      1.7290        35.17
      1.7300        35.28
      1.7310        35.21
      1.7320        35.18
      1.7330        35.04
      1.7340        34.92
      1.7350        34.90
      1.7360        34.75
      1.7370        34.75
      1.7380        34.75
      1.7390        34.76
      1.7400        34.79
      1.7410        34.77
      1.7420        34.76
      1.7430        34.88
      1.7440        34.92
      1.7450        34.88
      1.7460        34.84
      1.7470        34.95
      1.7480        35.11
      1.7490        35.23
      1.7500        35.12
      1.7510        35.28
      1.7520        35.40
      1.7530        35.51
      1.7540        35.72
      1.7550        35.74
      1.7560        35.84
      1.7570        36.01
      1.7580        36.07
      1.7590        36.11
      1.7600        36.23
      1.7610        36.37
      1.7620        36.40
      1.7630        36.36
      1.7640        36.40
      1.7650        36.52
      1.7660        36.64
      1.7670        36.71
      1.7680        36.79
      1.7690        36.79
      1.7700        36.92
      1.7710        36.83
      1.7720        36.78
      1.7730        36.79
      1.7740        36.79
      1.7750        36.95
      1.7760        36.95
      1.7770        36.85
      1.7780        36.73
      1.7790        36.75
      1.7800        36.68
      1.7810        36.88
      1.7820        36.97
      1.7830        37.00
      1.7840        37.21
      1.7850        37.25
      1.7860        37.26
      1.7870        37.27
      1.7880        37.19
      1.7890        37.27
      1.7900        37.15
      1.7910        37.31
      1.7920        37.36
      1.7930        37.42
      1.7940        37.54
      1.7950        37.62
      1.7960        37.71
      1.7970        37.82
      1.7980        38.10
      1.7990        38.09
      1.8000        38.29
      1.8010        38.19
      1.8020        38.29
      1.8030        38.32
      1.8040        38.26
      1.8050        38.30
      1.8060        38.34
      1.8070        38.48
      1.8080        38.61
      1.8090        38.66
      1.8100        38.80
      1.8110        38.77
      1.8120        38.93
      1.8130        38.86
      1.8140        38.81
      1.8150        38.70
      1.8160        38.70
      1.8170        38.68
      1.8180        38.58
      1.8190        38.69
      1.8200        38.57
      1.8210        38.65
      1.8220        38.61
      1.8230        38.67
      1.8240        38.66
      1.8250        38.71
      1.8260        38.90
      1.8270        38.94
      1.8280        38.93
      1.8290        39.02
      1.8300        38.97
      1.8310        39.07
      1.8320        39.07
      1.8330        39.30
      1.8340        39.48
      1.8350        39.54
      1.8360        39.74
      1.8370        39.88
      1.8380        40.16
      1.8390        40.19
      1.8400        40.43
      1.8410        40.49
      1.8420        40.52
      1.8430        40.72
      1.8440        40.88
      1.8450        41.09
      1.8460        41.20
      1.8470        41.19
      1.8480        41.36
      1.8490        41.54
      1.8500        41.70
      1.8510        41.76
      1.8520        41.82
      1.8530        41.76
      1.8540        41.79
      1.8550        41.95
      1.8560        42.02
      1.8570        42.04
      1.8580        42.00
      1.8590        42.11
      1.8600        42.07
      1.8610        42.13
      1.8620        42.25
      1.8630        42.21
      1.8640        42.19
      1.8650        42.01
      1.8660        41.85
      1.8670        41.91
      1.8680        41.94
      1.8690        41.82
      1.8700        41.80
      1.8710        42.09
      1.8720        42.05
      1.8730        42.25
      1.8740        42.26
      1.8750        42.25
      1.8760        42.26
      1.8770        42.26
      1.8780        42.25
      1.8790        42.46
      1.8800        42.50
      1.8810        42.47
      1.8820        42.52
      1.8830        42.50
      1.8840        42.51
      1.8850        42.66
      1.8860        42.99
      1.8870        43.10
      1.8880        43.22
      1.8890        43.22
      1.8900        43.37
      1.8910        43.10
      1.8920        43.20
      1.8930        43.16
      1.8940        43.15
      1.8950        43.24
      1.8960        43.28
      1.8970        43.42
      1.8980        43.47
      1.8990        43.36
      1.9000        43.33
      1.9010        43.44
      1.9020        43.36
      1.9030        43.59
      1.9040        43.67
      1.9050        43.62
      1.9060        43.42
      1.9070        43.32
      1.9080        43.27
      1.9090        43.27
      1.9100        43.21
      1.9110        43.40
      1.9120        43.34
      1.9130        43.30
      1.9140        43.44
      1.9150        43.30
      1.9160        43.40
      1.9170        43.43
      1.9180        43.48
      1.9190        43.54
      1.9200        43.68
      1.9210        43.74
      1.9220        43.95
      1.9230        43.91
      1.9240        44.00
      1.9250        44.16
      1.9260        44.35
      1.9270        44.56
      1.9280        44.50
      1.9290        44.64
      1.9300        44.62
      1.9310        44.59
      1.9320        44.66
      1.9330        44.75
      1.9340        44.69
      1.9350        44.77
      1.9360        44.59
      1.9370        44.52
      1.9380        44.47
      1.9390        44.41
      1.9400        44.45
      1.9410        44.31
      1.9420        44.35
      1.9430        44.17
      1.9440        44.16
      1.9450        44.20
      1.9460        44.02
      1.9470        43.82
      1.9480        43.75
      1.9490        43.63
      1.9500        43.83
      1.9510        43.90
      1.9520        43.93
      1.9530        43.74
      1.9540        43.86
      1.9550        43.94
      1.9560        43.90
      1.9570        44.00
      1.9580        44.09
      1.9590        44.20
      1.9600        44.18
      1.9610        44.38
      1.9620        44.42
      1.9630        44.69
      1.9640        44.73
      1.9650        44.68
      1.9660        44.80
      1.9670        44.97
      1.9680        45.18
      1.9690        45.12
      1.9700        45.06
      1.9710        44.92
      1.9720        44.95
      1.9730        45.15
      1.9740        45.10
      1.9750        45.11
      1.9760        45.24
      1.9770        45.27
      1.9780        45.35
      1.9790        45.30
      1.9800        45.31
      1.9810        45.22
      1.9820        45.22
      1.9830        45.02
      1.9840        44.91
      1.9850        44.90
      1.9860        44.79
      1.9870        44.67
      1.9880        44.55
      1.9890        44.73
      1.9900        44.72
      1.9910        44.77
      1.9920        44.75
      1.9930        44.79
      1.9940        44.81
      1.9950        44.86
      1.9960        44.84
      1.9970        44.83
      1.9980        44.66
      1.9990        44.70
      2.0000        44.68
      2.0010        44.75
      2.0020        44.75
      2.0030        44.95
      2.0040        45.07
      2.0050        45.23
      2.0060        45.33
      2.0070        45.48
      2.0080        45.57
      2.0090        45.72
      2.0100        45.76
      2.0110        45.97
      2.0120        46.20
      2.0130        46.28
      2.0140        46.34
      2.0150        46.35
      2.0160        46.52
      2.0170        46.67
      2.0180        46.79
      2.0190        46.89
      2.0200        47.09
      2.0210        47.24
      2.0220        47.32
      2.0230        47.34
      2.0240        47.41
      2.0250        47.30
      2.0260        47.38
      2.0270        47.49
      2.0280        47.43
      2.0290        47.37
      2.0300        47.38
      2.0310        47.34
      2.0320        47.23
      2.0330        47.20
      2.0340        47.45
      2.0350        47.50
      2.0360        47.50
      2.0370        47.50
      2.0380        47.48
      2.0390        47.71
      2.0400        47.71
      2.0410        47.70
      2.0420        47.65
      2.0430        47.65
      2.0440        47.60
      2.0450        47.84
      2.0460        47.91
      2.0470        47.94
      2.0480        48.00
      2.0490        48.03
      2.0500        48.12
      2.0510        48.24
      2.0520        48.42
      2.0530        48.47
      2.0540        48.23
      2.0550        48.23
      2.0560        48.25
      2.0570        48.27
      2.0580        48.34
      2.0590        48.14
      2.0600        47.98
      2.0610        47.79
      2.0620        47.83
      2.0630        47.79
      2.0640        47.93
      2.0650        47.73
      2.0660        47.62
      2.0670        47.53
      2.0680        47.68
      2.0690        47.69
      2.0700        47.66
      2.0710        47.41
      2.0720        47.19
      2.0730        47.14
      2.0740        47.24
      2.0750        47.21
      2.0760        47.21
      2.0770        47.21
      2.0780        47.29
      2.0790        47.49
      2.0800        47.73
      2.0810        47.99
      2.0820        47.95
      2.0830        48.07
      2.0840        48.13
      2.0850        48.36
      2.0860        48.51
      2.0870        48.63
      2.0880        48.69
      2.0890        48.83
      2.0900        48.91
      2.0910        49.24
      2.0920        49.57
      2.0930        49.72
      2.0940        49.84
      2.0950        50.05
      2.0960        50.22
      2.0970        50.27
      2.0980        50.24
      2.0990        50.16
      2.1000        50.08
      2.1010        50.12
      2.1020        50.20
      2.1030        50.17
      2.1040        50.13
      2.1050        50.02
      2.1060        49.96
      2.1070        49.90
      2.1080        49.82
      2.1090        49.80
      2.1100        49.87
      2.1110        49.79
      2.1120        49.60
      2.1130        49.54
      2.1140        49.38
      2.1150        49.32
      2.1160        49.17
      2.1170        49.13
      2.1180        49.22
      2.1190        49.19
      2.1200        48.98
      2.1210        49.02
      2.1220        48.88
      2.1230        48.95
      2.1240        48.79
      2.1250        48.75
      2.1260        48.86
      2.1270        48.88
      2.1280        48.99
      2.1290        49.03
      2.1300        48.91
      2.1310        48.82
      2.1320        48.82
      2.1330        48.82
      2.1340        48.83
      2.1350        48.91
      2.1360        48.97
      2.1370        48.98
      2.1380        48.91
      2.1390        48.93
      2.1400        49.07
      2.1410        48.92
      2.1420        49.15
      2.1430        49.11
      2.1440        49.12
      2.1450        49.20
      2.1460        49.03
      2.1470        48.89
      2.1480        48.69
      2.1490        48.58
      2.1500        48.65
      2.1510        48.74
      2.1520        48.78
      2.1530        48.76
      2.1540        48.76
      2.1550        48.63
      2.1560        48.55
      2.1570        48.49
      2.1580        48.50
      2.1590        48.41
      2.1600        48.43
      2.1610        48.46
      2.1620        48.29
      2.1630        48.27
      2.1640        48.51
      2.1650        48.58
      2.1660        48.67
      2.1670        48.79
      2.1680        48.85
      2.1690        49.04
      2.1700        49.04
      2.1710        49.02
      2.1720        49.02
      2.1730        49.18
      2.1740        49.27
      2.1750        49.42
      2.1760        49.60
      2.1770        49.54
      2.1780        49.58
      2.1790        49.64
      2.1800        49.75
      2.1810        49.87
      2.1820        50.05
      2.1830        50.14
      2.1840        50.05
      2.1850        50.00
      2.1860        50.00
      2.1870        49.97
      2.1880        50.05
      2.1890        49.83
      2.1900        49.85
      2.1910        49.78
      2.1920        49.77
      2.1930        49.58
      2.1940        49.55
      2.1950        49.38
      2.1960        49.26
      2.1970        49.34
      2.1980        49.19
      2.1990        49.21
      2.2000        49.06
      2.2010        48.82
      2.2020        48.62
      2.2030        48.46
      2.2040        48.47
      2.2050        48.33
      2.2060        48.36
      2.2070        48.44
      2.2080        48.46
      2.2090        48.58
      2.2100        48.56
      2.2110        48.63
      2.2120        48.55
      2.2130        48.61
      2.2140        48.57
      2.2150        48.66
      2.2160        48.77
      2.2170        48.80
      2.2180        48.90
      2.2190        48.84
      2.2200        48.92
      2.2210        48.98
      2.2220        49.21
      2.2230        49.28
      2.2240        49.29
      2.2250        49.54
      2.2260        49.59
      2.2270        49.56
      2.2280        49.51
      2.2290        49.44
      2.2300        49.37
      2.2310        49.52
      2.2320        49.64
      2.2330        49.68
      2.2340        49.82
      2.2350        49.68
      2.2360        49.58
      2.2370        49.72
      2.2380        49.63
      2.2390        49.60
      2.2400        49.61
      2.2410        49.61
      2.2420        49.55
      2.2430        49.58
      2.2440        49.57
      2.2450        49.39
      2.2460        49.34
      2.2470        49.27
      2.2480        49.40
      2.2490        49.43
      2.2500        49.62
      2.2510        49.58
      2.2520        49.44
      2.2530        49.58
      2.2540        49.51
      2.2550        49.56
      2.2560        49.57
      2.2570        49.43
      2.2580        49.45
      2.2590        49.52
      2.2600        49.57
      2.2610        49.56
      2.2620        49.49
      2.2630        49.51
      2.2640        49.54
      2.2650        49.61
      2.2660        49.58
      2.2670        49.63
      2.2680        49.42
      2.2690        49.30
      2.2700        49.06
      2.2710        48.83
      2.2720        48.86
      2.2730        48.67
      2.2740        48.58
      2.2750        48.43
      2.2760        48.45
      2.2770        48.33
      2.2780        48.23
      2.2790        48.09
      2.2800        47.76
      2.2810        47.78
      2.2820        47.63
      2.2830        47.47
      2.2840        47.33
      2.2850        47.21
      2.2860        47.11
      2.2870        47.09
      2.2880        47.13
      2.2890        47.24
      2.2900        47.38
      2.2910        47.46
      2.2920        47.36
      2.2930        47.35
      2.2940        47.31
      2.2950        47.52
      2.2960        47.63
      2.2970        47.58
      2.2980        47.78
      2.2990        47.73
      2.3000        48.08
      2.3010        48.12
      2.3020        48.28
      2.3030        48.32
      2.3040        48.33
      2.3050        48.45
      2.3060        48.44
      2.3070        48.28
      2.3080        48.28
      2.3090        48.19
      2.3100        48.08
      2.3110        48.10
      2.3120        48.14
      2.3130        48.16
      2.3140        48.25
      2.3150        48.25
      2.3160        48.02
      2.3170        48.13
      2.3180        48.01
      2.3190        48.14
      2.3200        48.05
      2.3210        47.99
      2.3220        47.83
      2.3230        47.82
      2.3240        47.81
      2.3250        47.73
      2.3260        47.89
      2.3270        47.96
      2.3280        47.93
      2.3290        48.04
      2.3300        47.99
      2.3310        48.02
      2.3320        48.09
      2.3330        48.16
      2.3340        48.10
      2.3350        48.05
      2.3360        48.07
      2.3370        48.12
      2.3380        48.16
      2.3390        48.16
      2.3400        48.09
      2.3410        48.07
      2.3420        48.20
      2.3430        48.27
      2.3440        48.39
      2.3450        48.42
      2.3460        48.40
      2.3470        48.43
      2.3480        48.44
      2.3490        48.24
      2.3500        48.28
      2.3510        48.05
      2.3520        47.99
      2.3530        47.88
      2.3540        47.90
      2.3550        47.82
      2.3560        47.74
      2.3570        47.69
      2.3580        47.66
      2.3590        47.59
      2.3600        47.50
      2.3610        47.48
      2.3620        47.44
      2.3630        47.36
      2.3640        47.14
      2.3650        47.08
      2.3660        46.96
      2.3670        46.96
      2.3680        46.87
      2.3690        47.01
      2.3700        46.91
      2.3710        46.99
      2.3720        47.00
      2.3730        47.04
      2.3740        47.15
      2.3750        47.18
      2.3760        47.37
      2.3770        47.33
      2.3780        47.24
      2.3790        47.22
      2.3800        47.23
      2.3810        47.38
      2.3820        47.26
      2.3830        47.45
      2.3840        47.49
      2.3850        47.53
      2.3860        47.57
      2.3870        47.61
      2.3880        47.74
      2.3890        47.65
      2.3900        47.75
      2.3910        47.86
      2.3920        47.71
      2.3930        47.67
      2.3940        47.49
      2.3950        47.53
      2.3960        47.38
      2.3970        47.43
      2.3980        47.48
      2.3990        47.51
      2.4000        47.38
      2.4010        47.11
      2.4020        47.17
      2.4030        46.96
      2.4040        47.04
      2.4050        46.89
      2.4060        46.78
      2.4070        46.63
      2.4080        46.55
      2.4090        46.54
      2.4100        46.49
      2.4110        46.31
      2.4120        46.46
      2.4130        46.41
      2.4140        46.35
      2.4150        46.23
      2.4160        46.35
      2.4170        46.27
      2.4180        46.24
      2.4190        46.22
      2.4200        46.45
      2.4210        46.50
      2.4220        46.45
      2.4230        46.34
      2.4240        46.15
      2.4250        46.19
      2.4260        46.34
      2.4270        46.38
      2.4280        46.34
      2.4290        46.31
      2.4300        46.33
      2.4310        46.31
      2.4320        46.15
      2.4330        46.14
      2.4340        46.07
      2.4350        45.95
      2.4360        45.78
      2.4370        45.77
      2.4380        45.57
      2.4390        45.45
      2.4400        45.31
      2.4410        45.30
      2.4420        45.19
      2.4430        45.22
      2.4440        45.25
      2.4450        45.19
      2.4460        44.96
      2.4470        44.86
      2.4480        44.70
      2.4490        44.59
      2.4500        44.48
      2.4510        44.49
      2.4520        44.54
      2.4530        44.50
      2.4540        44.46
      2.4550        44.45
      2.4560        44.27
      2.4570        44.30
      2.4580        44.43
      2.4590        44.49
      2.4600        44.46
      2.4610        44.34
      2.4620        44.24
      2.4630        44.18
      2.4640        44.11
      2.4650        43.91
      2.4660        43.87
      2.4670        43.84
      2.4680        43.83
      2.4690        43.79
      2.4700        43.76
      2.4710        43.70
      2.4720        43.54
      2.4730        43.27
      2.4740        43.24
      2.4750        43.11
      2.4760        43.14
      2.4770        42.85
      2.4780        42.68
      2.4790        42.45
      2.4800        42.23
      2.4810        42.03
      2.4820        42.10
      2.4830        42.03
      2.4840        41.83
      2.4850        41.87
      2.4860        41.82
      2.4870        41.64
      2.4880        41.53
      2.4890        41.31
      2.4900        41.20
      2.4910        41.00
      2.4920        40.79
      2.4930        40.76
      2.4940        40.49
      2.4950        40.57
      2.4960        40.50
      2.4970        40.44
      2.4980        40.25
      2.4990        40.23
      2.5000        40.35
      2.5010        40.48
      2.5020        40.25
      2.5030        40.13
      2.5040        40.06
      2.5050        40.02
      2.5060        39.85
      2.5070        39.77
      2.5080        39.61
      2.5090        39.47
      2.5100        39.45
      2.5110        39.43
      2.5120        39.46
      2.5130        39.43
      2.5140        39.40
      2.5150        39.26
      2.5160        39.03
      2.5170        38.92
      2.5180        38.85
      2.5190        38.65
      2.5200        38.50
      2.5210        38.30
      2.5220        38.17
      2.5230        38.06
      2.5240        38.02
      2.5250        37.87
      2.5260        37.75
      2.5270        37.64
      2.5280        37.64
      2.5290        37.58
      2.5300        37.32
      2.5310        37.12
      2.5320        37.03
      2.5330        36.83
      2.5340        36.78
      2.5350        36.65
      2.5360        36.63
      2.5370        36.51
      2.5380        36.48
      2.5390        36.59
      2.5400        36.44
      2.5410        36.36
      2.5420        36.33
      2.5430        36.19
      2.5440        36.17
      2.5450        36.11
      2.5460        36.01
      2.5470        35.93
      2.5480        35.86
      2.5490        35.91
      2.5500        35.90
      2.5510        35.83
      2.5520        35.74
      2.5530        35.65
      2.5540        35.57
      2.5550        35.47
      2.5560        35.26
      2.5570        35.20
      2.5580        35.03
      2.5590        34.79
      2.5600        34.55
      2.5610        34.46
      2.5620        34.41
      2.5630        34.32
      2.5640        34.17
      2.5650        33.85
      2.5660        33.67
      2.5670        33.63
      2.5680        33.43
      2.5690        33.14
      2.5700        32.87
      2.5710        32.71
      2.5720        32.56
      2.5730        32.49
      2.5740        32.43
      2.5750        32.27
      2.5760        32.16
      2.5770        31.83
      2.5780        31.69
      2.5790        31.55
      2.5800        31.56
      2.5810        31.31
      2.5820        30.99
      2.5830        30.93
      2.5840        30.76
      2.5850        30.57
      2.5860        30.54
      2.5870        30.35
      2.5880        30.30
      2.5890        30.35
      2.5900        30.34
      2.5910        30.13
      2.5920        29.97
      2.5930        29.75
      2.5940        29.38
      2.5950        29.14
      2.5960        29.08
      2.5970        29.16
      2.5980        28.96
      2.5990        28.74
      2.6000        28.50
      2.6010        28.36
      2.6020        28.32
      2.6030        28.14
      2.6040        27.76
      2.6050        27.63
      2.6060        27.28
      2.6070        27.04
      2.6080        26.67
      2.6090        26.23
      2.6100        25.85
      2.6110        25.72
      2.6120        25.64
      2.6130        25.40
      2.6140        25.25
      2.6150        25.02
      2.6160        24.62
      2.6170        24.35
      2.6180        24.21
      2.6190        24.13
      2.6200        23.93
      2.6210        23.73
      2.6220        23.52
      2.6230        23.36
      2.6240        23.26
      2.6250        23.06
      2.6260        23.11
      2.6270        22.94
      2.6280        22.75
      2.6290        22.71
      2.6300        22.70
      2.6310        22.53
      2.6320        22.09
      2.6330        22.01
      2.6340        21.87
      2.6350        21.74
      2.6360        21.67
      2.6370        21.58
      2.6380        21.31
      2.6390        21.15
      2.6400        20.88
      2.6410        20.83
      2.6420        20.63
      2.6430        20.25
      2.6440        20.17
      2.6450        20.01
      2.6460        19.67
      2.6470        19.44
      2.6480        19.27
      2.6490        19.10
      2.6500        18.71
      2.6510        18.44
      2.6520        18.41
      2.6530        18.22
      2.6540        18.08
      2.6550        17.94
      2.6560        17.65
      2.6570        17.27
      2.6580        17.15
      2.6590        16.95
      2.6600        16.90
      2.6610        16.63
      2.6620        16.53
      2.6630        16.45
      2.6640        16.25
      2.6650        16.19
      2.6660        16.22
      2.6670        16.11
      2.6680        16.17
      2.6690        16.02
      2.6700        15.95
      2.6710        15.93
      2.6720        15.91
      2.6730        15.83
      2.6740        15.81
      2.6750        15.78
      2.6760        15.94
      2.6770        15.89
      2.6780        15.77
      2.6790        15.75
      2.6800        15.70
      2.6810        15.50
      2.6820        15.38
      2.6830        15.29
      2.6840        15.23
      2.6850        15.07
      2.6860        14.84
      2.6870        14.70
      2.6880        14.28
      2.6890        14.23
      2.6900        14.17
      2.6910        14.03
      2.6920        13.94
      2.6930        13.92
      2.6940        13.71
      2.6950        13.51
      2.6960        13.17
      2.6970        13.05
      2.6980        12.98
      2.6990        12.72
      2.7000        12.57
      2.7010        12.44
      2.7020        12.33
      2.7030        12.23
      2.7040        12.16
      2.7050        12.06
      2.7060        11.96
      2.7070        12.05
      2.7080        12.13
      2.7090        12.02
      2.7100        11.97
      2.7110        11.90
      2.7120        11.62
      2.7130        11.42
      2.7140        11.26
      2.7150        11.07
      2.7160        11.12
      2.7170        11.01
      2.7180        10.96
      2.7190        10.89
      2.7200        10.81
      2.7210        10.82
      2.7220        10.54
      2.7230        10.46
      2.7240        10.18
      2.7250         9.90
      2.7260         9.79
      2.7270         9.47
      2.7280         9.31
      2.7290         8.95
      2.7300         8.65
      2.7310         7.91
      2.7320         7.80
      2.7330         7.53
      2.7340         7.47
      2.7350         7.33
      2.7360         7.12
      2.7370         6.99
      2.7380         6.75
      2.7390         6.60
      2.7400         6.37
      2.7410         6.10
      2.7420         6.09
      2.7430         5.89
      2.7440         5.72
      2.7450         5.70
      2.7460         5.56
      2.7470         5.45
      2.7480         5.37
      2.7490         5.34
      2.7500         5.86
      2.7510         6.00
      2.7520         5.92
      2.7530         5.93
      2.7540         5.80
      2.7550         5.83
      2.7560         5.80
      2.7570         5.84
      2.7580         5.69
      2.7590         5.57
      2.7600         5.41
      2.7610         5.26
      2.7620         5.20
      2.7630         5.13
      2.7640         5.08
      2.7650         4.38
      2.7660         4.21
      2.7670         3.99
      2.7680         3.73
      2.7690         3.73
      2.7700         3.58
      2.7710         3.42
      2.7720         3.37
      2.7730         3.14
      2.7740         3.06
      2.7750         2.89
      2.7760         2.64
      2.7770         2.46
      2.7780         2.32
      2.7790         1.72
      2.7800         1.57
      2.7810         1.56
      2.7820         1.42
      2.7830         1.29
      2.7840         1.32
      2.7850         1.00
      2.7860         1.00
      2.7870         1.00
      2.7880         1.00
      2.7890         1.00
      2.7900         1.00
      2.7910         1.00
      2.7920         1.00
      2.7930         1.00
      2.7940         1.00
      2.7950         1.00
      2.7960         1.00
      2.7970         1.00
      2.7980         1.00
      2.7990         1.00
      2.8000         1.00
      2.8010         1.00
      2.8020         1.00
      2.8030         1.00
      2.8040         1.00
      2.8050         1.00
      2.8060         1.00
      2.8070         1.00
      2.8080         1.00
      2.8090         1.00
      2.8100         1.00
      2.8110         1.00
      2.8120         1.00
      2.8130         1.00
      2.8140         1.00
      2.8150         1.00
      2.8160         1.00
      2.8170         1.00
      2.8180         1.00
      2.8190         1.00
      2.8200         1.00
      2.8210         1.00
      2.8220         1.00
      2.8230         1.00
      2.8240         1.00
      2.8250         1.00
      2.8260         1.00
      2.8270         1.00
      2.8280         1.00
      2.8290         1.00
      2.8300         1.00
      2.8310         1.00
      2.8320         1.00
      2.8330         1.00
      2.8340         1.00
      2.8350         1.00
      2.8360         1.00
      2.8370         1.00
      2.8380         1.00
      2.8390         1.00
      2.8400         1.00
      2.8410         1.00
      2.8420         1.00
      2.8430         1.00
      2.8440         1.00
      2.8450         1.00
      2.8460         1.00
      2.8470         1.00
      2.8480         1.00
      2.8490         1.00
      2.8500         1.00
      2.8510         1.00
      2.8520         1.00
      2.8530         1.00
      2.8540         1.00
      2.8550         1.00
      2.8560         1.00
      2.8570         1.00
      2.8580         1.00
      2.8590         1.00
      2.8600         1.00
      2.8610         1.00
      2.8620         1.00
      2.8630         1.00
      2.8640         1.00
      2.8650         1.00
      2.8660         1.00
      2.8670         1.00
      2.8680         1.00
      2.8690         1.00
      2.8700         1.00
      2.8710         1.00
      2.8720         1.00
      2.8730         1.00
      2.8740         1.00
      2.8750         1.00
      2.8760         1.00
      2.8770         1.00
      2.8780         1.00
      2.8790         1.00
      2.8800         1.00
      2.8810         1.00
      2.8820         1.00
      2.8830         1.00
      2.8840         1.00
      2.8850         1.00
      2.8860         1.00
      2.8870         1.00
      2.8880         1.00
      2.8890         1.00
      2.8900         1.00
      2.8910         1.00
      2.8920         1.00
      2.8930         1.00
      2.8940         1.00
      2.8950         1.00
      2.8960         1.00
      2.8970         1.00
      2.8980         1.00
      2.8990         1.00
      2.9000         1.00
      2.9010         1.00
      2.9020         1.00
      2.9030         1.00
      2.9040         1.00
      2.9050         1.00
      2.9060         1.00
      2.9070         1.00
      2.9080         1.00
      2.9090         1.00
      2.9100         1.00
      2.9110         1.00
      2.9120         1.00
      2.9130         1.00
      2.9140         1.00
      2.9150         1.00
      2.9160         1.00
      2.9170         1.00
      2.9180         1.00
      2.9190         1.00
      2.9200         1.00
      2.9210         1.00
      2.9220         1.00
      2.9230         1.00
      2.9240         1.00
      2.9250         1.00
      2.9260         1.00
      2.9270         1.00
      2.9280         1.00
      2.9290         1.00
      2.9300         1.00
      2.9310         1.00
      2.9320         1.00
      2.9330         1.00
      2.9340         1.00
      2.9350         1.00
      2.9360         1.00
      2.9370         1.00
      2.9380         1.00
      2.9390         1.00
      2.9400         1.00
      2.9410         1.00
      2.9420         1.00
      2.9430         1.00
      2.9440         1.00
      2.9450         1.00
      2.9460         1.00
      2.9470         1.00
      2.9480         1.00
      2.9490         1.00
      2.9500         1.00
      2.9510         1.00
      2.9520         1.00
      2.9530         1.00
      2.9540         1.00
      2.9550         1.00
      2.9560         1.00
      2.9570         1.00
      2.9580         1.00
      2.9590         1.00
      2.9600         1.00
      2.9610         1.00
      2.9620         1.00
      2.9630         1.00
      2.9640         1.00
      2.9650         1.00
      2.9660         1.00
      2.9670         1.00
      2.9680         1.00
      2.9690         1.00
      2.9700         1.00
      2.9710         1.00
      2.9720         1.00
      2.9730         1.00
      2.9740         1.00
      2.9750         1.00
      2.9760         1.00
      2.9770         1.00
      2.9780         1.00
      2.9790         1.00
      2.9800         1.00
      2.9810         1.00
      2.9820         1.00
      2.9830         1.00
      2.9840         1.00
      2.9850         1.00
      2.9860         1.00
      2.9870         1.00
      2.9880         1.00
      2.9890         1.00
      2.9900         1.00
      2.9910         1.00
      2.9920         1.00
      2.9930         1.00
      2.9940         1.00
      2.9950         1.00
      2.9960         1.00
      2.9970         1.00
      2.9980         1.00
      2.9990         1.00
