        Time   Palpation Force
      0.0000         1.00
      0.0010         1.00
      0.0020         1.00
      0.0030         1.00
      0.0040         1.00
      0.0050         1.00
      0.0060         1.00
      0.0070         1.00
      0.0080         1.00
      0.0090         1.00
      0.0100         1.00
      0.0110         1.00
      0.0120         1.00
      0.0130         1.00
      0.0140         1.00
      0.0150         1.00
      0.0160         1.00
      0.0170         1.00
      0.0180         1.00
      0.0190         1.00
      0.0200         1.00
      0.0210         1.00
      0.0220         1.00
      0.0230         1.00
      0.0240         1.00
      0.0250         1.13
      0.0260         1.00
      0.0270         1.00
      0.0280         1.00
      0.0290         1.00
      0.0300         1.00
      0.0310         1.00
      0.0320         1.00
      0.0330         1.00
      0.0340         1.00
      0.0350         1.00
      0.0360         1.00
      0.0370         1.00
      0.0380         1.00
      0.0390         1.00
      0.0400         1.00
      0.0410         1.00
      0.0420         1.00
      0.0430         1.00
      0.0440         1.00
      0.0450         1.00
      0.0460         1.00
      0.0470         1.00
      0.0480         1.00
      0.0490         1.00
      0.0500         1.00
      0.0510         1.00
      0.0520         1.00
      0.0530         1.00
      0.0540         1.00
      0.0550         1.00
      0.0560         1.00
      0.0570         1.00
      0.0580         1.00
      0.0590         1.00
      0.0600         1.00
      0.0610         1.00
      0.0620         1.00
      0.0630         1.00
      0.0640         1.00
      0.0650         1.00
      0.0660         1.00
      0.0670         1.00
      0.0680         1.00
      0.0690         1.00
      0.0700         1.00
      0.0710         1.00
      0.0720         1.00
      0.0730         1.00
      0.0740         1.00
      0.0750         1.00
      0.0760         1.00
      0.0770         1.00
      0.0780         1.00
      0.0790         1.00
      0.0800         1.00
      0.0810         1.00
      0.0820         1.00
      0.0830         1.00
      0.0840         1.00
      0.0850         1.00
      0.0860         1.00
      0.0870         1.00
      0.0880         1.00
      0.0890         1.00
      0.0900         1.00
      0.0910         1.00
      0.0920         1.00
      0.0930         1.00
      0.0940         1.00
      0.0950         1.00
      0.0960         1.00
      0.0970         1.00
      0.0980         1.00
      0.0990         1.00
      0.1000         1.00
      0.1010         1.00
      0.1020         1.00
      0.1030         1.00
      0.1040         1.00
      0.1050         1.00
      0.1060         1.00
      0.1070         1.00
      0.1080         1.00
      0.1090         1.00
      0.1100         1.00
      0.1110         1.00
      0.1120         1.00
      0.1130         1.00
      0.1140         1.00
      0.1150         1.00
      0.1160         1.00
      0.1170         1.00
      0.1180         1.00
      0.1190         1.00
      0.1200         1.00
      0.1210         1.00
      0.1220         1.00
      0.1230         1.00
      0.1240         1.00
      0.1250         1.00
      0.1260         1.00
      0.1270         1.00
      0.1280         1.00
      0.1290         1.00
      0.1300         1.00
      0.1310         1.00
      0.1320         1.00
      0.1330         1.00
      0.1340         1.00
      0.1350         1.00
      0.1360         1.00
      0.1370         1.00
      0.1380         1.00
      0.1390         1.00
      0.1400         1.00
      0.1410         1.00
      0.1420         1.00
      0.1430         1.00
      0.1440         1.00
      0.1450         1.00
      0.1460         1.00
      0.1470         1.00
      0.1480         1.00
      0.1490         1.00
      0.1500         1.00
      0.1510         1.00
      0.1520         1.00
      0.1530         1.00
      0.1540         1.00
      0.1550         1.00
      0.1560         1.00
      0.1570         1.00
      0.1580         1.00
      0.1590         1.00
      0.1600         1.00
      0.1610         1.00
      0.1620         1.00
      0.1630         1.00
      0.1640         1.00
      0.1650         1.00
      0.1660         1.00
      0.1670         1.00
      0.1680         1.00
      0.1690         1.00
      0.1700         1.00
      0.1710         1.00
      0.1720         1.00
      0.1730         1.00
      0.1740         1.00
      0.1750         1.00
      0.1760         1.00
      0.1770         1.00
      0.1780         1.00
      0.1790         1.00
      0.1800         1.00
      0.1810         1.00
      0.1820         1.00
      0.1830         1.00
      0.1840         1.00
      0.1850         1.00
      0.1860         1.00
      0.1870         1.00
      0.1880         1.00
      0.1890         1.00
      0.1900         1.00
      0.1910         1.00
      0.1920         1.00
      0.1930         1.00
      0.1940         1.00
      0.1950         1.00
      0.1960         1.00
      0.1970         1.00
      0.1980         1.00
      0.1990         1.00
      0.2000         1.00
      0.2010         1.00
      0.2020         1.00
      0.2030         1.00
      0.2040         1.00
      0.2050         1.00
      0.2060         1.00
      0.2070         1.00
      0.2080         1.00
      0.2090         1.00
      0.2100         1.00
      0.2110         1.00
      0.2120         1.00
      0.2130         1.00
      0.2140         1.00
      0.2150         1.00
      0.2160         1.00
      0.2170         1.00
      0.2180         1.00
      0.2190         1.00
      0.2200         1.00
      0.2210         1.00
      0.2220         1.00
      0.2230         1.00
      0.2240         1.00
      0.2250         1.00
      0.2260         1.00
      0.2270         1.00
      0.2280         1.00
      0.2290         1.20
      0.2300         1.16
      0.2310         1.17
      0.2320         1.28
      0.2330         1.21
      0.2340         1.28
      0.2350         1.12
      0.2360         1.00
      0.2370         1.00
      0.2380         1.00
      0.2390         1.00
      0.2400         1.00
      0.2410         1.00
      0.2420         1.00
      0.2430         1.00
      0.2440         1.00
      0.2450         1.00
      0.2460         1.00
      0.2470         1.00
      0.2480         1.00
      0.2490         1.00
      0.2500         1.00
      0.2510         1.00
      0.2520         1.00
      0.2530         1.00
      0.2540         1.00
      0.2550         1.00
      0.2560         1.00
      0.2570         1.00
      0.2580         1.00
      0.2590         1.00
      0.2600         1.00
      0.2610         1.00
      0.2620         1.00
      0.2630         1.00
      0.2640         1.00
      0.2650         1.00
      0.2660         1.00
      0.2670         1.00
      0.2680         1.00
      0.2690         1.00
      0.2700         1.00
      0.2710         1.00
      0.2720         1.00
      0.2730         1.00
      0.2740         1.09
      0.2750         1.01
      0.2760         1.00
      0.2770         1.00
      0.2780         1.00
      0.2790         1.00
      0.2800         1.00
      0.2810         1.00
      0.2820         1.00
      0.2830         1.00
      0.2840         1.00
      0.2850         1.00
      0.2860         1.00
      0.2870         1.00
      0.2880         1.00
      0.2890         1.00
      0.2900         1.00
      0.2910         1.00
      0.2920         1.00
      0.2930         1.00
      0.2940         1.00
      0.2950         1.00
      0.2960         1.00
      0.2970         1.00
      0.2980         1.00
      0.2990         1.00
      0.3000         1.00
      0.3010         1.00
      0.3020         1.00
      0.3030         1.00
      0.3040         1.00
      0.3050         1.00
      0.3060         1.00
      0.3070         1.00
      0.3080         1.00
      0.3090         1.00
      0.3100         1.00
      0.3110         1.00
      0.3120         1.00
      0.3130         1.00
      0.3140         1.00
      0.3150         1.00
      0.3160         1.00
      0.3170         1.00
      0.3180         1.00
      0.3190         1.00
      0.3200         1.00
      0.3210         1.00
      0.3220         1.00
      0.3230         1.00
      0.3240         1.00
      0.3250         1.00
      0.3260         1.00
      0.3270         1.00
      0.3280         1.00
      0.3290         1.00
      0.3300         1.00
      0.3310         1.00
      0.3320         1.00
      0.3330         1.00
      0.3340         1.00
      0.3350         1.00
      0.3360         1.00
      0.3370         1.00
      0.3380         1.00
      0.3390         1.00
      0.3400         1.00
      0.3410         1.00
      0.3420         1.00
      0.3430         1.00
      0.3440         1.00
      0.3450         1.00
      0.3460         1.00
      0.3470         1.00
      0.3480         1.00
      0.3490         1.00
      0.3500         1.00
      0.3510         1.00
      0.3520         1.00
      0.3530         1.00
      0.3540         1.00
      0.3550         1.00
      0.3560         1.00
      0.3570         1.00
      0.3580         1.00
      0.3590         1.00
      0.3600         1.00
      0.3610         1.00
      0.3620         1.00
      0.3630         1.00
      0.3640         1.00
      0.3650         1.00
      0.3660         1.00
      0.3670         1.00
      0.3680         1.00
      0.3690         1.00
      0.3700         1.00
      0.3710         1.00
      0.3720         1.00
      0.3730         1.00
      0.3740         1.00
      0.3750         1.00
      0.3760         1.00
      0.3770         1.00
      0.3780         1.00
      0.3790         1.00
      0.3800         1.00
      0.3810         1.00
      0.3820         1.00
      0.3830         1.00
      0.3840         1.00
      0.3850         1.00
      0.3860         1.00
      0.3870         1.00
      0.3880         1.00
      0.3890         1.00
      0.3900         1.00
      0.3910         1.00
      0.3920         1.00
      0.3930         1.00
      0.3940         1.00
      0.3950         1.00
      0.3960         1.00
      0.3970         1.00
      0.3980         1.11
      0.3990         1.00
      0.4000         1.00
      0.4010         1.00
      0.4020         1.00
      0.4030         1.00
      0.4040         1.00
      0.4050         1.00
      0.4060         1.00
      0.4070         1.00
      0.4080         1.00
      0.4090         1.00
      0.4100         1.00
      0.4110         1.00
      0.4120         1.00
      0.4130         1.00
      0.4140         1.00
      0.4150         1.00
      0.4160         1.00
      0.4170         1.00
      0.4180         1.00
      0.4190         1.00
      0.4200         1.00
      0.4210         1.00
      0.4220         1.00
      0.4230         1.00
      0.4240         1.00
      0.4250         1.00
      0.4260         1.00
      0.4270         1.00
      0.4280         1.00
      0.4290         1.00
      0.4300         1.00
      0.4310         1.00
      0.4320         1.00
      0.4330         1.00
      0.4340         1.00
      0.4350         1.00
      0.4360         1.00
      0.4370         1.00
      0.4380         1.00
      0.4390         1.00
      0.4400         1.00
      0.4410         1.00
      0.4420         1.00
      0.4430         1.00
      0.4440         1.00
      0.4450         1.00
      0.4460         1.00
      0.4470         1.00
      0.4480         1.00
      0.4490         1.00
      0.4500         1.00
      0.4510         1.00
      0.4520         1.00
      0.4530         1.00
      0.4540         1.00
      0.4550         1.00
      0.4560         1.00
      0.4570         1.00
      0.4580         1.00
      0.4590         1.00
      0.4600         1.00
      0.4610         1.00
      0.4620         1.00
      0.4630         1.00
      0.4640         1.00
      0.4650         1.00
      0.4660         1.00
      0.4670         1.00
      0.4680         1.00
      0.4690         1.00
      0.4700         1.00
      0.4710         1.00
      0.4720         1.00
      0.4730         1.00
      0.4740         1.00
      0.4750         1.00
      0.4760         1.00
      0.4770         1.00
      0.4780         1.00
      0.4790         1.00
      0.4800         1.00
      0.4810         1.00
      0.4820         1.00
      0.4830         1.00
      0.4840         1.00
      0.4850         1.00
      0.4860         1.00
      0.4870         1.00
      0.4880         1.00
      0.4890         1.00
      0.4900         1.00
      0.4910         1.00
      0.4920         1.00
      0.4930         1.00
      0.4940         1.00
      0.4950         1.00
      0.4960         1.00
      0.4970         1.00
      0.4980         1.00
      0.4990         1.00
      0.5000         1.00
      0.5010         1.00
      0.5020         1.00
      0.5030         1.00
      0.5040         1.00
      0.5050         1.00
      0.5060         1.00
      0.5070         1.00
      0.5080         1.00
      0.5090         1.00
      0.5100         1.00
      0.5110         1.00
      0.5120         1.00
      0.5130         1.00
      0.5140         1.00
      0.5150         1.00
      0.5160         1.00
      0.5170         1.00
      0.5180         1.00
      0.5190         1.00
      0.5200         1.00
      0.5210         1.00
      0.5220         1.00
      0.5230         1.00
      0.5240         1.00
      0.5250         1.00
      0.5260         1.00
      0.5270         1.00
      0.5280         1.00
      0.5290         1.00
      0.5300         1.00
      0.5310         1.00
      0.5320         1.00
      0.5330         1.00
      0.5340         1.00
      0.5350         1.00
      0.5360         1.00
      0.5370         1.00
      0.5380         1.00
      0.5390         1.00
      0.5400         1.00
      0.5410         1.00
      0.5420         1.00
      0.5430         1.00
      0.5440         1.00
      0.5450         1.00
      0.5460         1.00
      0.5470         1.00
      0.5480         1.00
      0.5490         1.00
      0.5500         1.00
      0.5510         1.00
      0.5520         1.00
      0.5530         1.00
      0.5540         1.00
      0.5550         1.00
      0.5560         1.00
      0.5570         1.00
      0.5580         1.00
      0.5590         1.00
      0.5600         1.00
      0.5610         1.00
      0.5620         1.00
      0.5630         1.00
      0.5640         1.00
      0.5650         1.00
      0.5660         1.00
      0.5670         1.00
      0.5680         1.00
      0.5690         1.00
      0.5700         1.00
      0.5710         1.00
      0.5720         1.00
      0.5730         1.00
      0.5740         1.00
      0.5750         1.00
      0.5760         1.00
      0.5770         1.00
      0.5780         1.00
      0.5790         1.00
      0.5800         1.00
      0.5810         1.00
      0.5820         1.00
      0.5830         1.00
      0.5840         1.00
      0.5850         1.00
      0.5860         1.00
      0.5870         1.00
      0.5880         1.00
      0.5890         1.00
      0.5900         1.00
      0.5910         1.00
      0.5920         1.00
      0.5930         1.00
      0.5940         1.00
      0.5950         1.00
      0.5960         1.00
      0.5970         1.00
      0.5980         1.00
      0.5990         1.00
      0.6000         1.00
      0.6010         1.00
      0.6020         1.00
      0.6030         1.00
      0.6040         1.00
      0.6050         1.00
      0.6060         1.00
      0.6070         1.00
      0.6080         1.00
      0.6090         1.00
      0.6100         1.00
      0.6110         1.00
      0.6120         1.00
      0.6130         1.00
      0.6140         1.00
      0.6150         1.00
      0.6160         1.00
      0.6170         1.00
      0.6180         1.00
      0.6190         1.00
      0.6200         1.00
      0.6210         1.00
      0.6220         1.00
      0.6230         1.00
      0.6240         1.00
      0.6250         1.00
      0.6260         1.00
      0.6270         1.00
      0.6280         1.00
      0.6290         1.00
      0.6300         1.00
      0.6310         1.00
      0.6320         1.00
      0.6330         1.00
      0.6340         1.00
      0.6350         1.00
      0.6360         1.00
      0.6370         1.00
      0.6380         1.00
      0.6390         1.00
      0.6400         1.00
      0.6410         1.00
      0.6420         1.00
      0.6430         1.00
      0.6440         1.00
      0.6450         1.00
      0.6460         1.00
      0.6470         1.00
      0.6480         1.00
      0.6490         1.00
      0.6500         1.00
      0.6510         1.00
      0.6520         1.00
      0.6530         1.00
      0.6540         1.00
      0.6550         1.00
      0.6560         1.00
      0.6570         1.00
      0.6580         1.00
      0.6590         1.00
      0.6600         1.00
      0.6610         1.00
      0.6620         1.00
      0.6630         1.00
      0.6640         1.00
      0.6650         1.00
      0.6660         1.00
      0.6670         1.00
      0.6680         1.00
      0.6690         1.00
      0.6700         1.00
      0.6710         1.00
      0.6720         1.00
      0.6730         1.00
      0.6740         1.00
      0.6750         1.00
      0.6760         1.00
      0.6770         1.00
      0.6780         1.00
      0.6790         1.00
      0.6800         1.00
      0.6810         1.00
      0.6820         1.06
      0.6830         1.00
      0.6840         1.00
      0.6850         1.00
      0.6860         1.00
      0.6870         1.00
      0.6880         1.00
      0.6890         1.00
      0.6900         1.00
      0.6910         1.00
      0.6920         1.00
      0.6930         1.00
      0.6940         1.00
      0.6950         1.00
      0.6960         1.00
      0.6970         1.00
      0.6980         1.00
      0.6990         1.00
      0.7000         1.00
      0.7010         1.00
      0.7020         1.00
      0.7030         1.00
      0.7040         1.00
      0.7050         1.00
      0.7060         1.00
      0.7070         1.00
      0.7080         1.00
      0.7090         1.00
      0.7100         1.00
      0.7110         1.00
      0.7120         1.00
      0.7130         1.00
      0.7140         1.00
      0.7150         1.00
      0.7160         1.00
      0.7170         1.00
      0.7180         1.00
      0.7190         1.00
      0.7200         1.00
      0.7210         1.00
      0.7220         1.00
      0.7230         1.00
      0.7240         1.00
      0.7250         1.00
      0.7260         1.00
      0.7270         1.00
      0.7280         1.00
      0.7290         1.00
      0.7300         1.00
      0.7310         1.00
      0.7320         1.00
      0.7330         1.00
      0.7340         1.00
      0.7350         1.00
      0.7360         1.00
      0.7370         1.00
      0.7380         1.00
      0.7390         1.00
      0.7400         1.00
      0.7410         1.00
      0.7420         1.00
      0.7430         1.00
      0.7440         1.00
      0.7450         1.00
      0.7460         1.00
      0.7470         1.00
      0.7480         1.00
      0.7490         1.00
      0.7500         1.00
      0.7510         1.00
      0.7520         1.00
      0.7530         1.00
      0.7540         1.00
      0.7550         1.00
      0.7560         1.00
      0.7570         1.00
      0.7580         1.00
      0.7590         1.00
      0.7600         1.00
      0.7610         1.00
      0.7620         1.00
      0.7630         1.00
      0.7640         1.00
      0.7650         1.00
      0.7660         1.00
      0.7670         1.00
      0.7680         1.00
      0.7690         1.00
      0.7700         1.00
      0.7710         1.00
      0.7720         1.00
      0.7730         1.00
      0.7740         1.00
      0.7750         1.00
      0.7760         1.00
      0.7770         1.00
      0.7780         1.00
      0.7790         1.00
      0.7800         1.00
      0.7810         1.00
      0.7820         1.00
      0.7830         1.00
      0.7840         1.00
      0.7850         1.00
      0.7860         1.00
      0.7870         1.00
      0.7880         1.00
      0.7890         1.00
      0.7900         1.00
      0.7910         1.00
      0.7920         1.00
      0.7930         1.00
      0.7940         1.00
      0.7950         1.00
      0.7960         1.00
      0.7970         1.00
      0.7980         1.00
      0.7990         1.00
      0.8000         1.00
      0.8010         1.00
      0.8020         1.00
      0.8030         1.00
      0.8040         1.00
      0.8050         1.00
      0.8060         1.15
      0.8070         1.15
      0.8080         1.17
      0.8090         1.10
      0.8100         1.00
      0.8110         1.00
      0.8120         1.00
      0.8130         1.00
      0.8140         1.00
      0.8150         1.00
      0.8160         1.00
      0.8170         1.00
      0.8180         1.00
      0.8190         1.00
      0.8200         1.00
      0.8210         1.00
      0.8220         1.00
      0.8230         1.00
      0.8240         1.00
      0.8250         1.00
      0.8260         1.00
      0.8270         1.00
      0.8280         1.00
      0.8290         1.00
      0.8300         1.00
      0.8310         1.00
      0.8320         1.00
      0.8330         1.00
      0.8340         1.00
      0.8350         1.00
      0.8360         1.00
      0.8370         1.00
      0.8380         1.00
      0.8390         1.00
      0.8400         1.00
      0.8410         1.00
      0.8420         1.00
      0.8430         1.00
      0.8440         1.00
      0.8450         1.00
      0.8460         1.00
      0.8470         1.00
      0.8480         1.00
      0.8490         1.00
      0.8500         1.00
      0.8510         1.00
      0.8520         1.00
      0.8530         1.00
      0.8540         1.00
      0.8550         1.00
      0.8560         1.00
      0.8570         1.00
      0.8580         1.00
      0.8590         1.00
      0.8600         1.00
      0.8610         1.00
      0.8620         1.00
      0.8630         1.00
      0.8640         1.00
      0.8650         1.00
      0.8660         1.00
      0.8670         1.00
      0.8680         1.00
      0.8690         1.00
      0.8700         1.00
      0.8710         1.00
      0.8720         1.00
      0.8730         1.00
      0.8740         1.00
      0.8750         1.00
      0.8760         1.00
      0.8770         1.00
      0.8780         1.00
      0.8790         1.00
      0.8800         1.00
      0.8810         1.00
      0.8820         1.00
      0.8830         1.00
      0.8840         1.00
      0.8850         1.00
      0.8860         1.00
      0.8870         1.00
      0.8880         1.00
      0.8890         1.00
      0.8900         1.00
      0.8910         1.00
      0.8920         1.00
      0.8930         1.00
      0.8940         1.00
      0.8950         1.00
      0.8960         1.00
      0.8970         1.00
      0.8980         1.00
      0.8990         1.00
      0.9000         1.00
      0.9010         1.00
      0.9020         1.00
      0.9030         1.00
      0.9040         1.00
      0.9050         1.00
      0.9060         1.00
      0.9070         1.00
      0.9080         1.00
      0.9090         1.00
      0.9100         1.00
      0.9110         1.00
      0.9120         1.00
      0.9130         1.00
      0.9140         1.00
      0.9150         1.00
      0.9160         1.00
      0.9170         1.00
      0.9180         1.00
      0.9190         1.00
      0.9200         1.00
      0.9210         1.00
      0.9220         1.00
      0.9230         1.00
      0.9240         1.00
      0.9250         1.00
      0.9260         1.00
      0.9270         1.00
      0.9280         1.00
      0.9290         1.00
      0.9300         1.00
      0.9310         1.00
      0.9320         1.00
      0.9330         1.00
      0.9340         1.12
      0.9350         1.00
      0.9360         1.00
      0.9370         1.00
      0.9380         1.00
      0.9390         1.00
      0.9400         1.00
      0.9410         1.00
      0.9420         1.00
      0.9430         1.00
      0.9440         1.00
      0.9450         1.00
      0.9460         1.00
      0.9470         1.00
      0.9480         1.00
      0.9490         1.00
      0.9500         1.00
      0.9510         1.00
      0.9520         1.00
      0.9530         1.00
      0.9540         1.00
      0.9550         1.00
      0.9560         1.00
      0.9570         1.00
      0.9580         1.00
      0.9590         1.00
      0.9600         1.00
      0.9610         1.00
      0.9620         1.00
      0.9630         1.00
      0.9640         1.00
      0.9650         1.00
      0.9660         1.00
      0.9670         1.00
      0.9680         1.00
      0.9690         1.00
      0.9700         1.00
      0.9710         1.00
      0.9720         1.00
      0.9730         1.00
      0.9740         1.00
      0.9750         1.00
      0.9760         1.00
      0.9770         1.00
      0.9780         1.00
      0.9790         1.00
      0.9800         1.00
      0.9810         1.00
      0.9820         1.00
      0.9830         1.00
      0.9840         1.00
      0.9850         1.00
      0.9860         1.00
      0.9870         1.00
      0.9880         1.00
      0.9890         1.00
      0.9900         1.00
      0.9910         1.00
      0.9920         1.00
      0.9930         1.00
      0.9940         1.00
      0.9950         1.00
      0.9960         1.00
      0.9970         1.00
      0.9980         1.00
      0.9990         1.00
      1.0000         1.00
      1.0010         1.00
      1.0020         1.00
      1.0030         1.00
      1.0040         1.00
      1.0050         1.00
      1.0060         1.00
      1.0070         1.00
      1.0080         1.00
      1.0090         1.00
      1.0100         1.00
      1.0110         1.00
      1.0120         1.00
      1.0130         1.00
      1.0140         1.00
      1.0150         1.00
      1.0160         1.00
      1.0170         1.00
      1.0180         1.00
      1.0190         1.00
      1.0200         1.00
      1.0210         1.00
      1.0220         1.00
      1.0230         1.00
      1.0240         1.00
      1.0250         1.00
      1.0260         1.00
      1.0270         1.00
      1.0280         1.00
      1.0290         1.00
      1.0300         1.00
      1.0310         1.00
      1.0320         1.00
      1.0330         1.00
      1.0340         1.00
      1.0350         1.00
      1.0360         1.00
      1.0370         1.00
      1.0380         1.00
      1.0390         1.00
      1.0400         1.00
      1.0410         1.00
      1.0420         1.00
      1.0430         1.00
      1.0440         1.00
      1.0450         1.00
      1.0460         1.00
      1.0470         1.00
      1.0480         1.00
      1.0490         1.00
      1.0500         1.00
      1.0510         1.00
      1.0520         1.00
      1.0530         1.00
      1.0540         1.00
      1.0550         1.00
      1.0560         1.00
      1.0570         1.00
      1.0580         1.00
      1.0590         1.00
      1.0600         1.00
      1.0610         1.00
      1.0620         1.16
      1.0630         1.16
      1.0640         1.23
      1.0650         1.26
      1.0660         1.31
      1.0670         1.35
      1.0680         1.38
      1.0690         1.45
      1.0700         1.50
      1.0710         1.54
      1.0720         1.57
      1.0730         1.46
      1.0740         1.34
      1.0750         1.38
      1.0760         1.36
      1.0770         1.34
      1.0780         1.31
      1.0790         1.35
      1.0800         1.39
      1.0810         1.32
      1.0820         1.34
      1.0830         1.36
      1.0840         1.41
      1.0850         1.38
      1.0860         1.34
      1.0870         1.00
      1.0880         1.42
      1.0890         1.48
      1.0900         1.00
      1.0910         1.00
      1.0920         1.05
      1.0930         1.12
      1.0940         1.71
      1.0950         1.72
      1.0960         1.72
      1.0970         1.80
      1.0980         1.84
      1.0990         1.73
      1.1000         1.75
      1.1010         1.83
      1.1020         1.84
      1.1030         1.83
      1.1040         1.75
      1.1050         1.79
      1.1060         1.84
      1.1070         1.87
      1.1080         1.91
      1.1090         1.92
      1.1100         2.00
      1.1110         1.97
      1.1120         2.01
      1.1130         2.01
      1.1140         2.01
      1.1150         2.00
      1.1160         2.08
      1.1170         2.00
      1.1180         1.96
      1.1190         1.99
      1.1200         1.98
      1.1210         2.04
      1.1220         2.02
      1.1230         2.19
      1.1240         2.37
      1.1250         2.53
      1.1260         2.56
      1.1270         2.60
      1.1280         2.65
      1.1290         3.20
      1.1300         3.35
      1.1310         3.51
      1.1320         3.57
      1.1330         3.59
      1.1340         3.80
      1.1350         3.90
      1.1360         3.94
      1.1370         4.06
      1.1380         4.03
      1.1390         4.15
      1.1400         4.40
      1.1410         4.43
      1.1420         4.49
      1.1430         4.48
      1.1440         4.45
      1.1450         4.40
      1.1460         4.46
      1.1470         4.38
      1.1480         4.29
      1.1490         4.41
      1.1500         4.36
      1.1510         4.37
      1.1520         4.40
      1.1530         4.32
      1.1540         3.73
      1.1550         3.73
      1.1560         3.65
      1.1570         3.72
      1.1580         3.88
      1.1590         3.86
      1.1600         3.75
      1.1610         3.83
      1.1620         3.86
      1.1630         3.83
      1.1640         3.82
      1.1650         3.87
      1.1660         3.92
      1.1670         3.93
      1.1680         4.05
      1.1690         3.95
      1.1700         3.94
      1.1710         3.97
      1.1720         3.98
      1.1730         4.66
      1.1740         4.70
      1.1750         4.74
      1.1760         4.81
      1.1770         4.94
      1.1780         4.97
      1.1790         5.15
      1.1800         5.18
      1.1810         5.17
      1.1820         5.31
      1.1830         5.42
      1.1840         5.56
      1.1850         5.58
      1.1860         5.51
      1.1870         5.59
      1.1880         5.63
      1.1890         5.67
      1.1900         5.58
      1.1910         5.69
      1.1920         5.63
      1.1930         5.49
      1.1940         5.55
      1.1950         5.54
      1.1960         5.67
      1.1970         5.60
      1.1980         5.03
      1.1990         4.98
      1.2000         5.62
      1.2010         5.78
      1.2020         6.36
      1.2030         6.37
      1.2040         5.96
      1.2050         6.15
      1.2060         6.23
      1.2070         6.20
      1.2080         6.19
      1.2090         6.23
      1.2100         6.31
      1.2110         6.34
      1.2120         6.35
      1.2130         7.25
      1.2140         7.38
      1.2150         7.65
      1.2160         7.61
      1.2170         7.72
      1.2180         7.85
      1.2190         8.01
      1.2200         8.01
      1.2210         8.15
      1.2220         8.16
      1.2230         8.18
      1.2240         8.24
      1.2250         8.15
      1.2260         8.19
      1.2270         8.18
      1.2280         8.24
      1.2290         8.32
      1.2300         8.41
      1.2310         8.39
      1.2320         7.84
      1.2330         8.27
      1.2340         7.82
      1.2350         7.89
      1.2360         7.97
      1.2370         7.96
      1.2380         7.97
      1.2390         7.93
      1.2400         8.10
      1.2410         8.03
      1.2420         7.94
      1.2430         7.99
      1.2440         8.03
      1.2450         8.56
      1.2460         8.64
      1.2470         8.86
      1.2480         9.11
      1.2490         9.24
      1.2500         9.37
      1.2510         9.60
      1.2520         9.77
      1.2530         9.77
      1.2540         9.90
      1.2550         9.87
      1.2560        10.07
      1.2570        10.30
      1.2580        10.41
      1.2590        10.37
      1.2600        10.42
      1.2610        10.49
      1.2620        10.59
      1.2630        10.63
      1.2640        10.84
      1.2650        10.91
      1.2660        11.00
      1.2670        10.97
      1.2680        10.89
      1.2690        10.67
      1.2700        10.57
      1.2710        10.73
      1.2720        10.88
      1.2730        10.81
      1.2740        10.65
      1.2750        10.84
      1.2760        10.71
      1.2770        10.71
      1.2780        10.84
      1.2790        11.02
      1.2800        10.87
      1.2810        10.74
      1.2820        10.84
      1.2830        10.81
      1.2840        10.73
      1.2850        10.25
      1.2860        10.87
      1.2870        10.99
      1.2880        11.01
      1.2890        11.30
      1.2900        11.53
      1.2910        11.53
      1.2920        11.48
      1.2930        11.53
      1.2940        11.74
      1.2950        11.76
      1.2960        11.98
      1.2970        12.06
      1.2980        12.17
      1.2990        12.19
      1.3000        12.42
      1.3010        12.70
      1.3020        12.77
      1.3030        12.95
      1.3040        12.96
      1.3050        13.10
      1.3060        13.18
      1.3070        13.16
      1.3080        13.35
      1.3090        13.45
      1.3100        13.42
      1.3110        13.42
      1.3120        13.53
      1.3130        13.59
      1.3140        13.59
      1.3150        13.53
      1.3160        13.66
      1.3170        13.65
      1.3180        13.52
      1.3190        13.70
      1.3200        13.74
      1.3210        13.82
      1.3220        13.76
      1.3230        13.86
      1.3240        14.02
      1.3250        13.98
      1.3260        14.00
      1.3270        14.14
      1.3280        14.04
      1.3290        13.91
      1.3300        13.99
      1.3310        14.02
      1.3320        13.91
      1.3330        14.00
      1.3340        14.05
      1.3350        14.04
      1.3360        14.01
      1.3370        14.16
      1.3380        14.28
      1.3390        14.26
      1.3400        14.36
      1.3410        14.42
      1.3420        14.60
      1.3430        14.64
      1.3440        14.70
      1.3450        14.33
      1.3460        14.35
      1.3470        14.40
      1.3480        14.52
      1.3490        15.23
      1.3500        15.26
      1.3510        15.43
      1.3520        15.57
      1.3530        15.60
      1.3540        15.81
      1.3550        16.04
      1.3560        16.05
      1.3570        15.95
      1.3580        16.04
      1.3590        16.07
      1.3600        16.08
      1.3610        16.10
      1.3620        16.07
      1.3630        16.01
      1.3640        16.00
      1.3650        16.15
      1.3660        16.16
      1.3670        16.08
      1.3680        16.21
      1.3690        16.28
      1.3700        16.42
      1.3710        16.43
      1.3720        16.54
      1.3730        16.65
      1.3740        16.62
      1.3750        16.77
      1.3760        16.86
      1.3770        17.07
      1.3780        17.21
      1.3790        17.44
      1.3800        17.56
      1.3810        17.58
      1.3820        17.64
      1.3830        18.05
      1.3840        18.16
      1.3850        18.17
      1.3860        18.33
      1.3870        18.63
      1.3880        18.57
      1.3890        18.60
      1.3900        18.61
      1.3910        18.65
      1.3920        18.79
      1.3930        18.98
      1.3940        19.03
      1.3950        18.98
      1.3960        19.07
      1.3970        19.06
      1.3980        19.00
      1.3990        18.87
      1.4000        18.79
      1.4010        18.83
      1.4020        18.90
      1.4030        18.79
      1.4040        18.87
      1.4050        18.91
      1.4060        18.80
      1.4070        18.78
      1.4080        18.74
      1.4090        18.87
      1.4100        18.83
      1.4110        18.80
      1.4120        18.72
      1.4130        18.59
      1.4140        18.52
      1.4150        18.60
      1.4160        18.56
      1.4170        18.64
      1.4180        18.82
      1.4190        19.02
      1.4200        19.21
      1.4210        19.34
      1.4220        19.39
      1.4230        19.40
      1.4240        19.39
      1.4250        19.51
      1.4260        19.65
      1.4270        19.75
      1.4280        20.07
      1.4290        20.13
      1.4300        20.27
      1.4310        20.40
      1.4320        20.44
      1.4330        20.54
      1.4340        20.65
      1.4350        20.64
      1.4360        20.67
      1.4370        20.80
      1.4380        20.71
      1.4390        20.52
      1.4400        20.41
      1.4410        20.28
      1.4420        20.24
      1.4430        20.24
      1.4440        20.27
      1.4450        20.23
      1.4460        20.36
      1.4470        20.43
      1.4480        20.23
      1.4490        20.09
      1.4500        20.11
      1.4510        20.20
      1.4520        20.31
      1.4530        20.22
      1.4540        20.24
      1.4550        20.35
      1.4560        20.31
      1.4570        20.21
      1.4580        20.30
      1.4590        20.47
      1.4600        20.58
      1.4610        20.71
      1.4620        20.88
      1.4630        20.86
      1.4640        21.00
      1.4650        21.13
      1.4660        21.07
      1.4670        20.99
      1.4680        21.11
      1.4690        21.15
      1.4700        21.15
      1.4710        21.13
      1.4720        21.19
      1.4730        21.38
      1.4740        21.41
      1.4750        21.38
      1.4760        21.50
      1.4770        21.61
      1.4780        21.60
      1.4790        21.52
      1.4800        21.45
      1.4810        21.55
      1.4820        21.52
      1.4830        21.66
      1.4840        21.55
      1.4850        21.46
      1.4860        21.31
      1.4870        21.31
      1.4880        21.33
      1.4890        21.42
      1.4900        21.45
      1.4910        21.51
      1.4920        21.46
      1.4930        21.43
      1.4940        21.53
      1.4950        21.46
      1.4960        21.50
      1.4970        21.39
      1.4980        21.41
      1.4990        21.57
      1.5000        21.77
      1.5010        21.74
      1.5020        21.90
      1.5030        21.81
      1.5040        22.01
      1.5050        22.13
      1.5060        22.32
      1.5070        22.49
      1.5080        22.55
      1.5090        22.74
      1.5100        22.83
      1.5110        22.79
      1.5120        22.94
      1.5130        23.14
      1.5140        23.21
      1.5150        23.42
      1.5160        23.60
      1.5170        23.81
      1.5180        23.85
      1.5190        23.86
      1.5200        23.85
      1.5210        23.90
      1.5220        23.89
      1.5230        23.92
      1.5240        23.85
      1.5250        23.77
      1.5260        23.86
      1.5270        23.76
      1.5280        23.68
      1.5290        23.45
      1.5300        23.31
      1.5310        23.37
      1.5320        23.30
      1.5330        23.18
      1.5340        23.03
      1.5350        22.97
      1.5360        22.89
      1.5370        22.76
      1.5380        22.87
      1.5390        23.00
      1.5400        22.97
      1.5410        23.02
      1.5420        22.94
      1.5430        23.09
      1.5440        23.21
      1.5450        23.33
      1.5460        23.29
      1.5470        23.23
      1.5480        23.47
      1.5490        23.61
      1.5500        23.75
      1.5510        23.81
      1.5520        23.80
      1.5530        23.80
      1.5540        23.90
      1.5550        24.01
      1.5560        23.96
      1.5570        23.93
      1.5580        23.93
      1.5590        23.84
      1.5600        23.93
      1.5610        23.84
      1.5620        23.77
      1.5630        23.70
      1.5640        23.64
      1.5650        23.67
      1.5660        23.69
      1.5670        23.74
      1.5680        23.65
      1.5690        23.58
      1.5700        23.52
      1.5710        23.56
      1.5720        23.59
      1.5730        23.65
      1.5740        23.73
      1.5750        23.66
      1.5760        23.78
      1.5770        23.85
      1.5780        23.77
      1.5790        23.74
      1.5800        23.70
      1.5810        23.88
      1.5820        24.05
      1.5830        24.27
      1.5840        24.42
      1.5850        24.48
      1.5860        24.54
      1.5870        24.71
      1.5880        24.62
      1.5890        24.78
      1.5900        25.09
      1.5910        25.00
      1.5920        25.12
      1.5930        25.22
      1.5940        25.26
      1.5950        25.29
      1.5960        25.44
      1.5970        25.53
      1.5980        25.55
      1.5990        25.67
      1.6000        25.68
      1.6010        25.60
      1.6020        25.60
      1.6030        25.47
      1.6040        25.43
      1.6050        25.36
      1.6060        25.36
      1.6070        25.28
      1.6080        25.36
      1.6090        25.28
      1.6100        25.27
      1.6110        25.26
      1.6120        25.25
      1.6130        25.16
      1.6140        25.21
      1.6150        25.16
      1.6160        24.94
      1.6170        24.98
      1.6180        25.21
      1.6190        25.21
      1.6200        25.33
      1.6210        25.40
      1.6220        25.39
      1.6230        25.48
      1.6240        25.35
      1.6250        25.32
      1.6260        25.31
      1.6270        25.39
      1.6280        25.46
      1.6290        25.51
      1.6300        25.39
      1.6310        25.47
      1.6320        25.42
      1.6330        25.40
      1.6340        25.27
      1.6350        25.27
      1.6360        25.46
      1.6370        25.46
      1.6380        25.35
      1.6390        25.37
      1.6400        25.31
      1.6410        25.23
      1.6420        25.20
      1.6430        25.11
      1.6440        25.20
      1.6450        25.16
      1.6460        25.11
      1.6470        25.10
      1.6480        25.09
      1.6490        25.00
      1.6500        25.00
      1.6510        24.97
      1.6520        24.93
      1.6530        24.91
      1.6540        24.90
      1.6550        25.02
      1.6560        24.94
      1.6570        24.80
      1.6580        24.66
      1.6590        24.57
      1.6600        24.51
      1.6610        24.68
      1.6620        24.64
      1.6630        24.74
      1.6640        24.81
      1.6650        25.00
      1.6660        25.09
      1.6670        25.12
      1.6680        25.17
      1.6690        25.31
      1.6700        25.27
      1.6710        25.34
      1.6720        25.36
      1.6730        25.54
      1.6740        25.62
      1.6750        25.51
      1.6760        25.62
      1.6770        25.90
      1.6780        25.98
      1.6790        26.17
      1.6800        26.33
      1.6810        26.28
      1.6820        26.43
      1.6830        26.43
      1.6840        26.33
      1.6850        26.13
      1.6860        26.18
      1.6870        26.18
      1.6880        26.12
      1.6890        26.06
      1.6900        26.05
      1.6910        25.98
      1.6920        26.02
      1.6930        25.96
      1.6940        25.92
      1.6950        26.02
      1.6960        26.08
      1.6970        25.94
      1.6980        25.92
      1.6990        25.90
      1.7000        25.84
      1.7010        25.92
      1.7020        26.01
      1.7030        26.03
      1.7040        26.14
      1.7050        26.26
      1.7060        26.26
      1.7070        26.27
      1.7080        26.45
      1.7090        26.61
      1.7100        26.54
      1.7110        26.78
      1.7120        26.77
      1.7130        26.82
      1.7140        26.86
      1.7150        26.82
      1.7160        26.63
      1.7170        26.63
      1.7180        26.64
      1.7190        26.51
      1.7200        26.45
      1.7210        26.30
      1.7220        26.22
      1.7230        26.10
      1.7240        26.08
      1.7250        26.17
      1.7260        25.98
      1.7270        25.95
      1.7280        25.87
      1.7290        25.57
      1.7300        25.65
      1.7310        25.55
      1.7320        25.56
      1.7330        25.46
      1.7340        25.43
      1.7350        25.41
      1.7360        25.42
      1.7370        25.31
      1.7380        25.25
      1.7390        25.14
      1.7400        25.18
      1.7410        25.19
      1.7420        25.07
      1.7430        25.07
      1.7440        25.03
      1.7450        25.03
      1.7460        25.14
      1.7470        25.13
      1.7480        25.07
      1.7490        25.08
      1.7500        25.26
      1.7510        25.22
      1.7520        25.26
      1.7530        25.28
      1.7540        25.34
      1.7550        25.46
      1.7560        25.42
      1.7570        25.56
      1.7580        25.60
      1.7590        25.84
      1.7600        25.82
      1.7610        25.80
      1.7620        25.86
      1.7630        25.96
      1.7640        25.92
      1.7650        25.80
      1.7660        25.82
      1.7670        25.78
      1.7680        25.73
      1.7690        25.78
      1.7700        25.65
      1.7710        25.54
      1.7720        25.56
      1.7730        25.60
      1.7740        25.47
      1.7750        25.44
      1.7760        25.30
      1.7770        25.20
      1.7780        25.32
      1.7790        25.16
      1.7800        25.15
      1.7810        25.21
      1.7820        25.17
      1.7830        25.07
      1.7840        25.01
      1.7850        24.95
      1.7860        24.89
      1.7870        24.97
      1.7880        25.12
      1.7890        25.20
      1.7900        25.30
      1.7910        25.52
      1.7920        25.39
      1.7930        25.43
      1.7940        25.55
      1.7950        25.50
      1.7960        25.65
      1.7970        25.73
      1.7980        25.58
      1.7990        25.72
      1.8000        25.70
      1.8010        25.66
      1.8020        25.70
      1.8030        25.81
      1.8040        25.85
      1.8050        25.87
      1.8060        25.87
      1.8070        25.87
      1.8080        25.77
      1.8090        25.60
      1.8100        25.52
      1.8110        25.28
      1.8120        25.32
      1.8130        25.33
      1.8140        25.14
      1.8150        25.17
      1.8160        25.20
      1.8170        25.00
      1.8180        25.04
      1.8190        24.84
      1.8200        24.89
      1.8210        24.79
      1.8220        24.73
      1.8230        24.72
      1.8240        24.80
      1.8250        24.81
      1.8260        24.70
      1.8270        24.65
      1.8280        24.60
      1.8290        24.68
      1.8300        24.66
      1.8310        24.84
      1.8320        24.88
      1.8330        24.77
      1.8340        24.99
      1.8350        24.91
      1.8360        24.91
      1.8370        25.05
      1.8380        25.07
      1.8390        25.28
      1.8400        25.17
      1.8410        25.25
      1.8420        25.30
      1.8430        25.21
      1.8440        24.99
      1.8450        24.88
      1.8460        25.01
      1.8470        25.01
      1.8480        25.09
      1.8490        25.20
      1.8500        25.13
      1.8510        25.12
      1.8520        25.20
      1.8530        25.18
      1.8540        25.15
      1.8550        25.07
      1.8560        24.85
      1.8570        24.76
      1.8580        24.84
      1.8590        24.54
      1.8600        24.62
      1.8610        24.61
      1.8620        24.66
      1.8630        24.53
      1.8640        24.53
      1.8650        24.53
      1.8660        24.49
      1.8670        24.46
      1.8680        24.23
      1.8690        24.23
      1.8700        24.25
      1.8710        24.07
      1.8720        24.04
      1.8730        24.14
      1.8740        24.01
      1.8750        24.18
      1.8760        24.30
      1.8770        24.42
      1.8780        24.25
      1.8790        24.38
      1.8800        24.34
      1.8810        24.31
      1.8820        24.23
      1.8830        24.23
      1.8840        24.34
      1.8850        24.40
      1.8860        24.45
      1.8870        24.42
      1.8880        24.64
      1.8890        24.46
      1.8900        24.39
      1.8910        24.35
      1.8920        24.23
      1.8930        24.08
      1.8940        24.07
      1.8950        23.78
      1.8960        23.80
      1.8970        23.76
      1.8980        23.80
      1.8990        23.80
      1.9000        23.78
      1.9010        23.72
      1.9020        23.89
      1.9030        23.97
      1.9040        23.99
      1.9050        24.05
      1.9060        24.04
      1.9070        24.16
      1.9080        24.09
      1.9090        24.19
      1.9100        24.14
      1.9110        24.23
      1.9120        24.32
      1.9130        24.34
      1.9140        24.44
      1.9150        24.86
      1.9160        24.91
      1.9170        24.83
      1.9180        25.01
      1.9190        25.11
      1.9200        25.22
      1.9210        25.27
      1.9220        25.02
      1.9230        24.95
      1.9240        25.11
      1.9250        25.06
      1.9260        24.98
      1.9270        24.86
      1.9280        24.83
      1.9290        24.75
      1.9300        24.87
      1.9310        24.87
      1.9320        24.83
      1.9330        24.91
      1.9340        24.70
      1.9350        24.40
      1.9360        24.32
      1.9370        24.34
      1.9380        24.12
      1.9390        24.06
      1.9400        23.92
      1.9410        23.79
      1.9420        23.75
      1.9430        23.68
      1.9440        23.45
      1.9450        23.40
      1.9460        23.42
      1.9470        23.34
      1.9480        23.22
      1.9490        23.24
      1.9500        23.17
      1.9510        23.17
      1.9520        23.13
      1.9530        23.09
      1.9540        23.25
      1.9550        23.24
      1.9560        23.28
      1.9570        23.36
      1.9580        23.35
      1.9590        23.34
      1.9600        23.37
      1.9610        23.50
      1.9620        23.54
      1.9630        23.62
      1.9640        23.62
      1.9650        23.68
      1.9660        23.59
      1.9670        23.61
      1.9680        23.74
      1.9690        23.82
      1.9700        23.83
      1.9710        23.75
      1.9720        23.73
      1.9730        23.71
      1.9740        23.52
      1.9750        23.50
      1.9760        23.52
      1.9770        23.38
      1.9780        23.34
      1.9790        23.28
      1.9800        23.11
      1.9810        22.81
      1.9820        22.64
      1.9830        22.66
      1.9840        22.66
      1.9850        22.50
      1.9860        22.50
      1.9870        22.53
      1.9880        22.36
      1.9890        22.17
      1.9900        22.25
      1.9910        22.24
      1.9920        22.25
      1.9930        22.37
      1.9940        22.49
      1.9950        22.49
      1.9960        22.48
      1.9970        22.60
      1.9980        22.61
      1.9990        22.57
      2.0000        22.74
      2.0010        23.01
      2.0020        23.18
      2.0030        23.09
      2.0040        23.08
      2.0050        23.16
      2.0060        23.23
      2.0070        23.27
      2.0080        23.36
      2.0090        23.36
      2.0100        23.31
      2.0110        23.38
      2.0120        23.29
      2.0130        23.16
      2.0140        23.23
      2.0150        23.31
      2.0160        23.17
      2.0170        23.07
      2.0180        22.95
      2.0190        22.81
      2.0200        22.62
      2.0210        22.52
      2.0220        22.43
      2.0230        22.47
      2.0240        22.58
      2.0250        22.50
      2.0260        22.36
      2.0270        22.19
      2.0280        22.15
      2.0290        22.15
      2.0300        22.05
      2.0310        22.02
      2.0320        21.87
      2.0330        21.65
      2.0340        21.48
      2.0350        21.37
      2.0360        21.52
      2.0370        21.59
      2.0380        21.76
      2.0390        21.91
      2.0400        21.96
      2.0410        21.94
      2.0420        21.97
      2.0430        22.10
      2.0440        22.00
      2.0450        22.10
      2.0460        22.01
      2.0470        22.05
      2.0480        22.09
      2.0490        21.97
      2.0500        21.91
      2.0510        21.88
      2.0520        21.92
      2.0530        22.04
      2.0540        22.05
      2.0550        21.90
      2.0560        21.71
      2.0570        21.47
      2.0580        21.36
      2.0590        21.25
      2.0600        21.16
      2.0610        21.04
      2.0620        20.95
      2.0630        20.63
      2.0640        20.49
      2.0650        20.39
      2.0660        20.34
      2.0670        20.38
      2.0680        20.30
      2.0690        20.42
      2.0700        20.26
      2.0710        20.18
      2.0720        20.39
      2.0730        20.42
      2.0740        20.46
      2.0750        20.70
      2.0760        20.58
      2.0770        20.74
      2.0780        20.78
      2.0790        20.81
      2.0800        21.00
      2.0810        21.07
      2.0820        21.08
      2.0830        21.16
      2.0840        21.23
      2.0850        21.27
      2.0860        21.46
      2.0870        21.34
      2.0880        21.38
      2.0890        21.38
      2.0900        21.53
      2.0910        21.45
      2.0920        21.33
      2.0930        21.28
      2.0940        21.18
      2.0950        20.87
      2.0960        20.92
      2.0970        20.78
      2.0980        20.61
      2.0990        20.45
      2.1000        20.28
      2.1010        20.35
      2.1020        20.13
      2.1030        20.17
      2.1040        19.99
      2.1050        19.81
      2.1060        19.65
      2.1070        19.60
      2.1080        19.56
      2.1090        19.55
      2.1100        19.43
      2.1110        19.38
      2.1120        19.16
      2.1130        19.11
      2.1140        19.07
      2.1150        19.13
      2.1160        19.05
      2.1170        19.04
      2.1180        19.07
      2.1190        19.23
      2.1200        19.16
      2.1210        19.08
      2.1220        19.24
      2.1230        19.20
      2.1240        19.22
      2.1250        19.35
      2.1260        19.38
      2.1270        19.42
      2.1280        19.34
      2.1290        19.31
      2.1300        19.39
      2.1310        19.35
      2.1320        19.56
      2.1330        19.51
      2.1340        19.55
      2.1350        19.52
      2.1360        19.52
      2.1370        19.45
      2.1380        19.50
      2.1390        19.42
      2.1400        19.35
      2.1410        19.22
      2.1420        19.17
      2.1430        18.99
      2.1440        18.98
      2.1450        18.71
      2.1460        18.80
      2.1470        18.79
      2.1480        18.65
      2.1490        18.56
      2.1500        18.37
      2.1510        18.44
      2.1520        18.25
      2.1530        18.17
      2.1540        18.04
      2.1550        17.92
      2.1560        18.01
      2.1570        17.90
      2.1580        17.73
      2.1590        17.66
      2.1600        17.78
      2.1610        17.77
      2.1620        17.78
      2.1630        17.85
      2.1640        17.94
      2.1650        18.06
      2.1660        17.85
      2.1670        17.81
      2.1680        17.89
      2.1690        17.83
      2.1700        17.87
      2.1710        17.83
      2.1720        17.89
      2.1730        17.82
      2.1740        17.75
      2.1750        17.65
      2.1760        17.53
      2.1770        17.66
      2.1780        17.82
      2.1790        17.64
      2.1800        17.53
      2.1810        17.40
      2.1820        17.29
      2.1830        17.17
      2.1840        17.04
      2.1850        16.97
      2.1860        16.85
      2.1870        16.65
      2.1880        16.38
      2.1890        16.28
      2.1900        16.14
      2.1910        16.11
      2.1920        15.87
      2.1930        15.89
      2.1940        15.84
      2.1950        15.81
      2.1960        15.68
      2.1970        15.50
      2.1980        15.18
      2.1990        15.11
      2.2000        14.77
      2.2010        14.87
      2.2020        14.77
      2.2030        14.72
      2.2040        14.58
      2.2050        14.47
      2.2060        14.43
      2.2070        14.42
      2.2080        14.43
      2.2090        14.52
      2.2100        14.56
      2.2110        14.44
      2.2120        14.44
      2.2130        14.33
      2.2140        14.44
      2.2150        14.52
      2.2160        14.54
      2.2170        14.57
      2.2180        14.58
      2.2190        14.59
      2.2200        14.73
      2.2210        14.61
      2.2220        14.53
      2.2230        14.46
      2.2240        14.40
      2.2250        14.40
      2.2260        14.41
      2.2270        14.24
      2.2280        14.34
      2.2290        14.16
      2.2300        14.04
      2.2310        13.85
      2.2320        13.86
      2.2330        13.67
      2.2340        13.36
      2.2350        13.24
      2.2360        13.20
      2.2370        13.06
      2.2380        13.13
      2.2390        13.16
      2.2400        13.09
      2.2410        12.97
      2.2420        12.98
      2.2430        13.01
      2.2440        13.06
      2.2450        13.00
      2.2460        12.92
      2.2470        13.03
      2.2480        12.98
      2.2490        12.84
      2.2500        12.77
      2.2510        12.77
      2.2520        12.67
      2.2530        12.71
      2.2540        12.68
      2.2550        12.78
      2.2560        12.58
      2.2570        12.47
      2.2580        12.20
      2.2590        11.59
      2.2600        11.54
      2.2610        12.04
      2.2620        11.42
      2.2630        11.76
      2.2640        11.23
      2.2650        11.10
      2.2660        11.03
      2.2670        10.85
      2.2680        10.80
      2.2690        10.73
      2.2700        10.65
      2.2710        10.62
      2.2720        10.51
      2.2730        10.36
      2.2740        10.26
      2.2750        10.04
      2.2760        10.11
      2.2770         9.97
      2.2780         9.91
      2.2790         9.73
      2.2800         9.58
      2.2810         9.47
      2.2820         9.35
      2.2830         9.39
      2.2840         9.29
      2.2850         9.19
      2.2860         8.99
      2.2870         8.88
      2.2880         8.76
      2.2890         8.74
      2.2900         8.66
      2.2910         8.59
      2.2920         8.57
      2.2930         8.64
      2.2940         8.60
      2.2950         8.53
      2.2960         8.50
      2.2970         8.53
      2.2980         8.50
      2.2990         8.55
      2.3000         8.65
      2.3010         8.67
      2.3020         8.62
      2.3030         8.55
      2.3040         8.40
      2.3050         8.47
      2.3060         8.58
      2.3070         9.04
      2.3080         8.99
      2.3090         8.97
      2.3100         9.06
      2.3110         9.06
      2.3120         8.97
      2.3130         8.89
      2.3140         8.83
      2.3150         8.77
      2.3160         8.78
      2.3170         8.72
      2.3180         8.68
      2.3190         8.58
      2.3200         8.39
      2.3210         8.05
      2.3220         7.89
      2.3230         7.80
      2.3240         7.70
      2.3250         7.60
      2.3260         7.52
      2.3270         7.02
      2.3280         7.04
      2.3290         7.44
      2.3300         7.46
      2.3310         6.84
      2.3320         6.80
      2.3330         6.83
      2.3340         6.76
      2.3350         6.72
      2.3360         6.57
      2.3370         6.50
      2.3380         6.45
      2.3390         6.42
      2.3400         6.35
      2.3410         6.42
      2.3420         6.43
      2.3430         6.48
      2.3440         6.39
      2.3450         6.21
      2.3460         6.08
      2.3470         5.92
      2.3480         5.89
      2.3490         5.78
      2.3500         5.63
      2.3510         5.61
      2.3520         5.40
      2.3530         5.19
      2.3540         5.13
      2.3550         4.93
      2.3560         4.85
      2.3570         5.18
      2.3580         4.63
      2.3590         4.63
      2.3600         4.57
      2.3610         4.09
      2.3620         4.02
      2.3630         3.85
      2.3640         3.82
      2.3650         3.75
      2.3660         3.71
      2.3670         3.74
      2.3680         3.53
      2.3690         3.52
      2.3700         3.49
      2.3710         3.55
      2.3720         3.48
      2.3730         3.52
      2.3740         3.52
      2.3750         3.57
      2.3760         4.08
      2.3770         4.23
      2.3780         4.24
      2.3790         4.13
      2.3800         4.10
      2.3810         3.98
      2.3820         3.95
      2.3830         4.43
      2.3840         4.37
      2.3850         4.33
      2.3860         3.64
      2.3870         3.60
      2.3880         3.75
      2.3890         4.07
      2.3900         3.24
      2.3910         2.43
      2.3920         2.43
      2.3930         2.37
      2.3940         2.19
      2.3950         2.10
      2.3960         1.97
      2.3970         1.82
      2.3980         1.80
      2.3990         1.74
      2.4000         1.62
      2.4010         1.62
      2.4020         1.59
      2.4030         1.54
      2.4040         1.49
      2.4050         1.47
      2.4060         1.43
      2.4070         1.41
      2.4080         1.41
      2.4090         1.43
      2.4100         1.43
      2.4110         1.54
      2.4120         1.56
      2.4130         1.57
      2.4140         1.53
      2.4150         1.45
      2.4160         1.44
      2.4170         1.04
      2.4180         1.00
      2.4190         1.00
      2.4200         1.00
      2.4210         1.00
      2.4220         1.00
      2.4230         1.00
      2.4240         1.00
      2.4250         1.00
      2.4260         1.27
      2.4270         1.23
      2.4280         1.00
      2.4290         1.00
      2.4300         1.12
      2.4310         1.00
      2.4320         1.00
      2.4330         1.00
      2.4340         1.00
      2.4350         1.00
      2.4360         1.00
      2.4370         1.00
      2.4380         1.00
      2.4390         1.00
      2.4400         1.00
      2.4410         1.00
      2.4420         1.00
      2.4430         1.00
      2.4440         1.00
      2.4450         1.00
      2.4460         1.00
      2.4470         1.00
      2.4480         1.00
      2.4490         1.00
      2.4500         1.00
      2.4510         1.00
      2.4520         1.00
      2.4530         1.00
      2.4540         1.00
      2.4550         1.00
      2.4560         1.00
      2.4570         1.00
      2.4580         1.00
      2.4590         1.00
      2.4600         1.00
      2.4610         1.00
      2.4620         1.00
      2.4630         1.00
      2.4640         1.00
      2.4650         1.00
      2.4660         1.00
      2.4670         1.00
      2.4680         1.00
      2.4690         1.00
      2.4700         1.00
      2.4710         1.00
      2.4720         1.00
      2.4730         1.00
      2.4740         1.00
      2.4750         1.00
      2.4760         1.00
      2.4770         1.00
      2.4780         1.00
      2.4790         1.00
      2.4800         1.00
      2.4810         1.00
      2.4820         1.00
      2.4830         1.00
      2.4840         1.00
      2.4850         1.00
      2.4860         1.00
      2.4870         1.00
      2.4880         1.00
      2.4890         1.00
      2.4900         1.00
      2.4910         1.00
      2.4920         1.00
      2.4930         1.00
      2.4940         1.00
      2.4950         1.00
      2.4960         1.00
      2.4970         1.00
      2.4980         1.00
      2.4990         1.00
      2.5000         1.00
      2.5010         1.00
      2.5020         1.00
      2.5030         1.00
      2.5040         1.00
      2.5050         1.00
      2.5060         1.00
      2.5070         1.00
      2.5080         1.00
      2.5090         1.00
      2.5100         1.00
      2.5110         1.00
      2.5120         1.00
      2.5130         1.00
      2.5140         1.00
      2.5150         1.00
      2.5160         1.00
      2.5170         1.00
      2.5180         1.00
      2.5190         1.00
      2.5200         1.00
      2.5210         1.00
      2.5220         1.00
      2.5230         1.00
      2.5240         1.00
      2.5250         1.00
      2.5260         1.00
      2.5270         1.00
      2.5280         1.00
      2.5290         1.00
      2.5300         1.00
      2.5310         1.00
      2.5320         1.00
      2.5330         1.00
      2.5340         1.00
      2.5350         1.00
      2.5360         1.00
      2.5370         1.00
      2.5380         1.00
      2.5390         1.00
      2.5400         1.00
      2.5410         1.00
      2.5420         1.00
      2.5430         1.00
      2.5440         1.00
      2.5450         1.00
      2.5460         1.00
      2.5470         1.00
      2.5480         1.00
      2.5490         1.00
      2.5500         1.00
      2.5510         1.00
      2.5520         1.00
      2.5530         1.00
      2.5540         1.00
      2.5550         1.00
      2.5560         1.00
      2.5570         1.00
      2.5580         1.00
      2.5590         1.00
      2.5600         1.00
      2.5610         1.00
      2.5620         1.00
      2.5630         1.00
      2.5640         1.00
      2.5650         1.00
      2.5660         1.00
      2.5670         1.00
      2.5680         1.00
      2.5690         1.00
      2.5700         1.00
      2.5710         1.00
      2.5720         1.00
      2.5730         1.00
      2.5740         1.00
      2.5750         1.00
      2.5760         1.00
      2.5770         1.00
      2.5780         1.00
      2.5790         1.00
      2.5800         1.00
      2.5810         1.00
      2.5820         1.00
      2.5830         1.00
      2.5840         1.00
      2.5850         1.00
      2.5860         1.00
      2.5870         1.00
      2.5880         1.00
      2.5890         1.00
      2.5900         1.00
      2.5910         1.00
      2.5920         1.00
      2.5930         1.00
      2.5940         1.00
      2.5950         1.00
      2.5960         1.00
      2.5970         1.00
      2.5980         1.00
      2.5990         1.00
      2.6000         1.00
      2.6010         1.00
      2.6020         1.00
      2.6030         1.00
      2.6040         1.00
      2.6050         1.00
      2.6060         1.00
      2.6070         1.00
      2.6080         1.00
      2.6090         1.00
      2.6100         1.00
      2.6110         1.00
      2.6120         1.00
      2.6130         1.00
      2.6140         1.00
      2.6150         1.00
      2.6160         1.00
      2.6170         1.00
      2.6180         1.00
      2.6190         1.00
      2.6200         1.00
      2.6210         1.00
      2.6220         1.00
      2.6230         1.00
      2.6240         1.00
      2.6250         1.00
      2.6260         1.00
      2.6270         1.00
      2.6280         1.00
      2.6290         1.00
      2.6300         1.00
      2.6310         1.00
      2.6320         1.00
      2.6330         1.00
      2.6340         1.00
      2.6350         1.00
      2.6360         1.00
      2.6370         1.00
      2.6380         1.00
      2.6390         1.00
      2.6400         1.00
      2.6410         1.00
      2.6420         1.00
      2.6430         1.00
      2.6440         1.00
      2.6450         1.00
      2.6460         1.00
      2.6470         1.00
      2.6480         1.00
      2.6490         1.00
      2.6500         1.00
      2.6510         1.00
      2.6520         1.00
      2.6530         1.00
      2.6540         1.00
      2.6550         1.00
      2.6560         1.00
      2.6570         1.00
      2.6580         1.00
      2.6590         1.00
      2.6600         1.00
      2.6610         1.00
      2.6620         1.00
      2.6630         1.00
      2.6640         1.00
      2.6650         1.00
      2.6660         1.00
      2.6670         1.00
      2.6680         1.00
      2.6690         1.00
      2.6700         1.00
      2.6710         1.00
      2.6720         1.00
      2.6730         1.00
      2.6740         1.00
      2.6750         1.00
      2.6760         1.00
      2.6770         1.00
      2.6780         1.00
      2.6790         1.00
      2.6800         1.00
      2.6810         1.00
      2.6820         1.00
      2.6830         1.00
      2.6840         1.00
      2.6850         1.00
      2.6860         1.00
      2.6870         1.00
      2.6880         1.00
      2.6890         1.00
      2.6900         1.00
      2.6910         1.00
      2.6920         1.00
      2.6930         1.00
      2.6940         1.00
      2.6950         1.00
      2.6960         1.00
      2.6970         1.00
      2.6980         1.00
      2.6990         1.00
      2.7000         1.00
      2.7010         1.00
      2.7020         1.00
      2.7030         1.00
      2.7040         1.00
      2.7050         1.00
      2.7060         1.00
      2.7070         1.00
      2.7080         1.00
      2.7090         1.00
      2.7100         1.00
      2.7110         1.00
      2.7120         1.00
      2.7130         1.00
      2.7140         1.00
      2.7150         1.00
      2.7160         1.00
      2.7170         1.00
      2.7180         1.00
      2.7190         1.00
      2.7200         1.00
      2.7210         1.00
      2.7220         1.00
      2.7230         1.00
      2.7240         1.00
      2.7250         1.00
      2.7260         1.00
      2.7270         1.00
      2.7280         1.00
      2.7290         1.00
      2.7300         1.00
      2.7310         1.00
      2.7320         1.00
      2.7330         1.00
      2.7340         1.00
      2.7350         1.00
      2.7360         1.00
      2.7370         1.00
      2.7380         1.00
      2.7390         1.00
      2.7400         1.00
      2.7410         1.00
      2.7420         1.00
      2.7430         1.00
      2.7440         1.00
      2.7450         1.00
      2.7460         1.00
      2.7470         1.00
      2.7480         1.00
      2.7490         1.00
      2.7500         1.00
      2.7510         1.00
      2.7520         1.00
      2.7530         1.00
      2.7540         1.00
      2.7550         1.00
      2.7560         1.00
      2.7570         1.00
      2.7580         1.00
      2.7590         1.00
      2.7600         1.00
      2.7610         1.00
      2.7620         1.00
      2.7630         1.00
      2.7640         1.00
      2.7650         1.00
      2.7660         1.00
      2.7670         1.00
      2.7680         1.00
      2.7690         1.00
      2.7700         1.00
      2.7710         1.00
      2.7720         1.00
      2.7730         1.00
      2.7740         1.00
      2.7750         1.00
      2.7760         1.00
      2.7770         1.00
      2.7780         1.00
      2.7790         1.00
      2.7800         1.00
      2.7810         1.00
      2.7820         1.00
      2.7830         1.00
      2.7840         1.00
      2.7850         1.00
      2.7860         1.00
      2.7870         1.00
      2.7880         1.00
      2.7890         1.00
      2.7900         1.00
      2.7910         1.00
      2.7920         1.00
      2.7930         1.00
      2.7940         1.00
      2.7950         1.00
      2.7960         1.00
      2.7970         1.00
      2.7980         1.00
      2.7990         1.00
      2.8000         1.00
      2.8010         1.00
      2.8020         1.00
      2.8030         1.00
      2.8040         1.00
      2.8050         1.00
      2.8060         1.00
      2.8070         1.00
      2.8080         1.00
      2.8090         1.00
      2.8100         1.00
      2.8110         1.00
      2.8120         1.00
      2.8130         1.00
      2.8140         1.00
      2.8150         1.00
      2.8160         1.00
      2.8170         1.00
      2.8180         1.00
      2.8190         1.00
      2.8200         1.00
      2.8210         1.00
      2.8220         1.00
      2.8230         1.00
      2.8240         1.00
      2.8250         1.00
      2.8260         1.00
      2.8270         1.00
      2.8280         1.00
      2.8290         1.00
      2.8300         1.00
      2.8310         1.00
      2.8320         1.00
      2.8330         1.00
      2.8340         1.00
      2.8350         1.00
      2.8360         1.00
      2.8370         1.00
      2.8380         1.00
      2.8390         1.00
      2.8400         1.00
      2.8410         1.00
      2.8420         1.00
      2.8430         1.00
      2.8440         1.00
      2.8450         1.00
      2.8460         1.00
      2.8470         1.00
      2.8480         1.00
      2.8490         1.00
      2.8500         1.00
      2.8510         1.00
      2.8520         1.00
      2.8530         1.00
      2.8540         1.00
      2.8550         1.00
      2.8560         1.00
      2.8570         1.00
      2.8580         1.00
      2.8590         1.00
      2.8600         1.00
      2.8610         1.00
      2.8620         1.00
      2.8630         1.00
      2.8640         1.00
      2.8650         1.00
      2.8660         1.00
      2.8670         1.00
      2.8680         1.00
      2.8690         1.00
      2.8700         1.00
      2.8710         1.00
      2.8720         1.00
      2.8730         1.00
      2.8740         1.00
      2.8750         1.00
      2.8760         1.00
      2.8770         1.00
      2.8780         1.00
      2.8790         1.00
      2.8800         1.00
      2.8810         1.00
      2.8820         1.00
      2.8830         1.00
      2.8840         1.00
      2.8850         1.00
      2.8860         1.00
      2.8870         1.00
      2.8880         1.00
      2.8890         1.00
      2.8900         1.00
      2.8910         1.00
      2.8920         1.00
      2.8930         1.00
      2.8940         1.00
      2.8950         1.00
      2.8960         1.00
      2.8970         1.00
      2.8980         1.00
      2.8990         1.00
      2.9000         1.00
      2.9010         1.00
      2.9020         1.00
      2.9030         1.00
      2.9040         1.00
      2.9050         1.00
      2.9060         1.00
      2.9070         1.00
      2.9080         1.00
      2.9090         1.00
      2.9100         1.00
      2.9110         1.00
      2.9120         1.00
      2.9130         1.00
      2.9140         1.00
      2.9150         1.00
      2.9160         1.00
      2.9170         1.00
      2.9180         1.00
      2.9190         1.00
      2.9200         1.00
      2.9210         1.00
      2.9220         1.00
      2.9230         1.00
      2.9240         1.00
      2.9250         1.00
      2.9260         1.00
      2.9270         1.00
      2.9280         1.00
      2.9290         1.00
      2.9300         1.00
      2.9310         1.00
      2.9320         1.00
      2.9330         1.00
      2.9340         1.00
      2.9350         1.00
      2.9360         1.00
      2.9370         1.00
      2.9380         1.00
      2.9390         1.00
      2.9400         1.00
      2.9410         1.00
      2.9420         1.00
      2.9430         1.00
      2.9440         1.00
      2.9450         1.00
      2.9460         1.00
      2.9470         1.00
      2.9480         1.00
      2.9490         1.00
      2.9500         1.00
      2.9510         1.00
      2.9520         1.00
      2.9530         1.00
      2.9540         1.00
      2.9550         1.00
      2.9560         1.00
      2.9570         1.00
      2.9580         1.00
      2.9590         1.00
      2.9600         1.00
      2.9610         1.00
      2.9620         1.00
      2.9630         1.00
      2.9640         1.00
      2.9650         1.00
      2.9660         1.07
      2.9670         1.14
      2.9680         1.00
      2.9690         1.00
      2.9700         1.00
      2.9710         1.00
      2.9720         1.00
      2.9730         1.00
      2.9740         1.00
      2.9750         1.00
      2.9760         1.00
      2.9770         1.00
      2.9780         1.00
      2.9790         1.00
      2.9800         1.00
      2.9810         1.00
      2.9820         1.00
      2.9830         1.00
      2.9840         1.00
      2.9850         1.00
      2.9860         1.00
      2.9870         1.00
      2.9880         1.00
      2.9890         1.00
      2.9900         1.00
      2.9910         1.00
      2.9920         1.00
      2.9930         1.00
      2.9940         1.00
      2.9950         1.00
      2.9960         1.00
      2.9970         1.00
      2.9980         1.00
      2.9990         1.00
