        Time   Palpation Force
      0.0000         1.00
      0.0010         1.00
      0.0020         1.00
      0.0030         1.00
      0.0040         1.00
      0.0050         1.00
      0.0060         1.00
      0.0070         1.00
      0.0080         1.00
      0.0090         1.00
      0.0100         1.00
      0.0110         1.00
      0.0120         1.00
      0.0130         1.00
      0.0140         1.00
      0.0150         1.00
      0.0160         1.00
      0.0170         1.00
      0.0180         1.00
      0.0190         1.00
      0.0200         1.00
      0.0210         1.00
      0.0220         1.00
      0.0230         1.00
      0.0240         1.00
      0.0250         1.00
      0.0260         1.00
      0.0270         1.00
      0.0280         1.00
      0.0290         1.00
      0.0300         1.00
      0.0310         1.00
      0.0320         1.00
      0.0330         1.00
      0.0340         1.00
      0.0350         1.00
      0.0360         1.00
      0.0370         1.00
      0.0380         1.00
      0.0390         1.00
      0.0400         1.00
      0.0410         1.00
      0.0420         1.00
      0.0430         1.00
      0.0440         1.00
      0.0450         1.00
      0.0460         1.00
      0.0470         1.00
      0.0480         1.00
      0.0490         1.00
      0.0500         1.00
      0.0510         1.00
      0.0520         1.00
      0.0530         1.00
      0.0540         1.00
      0.0550         1.00
      0.0560         1.00
      0.0570         1.00
      0.0580         1.00
      0.0590         1.00
      0.0600         1.00
      0.0610         1.00
      0.0620         1.00
      0.0630         1.00
      0.0640         1.00
      0.0650         1.00
      0.0660         1.00
      0.0670         1.00
      0.0680         1.00
      0.0690         1.00
      0.0700         1.00
      0.0710         1.00
      0.0720         1.00
      0.0730         1.00
      0.0740         1.00
      0.0750         1.00
      0.0760         1.00
      0.0770         1.00
      0.0780         1.00
      0.0790         1.00
      0.0800         1.00
      0.0810         1.00
      0.0820         1.00
      0.0830         1.00
      0.0840         1.00
      0.0850         1.00
      0.0860         1.00
      0.0870         1.00
      0.0880         1.00
      0.0890         1.00
      0.0900         1.00
      0.0910         1.00
      0.0920         1.00
      0.0930         1.00
      0.0940         1.00
      0.0950         1.00
      0.0960         1.00
      0.0970         1.00
      0.0980         1.00
      0.0990         1.00
      0.1000         1.00
      0.1010         1.00
      0.1020         1.00
      0.1030         1.00
      0.1040         1.00
      0.1050         1.00
      0.1060         1.00
      0.1070         1.00
      0.1080         1.00
      0.1090         1.00
      0.1100         1.00
      0.1110         1.00
      0.1120         1.00
      0.1130         1.00
      0.1140         1.00
      0.1150         1.00
      0.1160         1.00
      0.1170         1.00
      0.1180         1.00
      0.1190         1.00
      0.1200         1.00
      0.1210         1.00
      0.1220         1.00
      0.1230         1.00
      0.1240         1.00
      0.1250         1.00
      0.1260         1.00
      0.1270         1.00
      0.1280         1.00
      0.1290         1.00
      0.1300         1.00
      0.1310         1.00
      0.1320         1.00
      0.1330         1.00
      0.1340         1.00
      0.1350         1.00
      0.1360         1.00
      0.1370         1.00
      0.1380         1.00
      0.1390         1.00
      0.1400         1.00
      0.1410         1.00
      0.1420         1.00
      0.1430         1.00
      0.1440         1.00
      0.1450         1.00
      0.1460         1.00
      0.1470         1.00
      0.1480         1.00
      0.1490         1.00
      0.1500         1.00
      0.1510         1.00
      0.1520         1.00
      0.1530         1.00
      0.1540         1.00
      0.1550         1.00
      0.1560         1.00
      0.1570         1.00
      0.1580         1.00
      0.1590         1.00
      0.1600         1.00
      0.1610         1.00
      0.1620         1.00
      0.1630         1.00
      0.1640         1.00
      0.1650         1.00
      0.1660         1.00
      0.1670         1.00
      0.1680         1.00
      0.1690         1.00
      0.1700         1.00
      0.1710         1.00
      0.1720         1.00
      0.1730         1.00
      0.1740         1.00
      0.1750         1.00
      0.1760         1.00
      0.1770         1.00
      0.1780         1.00
      0.1790         1.00
      0.1800         1.00
      0.1810         1.00
      0.1820         1.00
      0.1830         1.00
      0.1840         1.00
      0.1850         1.00
      0.1860         1.00
      0.1870         1.00
      0.1880         1.00
      0.1890         1.00
      0.1900         1.00
      0.1910         1.00
      0.1920         1.00
      0.1930         1.00
      0.1940         1.00
      0.1950         1.00
      0.1960         1.00
      0.1970         1.00
      0.1980         1.00
      0.1990         1.00
      0.2000         1.00
      0.2010         1.00
      0.2020         1.00
      0.2030         1.00
      0.2040         1.00
      0.2050         1.00
      0.2060         1.00
      0.2070         1.00
      0.2080         1.00
      0.2090         1.00
      0.2100         1.00
      0.2110         1.00
      0.2120         1.00
      0.2130         1.00
      0.2140         1.00
      0.2150         1.00
      0.2160         1.00
      0.2170         1.00
      0.2180         1.00
      0.2190         1.00
      0.2200         1.00
      0.2210         1.00
      0.2220         1.00
      0.2230         1.00
      0.2240         1.00
      0.2250         1.00
      0.2260         1.00
      0.2270         1.00
      0.2280         1.00
      0.2290         1.00
      0.2300         1.00
      0.2310         1.00
      0.2320         1.00
      0.2330         1.00
      0.2340         1.00
      0.2350         1.00
      0.2360         1.00
      0.2370         1.00
      0.2380         1.00
      0.2390         1.00
      0.2400         1.00
      0.2410         1.00
      0.2420         1.00
      0.2430         1.00
      0.2440         1.00
      0.2450         1.00
      0.2460         1.00
      0.2470         1.00
      0.2480         1.00
      0.2490         1.00
      0.2500         1.00
      0.2510         1.00
      0.2520         1.00
      0.2530         1.00
      0.2540         1.00
      0.2550         1.00
      0.2560         1.00
      0.2570         1.00
      0.2580         1.00
      0.2590         1.00
      0.2600         1.00
      0.2610         1.00
      0.2620         1.00
      0.2630         1.00
      0.2640         1.00
      0.2650         1.00
      0.2660         1.00
      0.2670         1.00
      0.2680         1.00
      0.2690         1.00
      0.2700         1.00
      0.2710         1.00
      0.2720         1.00
      0.2730         1.00
      0.2740         1.00
      0.2750         1.00
      0.2760         1.00
      0.2770         1.00
      0.2780         1.00
      0.2790         1.00
      0.2800         1.00
      0.2810         1.00
      0.2820         1.00
      0.2830         1.00
      0.2840         1.00
      0.2850         1.00
      0.2860         1.00
      0.2870         1.00
      0.2880         1.00
      0.2890         1.00
      0.2900         1.00
      0.2910         1.00
      0.2920         1.00
      0.2930         1.00
      0.2940         1.00
      0.2950         1.00
      0.2960         1.00
      0.2970         1.00
      0.2980         1.00
      0.2990         1.00
      0.3000         1.00
      0.3010         1.00
      0.3020         1.00
      0.3030         1.00
      0.3040         1.00
      0.3050         1.00
      0.3060         1.00
      0.3070         1.00
      0.3080         1.00
      0.3090         1.00
      0.3100         1.00
      0.3110         1.00
      0.3120         1.00
      0.3130         1.00
      0.3140         1.00
      0.3150         1.00
      0.3160         1.00
      0.3170         1.00
      0.3180         1.00
      0.3190         1.00
      0.3200         1.00
      0.3210         1.00
      0.3220         1.00
      0.3230         1.00
      0.3240         1.00
      0.3250         1.00
      0.3260         1.00
      0.3270         1.00
      0.3280         1.00
      0.3290         1.00
      0.3300         1.00
      0.3310         1.00
      0.3320         1.00
      0.3330         1.00
      0.3340         1.00
      0.3350         1.00
      0.3360         1.00
      0.3370         1.00
      0.3380         1.00
      0.3390         1.00
      0.3400         1.00
      0.3410         1.00
      0.3420         1.00
      0.3430         1.00
      0.3440         1.00
      0.3450         1.00
      0.3460         1.00
      0.3470         1.00
      0.3480         1.00
      0.3490         1.00
      0.3500         1.00
      0.3510         1.00
      0.3520         1.00
      0.3530         1.00
      0.3540         1.00
      0.3550         1.00
      0.3560         1.00
      0.3570         1.00
      0.3580         1.00
      0.3590         1.00
      0.3600         1.00
      0.3610         1.00
      0.3620         1.00
      0.3630         1.00
      0.3640         1.00
      0.3650         1.00
      0.3660         1.00
      0.3670         1.00
      0.3680         1.00
      0.3690         1.00
      0.3700         1.00
      0.3710         1.00
      0.3720         1.00
      0.3730         1.00
      0.3740         1.00
      0.3750         1.00
      0.3760         1.00
      0.3770         1.00
      0.3780         1.00
      0.3790         1.00
      0.3800         1.00
      0.3810         1.00
      0.3820         1.00
      0.3830         1.00
      0.3840         1.00
      0.3850         1.00
      0.3860         1.00
      0.3870         1.00
      0.3880         1.00
      0.3890         1.00
      0.3900         1.00
      0.3910         1.00
      0.3920         1.00
      0.3930         1.00
      0.3940         1.00
      0.3950         1.00
      0.3960         1.00
      0.3970         1.00
      0.3980         1.00
      0.3990         1.00
      0.4000         1.00
      0.4010         1.00
      0.4020         1.00
      0.4030         1.00
      0.4040         1.00
      0.4050         1.00
      0.4060         1.00
      0.4070         1.00
      0.4080         1.00
      0.4090         1.00
      0.4100         1.00
      0.4110         1.00
      0.4120         1.00
      0.4130         1.00
      0.4140         1.00
      0.4150         1.00
      0.4160         1.00
      0.4170         1.00
      0.4180         1.00
      0.4190         1.00
      0.4200         1.00
      0.4210         1.00
      0.4220         1.00
      0.4230         1.00
      0.4240         1.00
      0.4250         1.00
      0.4260         1.00
      0.4270         1.00
      0.4280         1.00
      0.4290         1.00
      0.4300         1.00
      0.4310         1.00
      0.4320         1.00
      0.4330         1.00
      0.4340         1.00
      0.4350         1.00
      0.4360         1.00
      0.4370         1.00
      0.4380         1.00
      0.4390         1.00
      0.4400         1.00
      0.4410         1.00
      0.4420         1.00
      0.4430         1.00
      0.4440         1.00
      0.4450         1.00
      0.4460         1.00
      0.4470         1.00
      0.4480         1.00
      0.4490         1.00
      0.4500         1.00
      0.4510         1.00
      0.4520         1.00
      0.4530         1.00
      0.4540         1.00
      0.4550         1.00
      0.4560         1.00
      0.4570         1.00
      0.4580         1.00
      0.4590         1.00
      0.4600         1.00
      0.4610         1.00
      0.4620         1.00
      0.4630         1.00
      0.4640         1.00
      0.4650         1.00
      0.4660         1.00
      0.4670         1.00
      0.4680         1.00
      0.4690         1.00
      0.4700         1.00
      0.4710         1.00
      0.4720         1.00
      0.4730         1.00
      0.4740         1.00
      0.4750         1.00
      0.4760         1.00
      0.4770         1.00
      0.4780         1.00
      0.4790         1.00
      0.4800         1.00
      0.4810         1.00
      0.4820         1.00
      0.4830         1.00
      0.4840         1.00
      0.4850         1.00
      0.4860         1.00
      0.4870         1.00
      0.4880         1.00
      0.4890         1.00
      0.4900         1.00
      0.4910         1.00
      0.4920         1.00
      0.4930         1.00
      0.4940         1.00
      0.4950         1.00
      0.4960         1.00
      0.4970         1.00
      0.4980         1.00
      0.4990         1.00
      0.5000         1.00
      0.5010         1.00
      0.5020         1.00
      0.5030         1.00
      0.5040         1.00
      0.5050         1.00
      0.5060         1.00
      0.5070         1.00
      0.5080         1.00
      0.5090         1.00
      0.5100         1.00
      0.5110         1.00
      0.5120         1.00
      0.5130         1.00
      0.5140         1.00
      0.5150         1.00
      0.5160         1.00
      0.5170         1.00
      0.5180         1.00
      0.5190         1.00
      0.5200         1.00
      0.5210         1.00
      0.5220         1.00
      0.5230         1.00
      0.5240         1.00
      0.5250         1.00
      0.5260         1.00
      0.5270         1.00
      0.5280         1.00
      0.5290         1.00
      0.5300         1.00
      0.5310         1.00
      0.5320         1.00
      0.5330         1.00
      0.5340         1.00
      0.5350         1.00
      0.5360         1.00
      0.5370         1.00
      0.5380         1.00
      0.5390         1.00
      0.5400         1.00
      0.5410         1.00
      0.5420         1.00
      0.5430         1.00
      0.5440         1.00
      0.5450         1.00
      0.5460         1.00
      0.5470         1.00
      0.5480         1.00
      0.5490         1.00
      0.5500         1.00
      0.5510         1.00
      0.5520         1.00
      0.5530         1.00
      0.5540         1.00
      0.5550         1.00
      0.5560         1.00
      0.5570         1.00
      0.5580         1.00
      0.5590         1.00
      0.5600         1.00
      0.5610         1.00
      0.5620         1.00
      0.5630         1.00
      0.5640         1.00
      0.5650         1.00
      0.5660         1.00
      0.5670         1.00
      0.5680         1.00
      0.5690         1.00
      0.5700         1.00
      0.5710         1.00
      0.5720         1.00
      0.5730         1.00
      0.5740         1.00
      0.5750         1.00
      0.5760         1.00
      0.5770         1.00
      0.5780         1.00
      0.5790         1.00
      0.5800         1.00
      0.5810         1.00
      0.5820         1.00
      0.5830         1.00
      0.5840         1.00
      0.5850         1.00
      0.5860         1.00
      0.5870         1.00
      0.5880         1.00
      0.5890         1.00
      0.5900         1.00
      0.5910         1.00
      0.5920         1.00
      0.5930         1.00
      0.5940         1.00
      0.5950         1.00
      0.5960         1.00
      0.5970         1.00
      0.5980         1.00
      0.5990         1.00
      0.6000         1.00
      0.6010         1.00
      0.6020         1.00
      0.6030         1.00
      0.6040         1.00
      0.6050         1.00
      0.6060         1.00
      0.6070         1.00
      0.6080         1.00
      0.6090         1.00
      0.6100         1.00
      0.6110         1.00
      0.6120         1.00
      0.6130         1.00
      0.6140         1.00
      0.6150         1.00
      0.6160         1.00
      0.6170         1.00
      0.6180         1.00
      0.6190         1.00
      0.6200         1.00
      0.6210         1.00
      0.6220         1.00
      0.6230         1.00
      0.6240         1.00
      0.6250         1.00
      0.6260         1.00
      0.6270         1.00
      0.6280         1.00
      0.6290         1.00
      0.6300         1.00
      0.6310         1.00
      0.6320         1.00
      0.6330         1.00
      0.6340         1.00
      0.6350         1.00
      0.6360         1.00
      0.6370         1.00
      0.6380         1.00
      0.6390         1.00
      0.6400         1.00
      0.6410         1.00
      0.6420         1.00
      0.6430         1.00
      0.6440         1.00
      0.6450         1.00
      0.6460         1.00
      0.6470         1.00
      0.6480         1.00
      0.6490         1.00
      0.6500         1.00
      0.6510         1.00
      0.6520         1.00
      0.6530         1.00
      0.6540         1.00
      0.6550         1.00
      0.6560         1.00
      0.6570         1.00
      0.6580         1.00
      0.6590         1.00
      0.6600         1.00
      0.6610         1.00
      0.6620         1.00
      0.6630         1.00
      0.6640         1.00
      0.6650         1.00
      0.6660         1.00
      0.6670         1.00
      0.6680         1.00
      0.6690         1.00
      0.6700         1.00
      0.6710         1.00
      0.6720         1.00
      0.6730         1.00
      0.6740         1.00
      0.6750         1.00
      0.6760         1.00
      0.6770         1.00
      0.6780         1.00
      0.6790         1.00
      0.6800         1.00
      0.6810         1.00
      0.6820         1.00
      0.6830         1.00
      0.6840         1.00
      0.6850         1.00
      0.6860         1.00
      0.6870         1.00
      0.6880         1.00
      0.6890         1.00
      0.6900         1.00
      0.6910         1.00
      0.6920         1.00
      0.6930         1.00
      0.6940         1.00
      0.6950         1.00
      0.6960         1.00
      0.6970         1.00
      0.6980         1.00
      0.6990         1.00
      0.7000         1.00
      0.7010         1.00
      0.7020         1.00
      0.7030         1.00
      0.7040         1.00
      0.7050         1.00
      0.7060         1.00
      0.7070         1.00
      0.7080         1.00
      0.7090         1.00
      0.7100         1.00
      0.7110         1.00
      0.7120         1.00
      0.7130         1.00
      0.7140         1.00
      0.7150         1.00
      0.7160         1.00
      0.7170         1.00
      0.7180         1.00
      0.7190         1.00
      0.7200         1.00
      0.7210         1.00
      0.7220         1.00
      0.7230         1.00
      0.7240         1.00
      0.7250         1.00
      0.7260         1.00
      0.7270         1.00
      0.7280         1.00
      0.7290         1.00
      0.7300         1.00
      0.7310         1.00
      0.7320         1.00
      0.7330         1.00
      0.7340         1.00
      0.7350         1.00
      0.7360         1.00
      0.7370         1.00
      0.7380         1.00
      0.7390         1.00
      0.7400         1.00
      0.7410         1.00
      0.7420         1.00
      0.7430         1.00
      0.7440         1.00
      0.7450         1.00
      0.7460         1.00
      0.7470         1.00
      0.7480         1.00
      0.7490         1.00
      0.7500         1.00
      0.7510         1.00
      0.7520         1.00
      0.7530         1.00
      0.7540         1.00
      0.7550         1.00
      0.7560         1.00
      0.7570         1.00
      0.7580         1.00
      0.7590         1.00
      0.7600         1.00
      0.7610         1.00
      0.7620         1.00
      0.7630         1.00
      0.7640         1.00
      0.7650         1.00
      0.7660         1.00
      0.7670         1.00
      0.7680         1.00
      0.7690         1.00
      0.7700         1.00
      0.7710         1.00
      0.7720         1.00
      0.7730         1.00
      0.7740         1.00
      0.7750         1.00
      0.7760         1.00
      0.7770         1.00
      0.7780         1.00
      0.7790         1.00
      0.7800         1.00
      0.7810         1.00
      0.7820         1.00
      0.7830         1.00
      0.7840         1.00
      0.7850         1.00
      0.7860         1.00
      0.7870         1.00
      0.7880         1.00
      0.7890         1.00
      0.7900         1.00
      0.7910         1.00
      0.7920         1.00
      0.7930         1.00
      0.7940         1.00
      0.7950         1.00
      0.7960         1.00
      0.7970         1.00
      0.7980         1.00
      0.7990         1.00
      0.8000         1.00
      0.8010         1.00
      0.8020         1.00
      0.8030         1.00
      0.8040         1.00
      0.8050         1.00
      0.8060         1.00
      0.8070         1.00
      0.8080         1.00
      0.8090         1.00
      0.8100         1.00
      0.8110         1.00
      0.8120         1.00
      0.8130         1.00
      0.8140         1.00
      0.8150         1.00
      0.8160         1.00
      0.8170         1.00
      0.8180         1.00
      0.8190         1.00
      0.8200         1.00
      0.8210         1.00
      0.8220         1.00
      0.8230         1.00
      0.8240         1.00
      0.8250         1.00
      0.8260         1.00
      0.8270         1.00
      0.8280         1.00
      0.8290         1.00
      0.8300         1.00
      0.8310         1.00
      0.8320         1.00
      0.8330         1.00
      0.8340         1.00
      0.8350         1.00
      0.8360         1.00
      0.8370         1.00
      0.8380         1.00
      0.8390         1.00
      0.8400         1.00
      0.8410         1.00
      0.8420         1.00
      0.8430         1.00
      0.8440         1.00
      0.8450         1.00
      0.8460         1.00
      0.8470         1.00
      0.8480         1.00
      0.8490         1.00
      0.8500         1.00
      0.8510         1.00
      0.8520         1.00
      0.8530         1.00
      0.8540         1.00
      0.8550         1.00
      0.8560         1.00
      0.8570         1.00
      0.8580         1.00
      0.8590         1.00
      0.8600         1.00
      0.8610         1.00
      0.8620         1.00
      0.8630         1.00
      0.8640         1.00
      0.8650         1.00
      0.8660         1.00
      0.8670         1.00
      0.8680         1.00
      0.8690         1.00
      0.8700         1.00
      0.8710         1.00
      0.8720         1.00
      0.8730         1.00
      0.8740         1.00
      0.8750         1.00
      0.8760         1.00
      0.8770         1.00
      0.8780         1.00
      0.8790         1.00
      0.8800         1.00
      0.8810         1.00
      0.8820         1.00
      0.8830         1.00
      0.8840         1.00
      0.8850         1.00
      0.8860         1.00
      0.8870         1.00
      0.8880         1.00
      0.8890         1.00
      0.8900         1.00
      0.8910         1.00
      0.8920         1.00
      0.8930         1.00
      0.8940         1.00
      0.8950         1.00
      0.8960         1.00
      0.8970         1.00
      0.8980         1.00
      0.8990         1.00
      0.9000         1.00
      0.9010         1.00
      0.9020         1.00
      0.9030         1.00
      0.9040         1.00
      0.9050         1.00
      0.9060         1.00
      0.9070         1.00
      0.9080         1.00
      0.9090         1.00
      0.9100         1.00
      0.9110         1.00
      0.9120         1.00
      0.9130         1.00
      0.9140         1.00
      0.9150         1.00
      0.9160         1.00
      0.9170         1.00
      0.9180         1.00
      0.9190         1.00
      0.9200         1.00
      0.9210         1.00
      0.9220         1.00
      0.9230         1.00
      0.9240         1.00
      0.9250         1.00
      0.9260         1.00
      0.9270         1.00
      0.9280         1.00
      0.9290         1.00
      0.9300         1.00
      0.9310         1.00
      0.9320         1.00
      0.9330         1.00
      0.9340         1.00
      0.9350         1.00
      0.9360         1.00
      0.9370         1.00
      0.9380         1.00
      0.9390         1.00
      0.9400         1.00
      0.9410         1.00
      0.9420         1.00
      0.9430         1.00
      0.9440         1.00
      0.9450         1.00
      0.9460         1.00
      0.9470         1.00
      0.9480         1.00
      0.9490         1.00
      0.9500         1.00
      0.9510         1.00
      0.9520         1.00
      0.9530         1.00
      0.9540         1.00
      0.9550         1.00
      0.9560         1.00
      0.9570         1.00
      0.9580         1.00
      0.9590         1.00
      0.9600         1.00
      0.9610         1.00
      0.9620         1.00
      0.9630         1.00
      0.9640         1.00
      0.9650         1.00
      0.9660         1.00
      0.9670         1.00
      0.9680         1.00
      0.9690         1.00
      0.9700         1.00
      0.9710         1.00
      0.9720         1.00
      0.9730         1.00
      0.9740         1.00
      0.9750         1.00
      0.9760         1.00
      0.9770         1.00
      0.9780         1.00
      0.9790         1.00
      0.9800         1.00
      0.9810         1.00
      0.9820         1.00
      0.9830         1.00
      0.9840         1.00
      0.9850         1.00
      0.9860         1.00
      0.9870         1.00
      0.9880         1.00
      0.9890         1.00
      0.9900         1.00
      0.9910         1.00
      0.9920         1.00
      0.9930         1.00
      0.9940         1.00
      0.9950         1.00
      0.9960         1.00
      0.9970         1.00
      0.9980         1.00
      0.9990         1.00
      1.0000         1.00
      1.0010         1.00
      1.0020         1.00
      1.0030         1.00
      1.0040         1.00
      1.0050         1.00
      1.0060         1.00
      1.0070         1.00
      1.0080         1.00
      1.0090         1.00
      1.0100         1.00
      1.0110         1.00
      1.0120         1.00
      1.0130         1.00
      1.0140         1.00
      1.0150         1.00
      1.0160         1.00
      1.0170         1.00
      1.0180         1.00
      1.0190         1.00
      1.0200         1.00
      1.0210         1.00
      1.0220         1.00
      1.0230         1.00
      1.0240         1.00
      1.0250         1.00
      1.0260         1.00
      1.0270         1.00
      1.0280         1.00
      1.0290         1.00
      1.0300         1.00
      1.0310         1.00
      1.0320         1.00
      1.0330         1.00
      1.0340         1.00
      1.0350         1.00
      1.0360         1.00
      1.0370         1.00
      1.0380         1.00
      1.0390         1.00
      1.0400         1.00
      1.0410         1.00
      1.0420         1.00
      1.0430         1.00
      1.0440         1.00
      1.0450         1.00
      1.0460         1.00
      1.0470         1.00
      1.0480         1.00
      1.0490         1.00
      1.0500         1.00
      1.0510         1.00
      1.0520         1.00
      1.0530         1.00
      1.0540         1.00
      1.0550         1.00
      1.0560         1.00
      1.0570         1.00
      1.0580         1.00
      1.0590         1.00
      1.0600         1.00
      1.0610         1.00
      1.0620         1.00
      1.0630         1.00
      1.0640         1.00
      1.0650         1.00
      1.0660         1.00
      1.0670         1.00
      1.0680         1.00
      1.0690         1.00
      1.0700         1.00
      1.0710         1.00
      1.0720         1.00
      1.0730         1.00
      1.0740         1.00
      1.0750         1.00
      1.0760         1.00
      1.0770         1.00
      1.0780         1.00
      1.0790         1.00
      1.0800         1.00
      1.0810         1.00
      1.0820         1.00
      1.0830         1.00
      1.0840         1.00
      1.0850         1.00
      1.0860         1.00
      1.0870         1.00
      1.0880         1.00
      1.0890         1.00
      1.0900         1.00
      1.0910         1.00
      1.0920         1.00
      1.0930         1.00
      1.0940         1.00
      1.0950         1.00
      1.0960         1.00
      1.0970         1.00
      1.0980         1.00
      1.0990         1.00
      1.1000         1.00
      1.1010         1.00
      1.1020         1.00
      1.1030         1.00
      1.1040         1.00
      1.1050         1.00
      1.1060         1.00
      1.1070         1.00
      1.1080         1.00
      1.1090         1.00
      1.1100         1.00
      1.1110         1.00
      1.1120         1.00
      1.1130         1.00
      1.1140         1.00
      1.1150         1.00
      1.1160         1.00
      1.1170         1.00
      1.1180         1.00
      1.1190         1.00
      1.1200         1.00
      1.1210         1.00
      1.1220         1.00
      1.1230         1.00
      1.1240         1.00
      1.1250         1.00
      1.1260         1.00
      1.1270         1.00
      1.1280         1.00
      1.1290         1.00
      1.1300         1.00
      1.1310         1.00
      1.1320         1.00
      1.1330         1.00
      1.1340         1.00
      1.1350         1.00
      1.1360         1.00
      1.1370         1.00
      1.1380         1.00
      1.1390         1.00
      1.1400         1.00
      1.1410         1.00
      1.1420         1.00
      1.1430         1.00
      1.1440         1.00
      1.1450         1.00
      1.1460         1.00
      1.1470         1.00
      1.1480         1.00
      1.1490         1.00
      1.1500         1.00
      1.1510         1.00
      1.1520         1.00
      1.1530         1.00
      1.1540         1.00
      1.1550         1.00
      1.1560         1.00
      1.1570         1.00
      1.1580         1.00
      1.1590         1.00
      1.1600         1.00
      1.1610         1.00
      1.1620         1.00
      1.1630         1.00
      1.1640         1.00
      1.1650         1.00
      1.1660         1.00
      1.1670         1.00
      1.1680         1.00
      1.1690         1.00
      1.1700         1.00
      1.1710         1.00
      1.1720         1.00
      1.1730         1.00
      1.1740         1.00
      1.1750         1.00
      1.1760         1.00
      1.1770         1.00
      1.1780         1.00
      1.1790         1.00
      1.1800         1.00
      1.1810         1.00
      1.1820         1.00
      1.1830         1.00
      1.1840         1.00
      1.1850         1.00
      1.1860         1.00
      1.1870         1.00
      1.1880         1.00
      1.1890         1.00
      1.1900         1.00
      1.1910         1.00
      1.1920         1.00
      1.1930         1.00
      1.1940         1.00
      1.1950         1.00
      1.1960         1.00
      1.1970         1.00
      1.1980         1.00
      1.1990         1.00
      1.2000         1.00
      1.2010         1.00
      1.2020         1.00
      1.2030         1.00
      1.2040         1.00
      1.2050         1.00
      1.2060         1.00
      1.2070         1.00
      1.2080         1.00
      1.2090         1.00
      1.2100         1.00
      1.2110         1.00
      1.2120         1.00
      1.2130         1.00
      1.2140         1.00
      1.2150         1.00
      1.2160         1.00
      1.2170         1.00
      1.2180         1.00
      1.2190         1.00
      1.2200         1.00
      1.2210         1.00
      1.2220         1.00
      1.2230         1.00
      1.2240         1.00
      1.2250         1.00
      1.2260         1.00
      1.2270         1.00
      1.2280         1.00
      1.2290         1.00
      1.2300         1.00
      1.2310         1.00
      1.2320         1.00
      1.2330         1.00
      1.2340         1.00
      1.2350         1.00
      1.2360         1.00
      1.2370         1.00
      1.2380         1.00
      1.2390         1.00
      1.2400         1.00
      1.2410         1.00
      1.2420         1.00
      1.2430         1.00
      1.2440         1.00
      1.2450         1.00
      1.2460         1.00
      1.2470         1.00
      1.2480         1.00
      1.2490         1.00
      1.2500         1.00
      1.2510         1.00
      1.2520         1.00
      1.2530         1.00
      1.2540         1.00
      1.2550         1.00
      1.2560         1.00
      1.2570         1.00
      1.2580         1.00
      1.2590         1.00
      1.2600         1.00
      1.2610         1.00
      1.2620         1.00
      1.2630         1.00
      1.2640         1.00
      1.2650         1.00
      1.2660         1.00
      1.2670         1.00
      1.2680         1.00
      1.2690         1.00
      1.2700         1.00
      1.2710         1.00
      1.2720         1.00
      1.2730         1.00
      1.2740         1.00
      1.2750         1.00
      1.2760         1.00
      1.2770         1.00
      1.2780         1.00
      1.2790         1.00
      1.2800         1.00
      1.2810         1.00
      1.2820         1.00
      1.2830         1.00
      1.2840         1.00
      1.2850         1.00
      1.2860         1.00
      1.2870         1.00
      1.2880         1.00
      1.2890         1.00
      1.2900         1.00
      1.2910         1.00
      1.2920         1.00
      1.2930         1.00
      1.2940         1.00
      1.2950         1.00
      1.2960         1.00
      1.2970         1.00
      1.2980         1.00
      1.2990         1.00
      1.3000         1.00
      1.3010         1.00
      1.3020         1.00
      1.3030         1.00
      1.3040         1.00
      1.3050         1.00
      1.3060         1.00
      1.3070         1.00
      1.3080         1.00
      1.3090         1.00
      1.3100         1.00
      1.3110         1.00
      1.3120         1.00
      1.3130         1.00
      1.3140         1.00
      1.3150         1.00
      1.3160         1.00
      1.3170         1.00
      1.3180         1.00
      1.3190         1.00
      1.3200         1.00
      1.3210         1.00
      1.3220         1.00
      1.3230         1.00
      1.3240         1.00
      1.3250         1.00
      1.3260         1.00
      1.3270         1.00
      1.3280         1.00
      1.3290         1.00
      1.3300         1.00
      1.3310         1.00
      1.3320         1.00
      1.3330         1.00
      1.3340         1.00
      1.3350         1.00
      1.3360         1.00
      1.3370         1.00
      1.3380         1.00
      1.3390         1.00
      1.3400         1.00
      1.3410         1.00
      1.3420         1.00
      1.3430         1.00
      1.3440         1.00
      1.3450         1.00
      1.3460         1.00
      1.3470         1.00
      1.3480         1.00
      1.3490         1.00
      1.3500         1.00
      1.3510         1.00
      1.3520         1.00
      1.3530         1.00
      1.3540         1.00
      1.3550         1.00
      1.3560         1.00
      1.3570         1.00
      1.3580         1.00
      1.3590         1.00
      1.3600         1.00
      1.3610         1.00
      1.3620         1.00
      1.3630         1.00
      1.3640         1.00
      1.3650         1.00
      1.3660         1.00
      1.3670         1.00
      1.3680         1.00
      1.3690         1.00
      1.3700         1.00
      1.3710         1.00
      1.3720         1.00
      1.3730         1.00
      1.3740         1.00
      1.3750         1.00
      1.3760         1.00
      1.3770         1.00
      1.3780         1.00
      1.3790         1.00
      1.3800         1.00
      1.3810         1.00
      1.3820         1.00
      1.3830         1.00
      1.3840         1.00
      1.3850         1.00
      1.3860         1.00
      1.3870         1.00
      1.3880         1.00
      1.3890         1.00
      1.3900         1.00
      1.3910         1.00
      1.3920         1.00
      1.3930         1.00
      1.3940         1.00
      1.3950         1.00
      1.3960         1.00
      1.3970         1.00
      1.3980         1.00
      1.3990         1.00
      1.4000         1.16
      1.4010         1.67
      1.4020         1.69
      1.4030         1.73
      1.4040         1.29
      1.4050         1.42
      1.4060         1.51
      1.4070         2.19
      1.4080         2.21
      1.4090         2.70
      1.4100         2.98
      1.4110         3.28
      1.4120         3.32
      1.4130         3.40
      1.4140         3.64
      1.4150         3.13
      1.4160         3.17
      1.4170         3.29
      1.4180         3.31
      1.4190         3.34
      1.4200         3.92
      1.4210         4.08
      1.4220         4.12
      1.4230         4.13
      1.4240         4.10
      1.4250         4.20
      1.4260         4.19
      1.4270         3.63
      1.4280         3.67
      1.4290         4.29
      1.4300         4.34
      1.4310         4.29
      1.4320         3.57
      1.4330         3.45
      1.4340         3.38
      1.4350         3.36
      1.4360         3.84
      1.4370         3.90
      1.4380         3.37
      1.4390         3.29
      1.4400         3.75
      1.4410         3.85
      1.4420         3.86
      1.4430         4.04
      1.4440         4.18
      1.4450         4.20
      1.4460         4.17
      1.4470         4.15
      1.4480         4.23
      1.4490         4.11
      1.4500         4.05
      1.4510         4.10
      1.4520         4.33
      1.4530         4.38
      1.4540         4.53
      1.4550         4.65
      1.4560         4.74
      1.4570         4.86
      1.4580         5.01
      1.4590         4.93
      1.4600         5.10
      1.4610         5.22
      1.4620         5.37
      1.4630         5.39
      1.4640         5.54
      1.4650         5.53
      1.4660         5.81
      1.4670         6.12
      1.4680         6.20
      1.4690         6.37
      1.4700         6.47
      1.4710         6.51
      1.4720         6.70
      1.4730         6.89
      1.4740         7.12
      1.4750         7.21
      1.4760         7.31
      1.4770         7.35
      1.4780         7.56
      1.4790         7.73
      1.4800         7.67
      1.4810         7.77
      1.4820         7.85
      1.4830         8.19
      1.4840         8.39
      1.4850         8.73
      1.4860         8.70
      1.4870         8.58
      1.4880         8.71
      1.4890         8.97
      1.4900         9.10
      1.4910         9.36
      1.4920         9.48
      1.4930         9.64
      1.4940         9.79
      1.4950         9.94
      1.4960        10.12
      1.4970        10.32
      1.4980        10.36
      1.4990        10.66
      1.5000        11.06
      1.5010        11.20
      1.5020        11.36
      1.5030        11.37
      1.5040        11.45
      1.5050        11.42
      1.5060        11.65
      1.5070        12.11
      1.5080        12.42
      1.5090        12.46
      1.5100        12.61
      1.5110        12.69
      1.5120        12.79
      1.5130        12.94
      1.5140        12.94
      1.5150        13.16
      1.5160        13.29
      1.5170        13.37
      1.5180        13.40
      1.5190        13.47
      1.5200        13.37
      1.5210        13.51
      1.5220        13.61
      1.5230        13.69
      1.5240        13.80
      1.5250        14.04
      1.5260        14.25
      1.5270        14.25
      1.5280        14.13
      1.5290        14.21
      1.5300        14.36
      1.5310        14.59
      1.5320        14.80
      1.5330        15.04
      1.5340        15.27
      1.5350        15.56
      1.5360        15.75
      1.5370        16.02
      1.5380        16.46
      1.5390        16.66
      1.5400        16.91
      1.5410        17.05
      1.5420        17.19
      1.5430        17.39
      1.5440        17.61
      1.5450        17.74
      1.5460        17.90
      1.5470        18.05
      1.5480        18.45
      1.5490        18.61
      1.5500        18.94
      1.5510        19.04
      1.5520        19.32
      1.5530        19.39
      1.5540        19.55
      1.5550        19.50
      1.5560        19.56
      1.5570        19.56
      1.5580        19.55
      1.5590        19.72
      1.5600        19.88
      1.5610        19.98
      1.5620        20.28
      1.5630        20.43
      1.5640        20.66
      1.5650        20.81
      1.5660        20.92
      1.5670        20.97
      1.5680        21.07
      1.5690        21.28
      1.5700        21.37
      1.5710        21.56
      1.5720        21.65
      1.5730        21.82
      1.5740        21.94
      1.5750        22.20
      1.5760        22.65
      1.5770        23.00
      1.5780        23.24
      1.5790        23.40
      1.5800        23.65
      1.5810        23.83
      1.5820        23.94
      1.5830        24.22
      1.5840        24.23
      1.5850        24.40
      1.5860        24.52
      1.5870        24.95
      1.5880        25.23
      1.5890        25.51
      1.5900        25.76
      1.5910        25.96
      1.5920        26.05
      1.5930        26.24
      1.5940        26.53
      1.5950        26.59
      1.5960        26.64
      1.5970        26.66
      1.5980        26.92
      1.5990        26.93
      1.6000        27.09
      1.6010        27.31
      1.6020        27.47
      1.6030        27.39
      1.6040        27.65
      1.6050        27.63
      1.6060        27.92
      1.6070        27.91
      1.6080        28.02
      1.6090        28.15
      1.6100        28.15
      1.6110        28.30
      1.6120        28.46
      1.6130        28.59
      1.6140        28.66
      1.6150        28.97
      1.6160        29.01
      1.6170        29.36
      1.6180        29.49
      1.6190        29.76
      1.6200        29.98
      1.6210        30.31
      1.6220        30.59
      1.6230        31.06
      1.6240        31.29
      1.6250        31.58
      1.6260        31.60
      1.6270        31.80
      1.6280        31.90
      1.6290        32.26
      1.6300        32.53
      1.6310        32.72
      1.6320        32.91
      1.6330        33.19
      1.6340        33.40
      1.6350        33.48
      1.6360        33.67
      1.6370        33.57
      1.6380        33.68
      1.6390        33.95
      1.6400        33.84
      1.6410        33.81
      1.6420        33.80
      1.6430        33.74
      1.6440        33.82
      1.6450        33.99
      1.6460        34.28
      1.6470        34.26
      1.6480        34.44
      1.6490        34.32
      1.6500        34.49
      1.6510        34.68
      1.6520        34.83
      1.6530        34.83
      1.6540        34.91
      1.6550        35.04
      1.6560        35.15
      1.6570        35.54
      1.6580        35.68
      1.6590        35.78
      1.6600        36.09
      1.6610        36.34
      1.6620        36.71
      1.6630        36.93
      1.6640        37.08
      1.6650        37.30
      1.6660        37.43
      1.6670        37.73
      1.6680        37.79
      1.6690        38.10
      1.6700        38.13
      1.6710        38.31
      1.6720        38.43
      1.6730        38.67
      1.6740        38.86
      1.6750        39.07
      1.6760        39.30
      1.6770        39.26
      1.6780        39.34
      1.6790        39.39
      1.6800        39.48
      1.6810        39.58
      1.6820        39.63
      1.6830        39.74
      1.6840        39.75
      1.6850        39.85
      1.6860        39.89
      1.6870        39.92
      1.6880        40.04
      1.6890        39.93
      1.6900        40.13
      1.6910        40.04
      1.6920        40.18
      1.6930        40.26
      1.6940        40.37
      1.6950        40.44
      1.6960        40.47
      1.6970        40.65
      1.6980        40.72
      1.6990        40.86
      1.7000        41.00
      1.7010        40.97
      1.7020        41.01
      1.7030        41.13
      1.7040        41.35
      1.7050        41.44
      1.7060        41.56
      1.7070        41.71
      1.7080        41.96
      1.7090        42.17
      1.7100        42.25
      1.7110        42.37
      1.7120        42.38
      1.7130        42.43
      1.7140        42.33
      1.7150        42.38
      1.7160        42.39
      1.7170        42.50
      1.7180        42.58
      1.7190        42.56
      1.7200        42.60
      1.7210        42.62
      1.7220        42.63
      1.7230        42.47
      1.7240        42.41
      1.7250        42.49
      1.7260        42.45
      1.7270        42.46
      1.7280        42.37
      1.7290        42.51
      1.7300        42.54
      1.7310        42.81
      1.7320        43.00
      1.7330        43.28
      1.7340        43.41
      1.7350        43.53
      1.7360        43.74
      1.7370        43.72
      1.7380        43.90
      1.7390        44.06
      1.7400        44.22
      1.7410        44.25
      1.7420        44.34
      1.7430        44.57
      1.7440        44.69
      1.7450        44.82
      1.7460        45.09
      1.7470        45.24
      1.7480        45.46
      1.7490        45.44
      1.7500        45.49
      1.7510        45.55
      1.7520        45.57
      1.7530        45.50
      1.7540        45.67
      1.7550        45.71
      1.7560        45.76
      1.7570        45.81
      1.7580        45.69
      1.7590        45.76
      1.7600        45.62
      1.7610        45.76
      1.7620        45.81
      1.7630        45.77
      1.7640        45.83
      1.7650        45.76
      1.7660        45.74
      1.7670        45.80
      1.7680        45.76
      1.7690        45.87
      1.7700        45.83
      1.7710        45.65
      1.7720        45.60
      1.7730        45.41
      1.7740        45.25
      1.7750        45.20
      1.7760        45.17
      1.7770        45.22
      1.7780        45.37
      1.7790        45.41
      1.7800        45.33
      1.7810        45.50
      1.7820        45.51
      1.7830        45.65
      1.7840        45.77
      1.7850        45.78
      1.7860        45.81
      1.7870        45.89
      1.7880        45.88
      1.7890        45.88
      1.7900        45.97
      1.7910        46.28
      1.7920        46.34
      1.7930        46.57
      1.7940        46.78
      1.7950        46.81
      1.7960        46.86
      1.7970        47.02
      1.7980        47.06
      1.7990        47.15
      1.8000        47.41
      1.8010        47.29
      1.8020        47.37
      1.8030        47.33
      1.8040        47.31
      1.8050        47.37
      1.8060        47.34
      1.8070        47.23
      1.8080        47.25
      1.8090        47.15
      1.8100        47.11
      1.8110        46.87
      1.8120        46.84
      1.8130        46.73
      1.8140        46.68
      1.8150        46.73
      1.8160        46.71
      1.8170        46.67
      1.8180        46.71
      1.8190        46.59
      1.8200        46.59
      1.8210        46.67
      1.8220        46.72
      1.8230        46.82
      1.8240        46.82
      1.8250        46.90
      1.8260        47.01
      1.8270        47.13
      1.8280        47.41
      1.8290        47.60
      1.8300        47.69
      1.8310        47.97
      1.8320        48.20
      1.8330        48.39
      1.8340        48.53
      1.8350        48.64
      1.8360        49.00
      1.8370        49.01
      1.8380        49.22
      1.8390        49.38
      1.8400        49.56
      1.8410        49.63
      1.8420        49.64
      1.8430        49.61
      1.8440        49.72
      1.8450        49.75
      1.8460        49.75
      1.8470        49.75
      1.8480        49.59
      1.8490        49.58
      1.8500        49.65
      1.8510        49.59
      1.8520        49.57
      1.8530        49.68
      1.8540        49.67
      1.8550        49.68
      1.8560        49.47
      1.8570        49.54
      1.8580        49.48
      1.8590        49.46
      1.8600        49.42
      1.8610        49.38
      1.8620        49.47
      1.8630        49.58
      1.8640        49.60
      1.8650        49.73
      1.8660        49.90
      1.8670        50.05
      1.8680        50.18
      1.8690        50.22
      1.8700        50.33
      1.8710        50.48
      1.8720        50.40
      1.8730        50.25
      1.8740        50.41
      1.8750        50.53
      1.8760        50.60
      1.8770        50.65
      1.8780        50.53
      1.8790        50.57
      1.8800        50.68
      1.8810        50.82
      1.8820        50.88
      1.8830        50.95
      1.8840        50.93
      1.8850        50.81
      1.8860        50.74
      1.8870        50.76
      1.8880        50.77
      1.8890        50.76
      1.8900        50.84
      1.8910        50.65
      1.8920        50.62
      1.8930        50.68
      1.8940        50.62
      1.8950        50.52
      1.8960        50.48
      1.8970        50.48
      1.8980        50.49
      1.8990        50.34
      1.9000        50.14
      1.9010        50.13
      1.9020        50.01
      1.9030        49.94
      1.9040        50.13
      1.9050        50.31
      1.9060        50.36
      1.9070        50.22
      1.9080        50.16
      1.9090        50.11
      1.9100        50.11
      1.9110        50.23
      1.9120        50.39
      1.9130        50.39
      1.9140        50.33
      1.9150        50.40
      1.9160        50.50
      1.9170        50.39
      1.9180        50.42
      1.9190        50.57
      1.9200        50.72
      1.9210        50.64
      1.9220        50.73
      1.9230        50.81
      1.9240        50.58
      1.9250        50.46
      1.9260        50.34
      1.9270        50.34
      1.9280        50.21
      1.9290        50.25
      1.9300        50.00
      1.9310        49.83
      1.9320        49.79
      1.9330        49.80
      1.9340        49.72
      1.9350        49.65
      1.9360        49.57
      1.9370        49.65
      1.9380        49.68
      1.9390        49.56
      1.9400        49.49
      1.9410        49.52
      1.9420        49.45
      1.9430        49.38
      1.9440        49.54
      1.9450        49.53
      1.9460        49.69
      1.9470        49.87
      1.9480        50.04
      1.9490        50.26
      1.9500        50.42
      1.9510        50.66
      1.9520        50.72
      1.9530        50.80
      1.9540        50.84
      1.9550        50.95
      1.9560        51.03
      1.9570        51.06
      1.9580        51.11
      1.9590        51.24
      1.9600        51.43
      1.9610        51.41
      1.9620        51.56
      1.9630        51.60
      1.9640        51.56
      1.9650        51.63
      1.9660        51.56
      1.9670        51.44
      1.9680        51.45
      1.9690        51.31
      1.9700        51.33
      1.9710        51.29
      1.9720        51.19
      1.9730        51.24
      1.9740        51.31
      1.9750        51.31
      1.9760        51.28
      1.9770        51.19
      1.9780        51.08
      1.9790        51.05
      1.9800        50.94
      1.9810        50.93
      1.9820        50.91
      1.9830        51.03
      1.9840        51.00
      1.9850        50.98
      1.9860        51.00
      1.9870        51.19
      1.9880        51.21
      1.9890        51.22
      1.9900        51.21
      1.9910        51.15
      1.9920        51.34
      1.9930        51.34
      1.9940        51.46
      1.9950        51.39
      1.9960        51.45
      1.9970        51.47
      1.9980        51.62
      1.9990        51.69
      2.0000        51.77
      2.0010        51.85
      2.0020        51.74
      2.0030        51.63
      2.0040        51.67
      2.0050        51.69
      2.0060        51.70
      2.0070        51.51
      2.0080        51.30
      2.0090        51.24
      2.0100        51.23
      2.0110        51.18
      2.0120        50.95
      2.0130        50.77
      2.0140        50.58
      2.0150        50.69
      2.0160        50.65
      2.0170        50.67
      2.0180        50.51
      2.0190        50.49
      2.0200        50.43
      2.0210        50.46
      2.0220        50.52
      2.0230        50.41
      2.0240        50.50
      2.0250        50.46
      2.0260        50.44
      2.0270        50.59
      2.0280        50.72
      2.0290        50.85
      2.0300        50.87
      2.0310        50.99
      2.0320        51.16
      2.0330        51.23
      2.0340        51.58
      2.0350        51.56
      2.0360        51.58
      2.0370        51.67
      2.0380        51.90
      2.0390        52.05
      2.0400        52.14
      2.0410        52.24
      2.0420        52.30
      2.0430        52.44
      2.0440        52.53
      2.0450        52.70
      2.0460        52.88
      2.0470        52.84
      2.0480        52.86
      2.0490        52.85
      2.0500        52.99
      2.0510        53.04
      2.0520        53.11
      2.0530        53.19
      2.0540        53.09
      2.0550        53.25
      2.0560        53.15
      2.0570        53.03
      2.0580        52.95
      2.0590        52.83
      2.0600        52.72
      2.0610        52.68
      2.0620        52.69
      2.0630        52.83
      2.0640        52.72
      2.0650        52.65
      2.0660        52.65
      2.0670        52.69
      2.0680        52.70
      2.0690        52.82
      2.0700        52.94
      2.0710        52.88
      2.0720        52.82
      2.0730        53.06
      2.0740        53.04
      2.0750        52.75
      2.0760        52.96
      2.0770        53.15
      2.0780        53.31
      2.0790        53.46
      2.0800        53.62
      2.0810        53.71
      2.0820        53.83
      2.0830        53.85
      2.0840        53.94
      2.0850        53.93
      2.0860        53.94
      2.0870        53.95
      2.0880        53.98
      2.0890        53.93
      2.0900        53.68
      2.0910        53.81
      2.0920        53.82
      2.0930        53.70
      2.0940        53.75
      2.0950        53.91
      2.0960        53.74
      2.0970        53.70
      2.0980        53.58
      2.0990        53.62
      2.1000        53.51
      2.1010        53.46
      2.1020        53.38
      2.1030        53.36
      2.1040        53.31
      2.1050        53.43
      2.1060        53.29
      2.1070        53.36
      2.1080        53.43
      2.1090        53.45
      2.1100        53.55
      2.1110        53.59
      2.1120        53.66
      2.1130        53.72
      2.1140        53.57
      2.1150        53.72
      2.1160        53.92
      2.1170        53.97
      2.1180        54.19
      2.1190        54.18
      2.1200        54.39
      2.1210        54.61
      2.1220        54.63
      2.1230        54.82
      2.1240        54.73
      2.1250        54.74
      2.1260        54.93
      2.1270        54.85
      2.1280        55.08
      2.1290        55.10
      2.1300        55.20
      2.1310        55.14
      2.1320        55.23
      2.1330        55.15
      2.1340        55.28
      2.1350        55.10
      2.1360        55.12
      2.1370        55.17
      2.1380        55.06
      2.1390        55.08
      2.1400        54.91
      2.1410        54.79
      2.1420        54.85
      2.1430        54.54
      2.1440        54.50
      2.1450        54.40
      2.1460        54.36
      2.1470        54.50
      2.1480        54.40
      2.1490        54.36
      2.1500        54.29
      2.1510        54.29
      2.1520        54.22
      2.1530        54.22
      2.1540        54.45
      2.1550        54.64
      2.1560        54.65
      2.1570        54.75
      2.1580        54.86
      2.1590        54.84
      2.1600        54.94
      2.1610        55.00
      2.1620        54.88
      2.1630        55.15
      2.1640        55.31
      2.1650        55.44
      2.1660        55.43
      2.1670        55.40
      2.1680        55.32
      2.1690        55.36
      2.1700        55.34
      2.1710        55.39
      2.1720        55.46
      2.1730        55.51
      2.1740        55.35
      2.1750        55.23
      2.1760        55.26
      2.1770        55.34
      2.1780        55.31
      2.1790        55.21
      2.1800        55.28
      2.1810        55.17
      2.1820        55.17
      2.1830        55.04
      2.1840        54.93
      2.1850        54.80
      2.1860        54.84
      2.1870        54.92
      2.1880        54.81
      2.1890        54.67
      2.1900        54.65
      2.1910        54.61
      2.1920        54.52
      2.1930        54.51
      2.1940        54.47
      2.1950        54.59
      2.1960        54.58
      2.1970        54.41
      2.1980        54.37
      2.1990        54.47
      2.2000        54.30
      2.2010        54.24
      2.2020        54.23
      2.2030        54.22
      2.2040        54.24
      2.2050        54.33
      2.2060        54.35
      2.2070        54.24
      2.2080        54.35
      2.2090        54.50
      2.2100        54.54
      2.2110        54.54
      2.2120        54.65
      2.2130        54.55
      2.2140        54.46
      2.2150        54.39
      2.2160        54.25
      2.2170        54.23
      2.2180        54.25
      2.2190        54.26
      2.2200        54.32
      2.2210        54.33
      2.2220        54.39
      2.2230        54.29
      2.2240        54.39
      2.2250        54.32
      2.2260        54.29
      2.2270        54.14
      2.2280        54.24
      2.2290        54.20
      2.2300        54.18
      2.2310        53.98
      2.2320        53.85
      2.2330        53.87
      2.2340        53.94
      2.2350        53.94
      2.2360        54.09
      2.2370        54.08
      2.2380        54.09
      2.2390        54.19
      2.2400        54.15
      2.2410        54.25
      2.2420        54.40
      2.2430        54.50
      2.2440        54.44
      2.2450        54.44
      2.2460        54.31
      2.2470        54.39
      2.2480        54.38
      2.2490        54.46
      2.2500        54.39
      2.2510        54.59
      2.2520        54.54
      2.2530        54.70
      2.2540        54.48
      2.2550        54.44
      2.2560        54.26
      2.2570        54.12
      2.2580        54.07
      2.2590        53.91
      2.2600        53.80
      2.2610        53.50
      2.2620        53.34
      2.2630        53.27
      2.2640        53.17
      2.2650        53.10
      2.2660        53.06
      2.2670        53.09
      2.2680        52.94
      2.2690        52.74
      2.2700        52.68
      2.2710        52.60
      2.2720        52.61
      2.2730        52.41
      2.2740        52.46
      2.2750        52.39
      2.2760        52.38
      2.2770        52.42
      2.2780        52.30
      2.2790        52.31
      2.2800        52.41
      2.2810        52.49
      2.2820        52.56
      2.2830        52.52
      2.2840        52.59
      2.2850        52.72
      2.2860        52.76
      2.2870        52.67
      2.2880        52.63
      2.2890        52.51
      2.2900        52.67
      2.2910        52.61
      2.2920        52.57
      2.2930        52.52
      2.2940        52.61
      2.2950        52.66
      2.2960        52.67
      2.2970        52.46
      2.2980        52.45
      2.2990        52.32
      2.3000        52.12
      2.3010        52.12
      2.3020        51.81
      2.3030        51.64
      2.3040        51.56
      2.3050        51.33
      2.3060        51.31
      2.3070        51.34
      2.3080        51.30
      2.3090        51.49
      2.3100        51.16
      2.3110        51.02
      2.3120        50.87
      2.3130        50.75
      2.3140        50.60
      2.3150        50.46
      2.3160        50.38
      2.3170        50.48
      2.3180        50.44
      2.3190        50.42
      2.3200        50.44
      2.3210        50.48
      2.3220        50.56
      2.3230        50.72
      2.3240        50.73
      2.3250        50.66
      2.3260        50.56
      2.3270        50.32
      2.3280        50.30
      2.3290        50.18
      2.3300        50.23
      2.3310        50.31
      2.3320        50.41
      2.3330        50.34
      2.3340        50.31
      2.3350        50.26
      2.3360        50.19
      2.3370        50.13
      2.3380        49.99
      2.3390        49.90
      2.3400        49.83
      2.3410        49.66
      2.3420        49.62
      2.3430        49.47
      2.3440        49.21
      2.3450        49.13
      2.3460        48.89
      2.3470        49.03
      2.3480        48.97
      2.3490        48.77
      2.3500        48.64
      2.3510        48.48
      2.3520        48.37
      2.3530        48.30
      2.3540        48.22
      2.3550        48.14
      2.3560        48.04
      2.3570        47.93
      2.3580        47.96
      2.3590        48.05
      2.3600        48.00
      2.3610        47.90
      2.3620        47.84
      2.3630        47.80
      2.3640        47.81
      2.3650        47.90
      2.3660        48.12
      2.3670        48.02
      2.3680        47.89
      2.3690        47.97
      2.3700        48.10
      2.3710        48.17
      2.3720        48.14
      2.3730        48.02
      2.3740        48.01
      2.3750        47.96
      2.3760        47.97
      2.3770        47.96
      2.3780        47.76
      2.3790        47.45
      2.3800        47.35
      2.3810        47.42
      2.3820        47.33
      2.3830        47.22
      2.3840        47.22
      2.3850        46.94
      2.3860        46.65
      2.3870        46.32
      2.3880        46.19
      2.3890        46.02
      2.3900        45.71
      2.3910        45.42
      2.3920        45.24
      2.3930        45.09
      2.3940        45.09
      2.3950        44.93
      2.3960        44.73
      2.3970        44.55
      2.3980        44.47
      2.3990        44.43
      2.4000        44.30
      2.4010        44.06
      2.4020        44.14
      2.4030        44.03
      2.4040        43.81
      2.4050        43.91
      2.4060        43.97
      2.4070        44.01
      2.4080        44.14
      2.4090        44.22
      2.4100        44.34
      2.4110        44.47
      2.4120        44.50
      2.4130        44.66
      2.4140        44.42
      2.4150        44.53
      2.4160        44.66
      2.4170        44.73
      2.4180        44.85
      2.4190        45.04
      2.4200        44.98
      2.4210        45.02
      2.4220        44.97
      2.4230        44.90
      2.4240        44.93
      2.4250        44.78
      2.4260        44.62
      2.4270        44.57
      2.4280        44.37
      2.4290        44.18
      2.4300        44.11
      2.4310        44.04
      2.4320        43.88
      2.4330        43.78
      2.4340        43.66
      2.4350        43.49
      2.4360        43.34
      2.4370        43.27
      2.4380        43.19
      2.4390        43.01
      2.4400        43.05
      2.4410        43.01
      2.4420        42.80
      2.4430        42.80
      2.4440        42.81
      2.4450        42.71
      2.4460        42.77
      2.4470        42.83
      2.4480        42.79
      2.4490        42.89
      2.4500        42.80
      2.4510        42.73
      2.4520        42.82
      2.4530        42.85
      2.4540        42.94
      2.4550        42.88
      2.4560        42.80
      2.4570        42.74
      2.4580        42.64
      2.4590        42.60
      2.4600        42.53
      2.4610        42.45
      2.4620        42.31
      2.4630        42.19
      2.4640        42.06
      2.4650        42.02
      2.4660        41.86
      2.4670        41.74
      2.4680        41.66
      2.4690        41.44
      2.4700        41.32
      2.4710        41.27
      2.4720        41.07
      2.4730        40.89
      2.4740        40.64
      2.4750        40.53
      2.4760        40.37
      2.4770        40.25
      2.4780        40.16
      2.4790        39.94
      2.4800        39.73
      2.4810        39.58
      2.4820        39.56
      2.4830        39.49
      2.4840        39.39
      2.4850        39.33
      2.4860        39.25
      2.4870        39.06
      2.4880        38.92
      2.4890        38.91
      2.4900        38.81
      2.4910        38.69
      2.4920        38.65
      2.4930        38.56
      2.4940        38.75
      2.4950        38.69
      2.4960        38.73
      2.4970        38.65
      2.4980        38.43
      2.4990        38.44
      2.5000        38.39
      2.5010        38.41
      2.5020        38.33
      2.5030        38.23
      2.5040        38.12
      2.5050        37.92
      2.5060        37.93
      2.5070        37.92
      2.5080        37.88
      2.5090        37.55
      2.5100        37.37
      2.5110        37.32
      2.5120        37.17
      2.5130        37.01
      2.5140        36.73
      2.5150        36.65
      2.5160        36.52
      2.5170        36.35
      2.5180        36.36
      2.5190        36.17
      2.5200        36.05
      2.5210        35.86
      2.5220        35.67
      2.5230        35.58
      2.5240        35.46
      2.5250        35.43
      2.5260        35.33
      2.5270        35.27
      2.5280        35.11
      2.5290        35.14
      2.5300        35.29
      2.5310        35.13
      2.5320        35.03
      2.5330        35.06
      2.5340        35.14
      2.5350        35.08
      2.5360        34.93
      2.5370        34.88
      2.5380        34.69
      2.5390        34.70
      2.5400        34.72
      2.5410        34.61
      2.5420        34.60
      2.5430        34.48
      2.5440        34.31
      2.5450        34.27
      2.5460        33.96
      2.5470        33.69
      2.5480        33.60
      2.5490        33.46
      2.5500        33.14
      2.5510        32.91
      2.5520        32.78
      2.5530        32.58
      2.5540        32.21
      2.5550        31.91
      2.5560        31.76
      2.5570        31.55
      2.5580        31.50
      2.5590        31.24
      2.5600        31.00
      2.5610        30.83
      2.5620        30.49
      2.5630        30.40
      2.5640        30.31
      2.5650        30.07
      2.5660        30.02
      2.5670        30.04
      2.5680        29.89
      2.5690        29.78
      2.5700        29.86
      2.5710        29.87
      2.5720        29.75
      2.5730        29.56
      2.5740        29.54
      2.5750        29.49
      2.5760        29.34
      2.5770        29.31
      2.5780        29.26
      2.5790        29.19
      2.5800        29.22
      2.5810        29.15
      2.5820        29.18
      2.5830        29.01
      2.5840        28.94
      2.5850        28.81
      2.5860        28.72
      2.5870        28.50
      2.5880        28.36
      2.5890        28.16
      2.5900        27.68
      2.5910        27.48
      2.5920        27.11
      2.5930        27.05
      2.5940        26.85
      2.5950        26.63
      2.5960        26.60
      2.5970        26.26
      2.5980        25.89
      2.5990        25.72
      2.6000        25.39
      2.6010        25.13
      2.6020        25.01
      2.6030        24.91
      2.6040        24.73
      2.6050        24.69
      2.6060        24.44
      2.6070        24.30
      2.6080        24.10
      2.6090        24.20
      2.6100        24.20
      2.6110        24.01
      2.6120        24.03
      2.6130        23.96
      2.6140        23.96
      2.6150        23.97
      2.6160        23.81
      2.6170        23.81
      2.6180        23.91
      2.6190        23.76
      2.6200        23.76
      2.6210        23.65
      2.6220        23.44
      2.6230        23.35
      2.6240        23.33
      2.6250        23.25
      2.6260        23.17
      2.6270        23.06
      2.6280        22.97
      2.6290        22.57
      2.6300        22.38
      2.6310        22.26
      2.6320        22.08
      2.6330        21.78
      2.6340        21.42
      2.6350        21.28
      2.6360        20.90
      2.6370        20.68
      2.6380        20.36
      2.6390        20.09
      2.6400        19.78
      2.6410        19.58
      2.6420        19.46
      2.6430        19.18
      2.6440        18.88
      2.6450        18.60
      2.6460        18.38
      2.6470        18.24
      2.6480        18.10
      2.6490        18.10
      2.6500        18.22
      2.6510        18.19
      2.6520        18.17
      2.6530        18.13
      2.6540        18.28
      2.6550        18.19
      2.6560        18.36
      2.6570        18.35
      2.6580        18.45
      2.6590        18.50
      2.6600        18.53
      2.6610        18.56
      2.6620        18.56
      2.6630        18.55
      2.6640        18.55
      2.6650        18.40
      2.6660        18.47
      2.6670        18.40
      2.6680        18.47
      2.6690        18.37
      2.6700        18.04
      2.6710        17.96
      2.6720        18.00
      2.6730        17.87
      2.6740        17.57
      2.6750        17.37
      2.6760        17.11
      2.6770        17.05
      2.6780        16.78
      2.6790        16.63
      2.6800        16.59
      2.6810        16.42
      2.6820        16.17
      2.6830        16.13
      2.6840        15.99
      2.6850        16.09
      2.6860        15.98
      2.6870        15.84
      2.6880        15.59
      2.6890        15.36
      2.6900        15.31
      2.6910        15.17
      2.6920        14.96
      2.6930        15.09
      2.6940        14.85
      2.6950        14.80
      2.6960        14.81
      2.6970        14.60
      2.6980        14.46
      2.6990        14.37
      2.7000        14.09
      2.7010        14.07
      2.7020        14.05
      2.7030        13.92
      2.7040        13.75
      2.7050        13.46
      2.7060        13.32
      2.7070        13.16
      2.7080        13.14
      2.7090        13.11
      2.7100        12.96
      2.7110        12.74
      2.7120        12.56
      2.7130        12.17
      2.7140        12.31
      2.7150        12.20
      2.7160        11.91
      2.7170        11.77
      2.7180        11.57
      2.7190        11.29
      2.7200        11.25
      2.7210        11.02
      2.7220        10.96
      2.7230        10.60
      2.7240        10.49
      2.7250        10.36
      2.7260        10.13
      2.7270         9.95
      2.7280         9.65
      2.7290         9.46
      2.7300         9.27
      2.7310         9.18
      2.7320         9.02
      2.7330         9.08
      2.7340         8.79
      2.7350         8.66
      2.7360         8.73
      2.7370         8.56
      2.7380         8.57
      2.7390         8.60
      2.7400         8.50
      2.7410         8.52
      2.7420         8.29
      2.7430         8.34
      2.7440         8.21
      2.7450         8.04
      2.7460         7.93
      2.7470         7.89
      2.7480         7.88
      2.7490         7.77
      2.7500         7.89
      2.7510         7.76
      2.7520         7.65
      2.7530         7.38
      2.7540         7.30
      2.7550         7.15
      2.7560         6.99
      2.7570         7.06
      2.7580         6.93
      2.7590         6.75
      2.7600         6.48
      2.7610         6.19
      2.7620         6.02
      2.7630         5.95
      2.7640         5.96
      2.7650         5.96
      2.7660         5.94
      2.7670         5.77
      2.7680         5.98
      2.7690         6.06
      2.7700         5.85
      2.7710         5.88
      2.7720         5.96
      2.7730         5.99
      2.7740         5.88
      2.7750         5.71
      2.7760         5.71
      2.7770         5.61
      2.7780         5.68
      2.7790         5.75
      2.7800         5.96
      2.7810         6.04
      2.7820         6.22
      2.7830         6.17
      2.7840         6.00
      2.7850         6.00
      2.7860         5.91
      2.7870         5.80
      2.7880         5.53
      2.7890         5.31
      2.7900         5.32
      2.7910         5.09
      2.7920         4.91
      2.7930         4.69
      2.7940         4.70
      2.7950         4.72
      2.7960         4.61
      2.7970         4.42
      2.7980         4.15
      2.7990         3.83
      2.8000         3.69
      2.8010         3.59
      2.8020         2.71
      2.8030         3.06
      2.8040         3.10
      2.8050         2.53
      2.8060         1.95
      2.8070         2.44
      2.8080         2.39
      2.8090         2.28
      2.8100         1.67
      2.8110         1.70
      2.8120         1.74
      2.8130         2.18
      2.8140         2.19
      2.8150         2.14
      2.8160         2.13
      2.8170         2.21
      2.8180         2.29
      2.8190         2.46
      2.8200         2.44
      2.8210         2.35
      2.8220         2.49
      2.8230         2.33
      2.8240         2.24
      2.8250         2.23
      2.8260         2.17
      2.8270         2.20
      2.8280         2.20
      2.8290         1.75
      2.8300         2.07
      2.8310         1.99
      2.8320         2.02
      2.8330         1.95
      2.8340         1.86
      2.8350         1.79
      2.8360         1.16
      2.8370         1.00
      2.8380         1.00
      2.8390         1.00
      2.8400         1.00
      2.8410         1.00
      2.8420         1.00
      2.8430         1.00
      2.8440         1.00
      2.8450         1.00
      2.8460         1.00
      2.8470         1.00
      2.8480         1.00
      2.8490         1.00
      2.8500         1.00
      2.8510         1.00
      2.8520         1.00
      2.8530         1.00
      2.8540         1.00
      2.8550         1.00
      2.8560         1.00
      2.8570         1.00
      2.8580         1.00
      2.8590         1.00
      2.8600         1.00
      2.8610         1.00
      2.8620         1.00
      2.8630         1.00
      2.8640         1.00
      2.8650         1.00
      2.8660         1.00
      2.8670         1.00
      2.8680         1.00
      2.8690         1.00
      2.8700         1.00
      2.8710         1.00
      2.8720         1.00
      2.8730         1.00
      2.8740         1.00
      2.8750         1.00
      2.8760         1.00
      2.8770         1.00
      2.8780         1.00
      2.8790         1.00
      2.8800         1.00
      2.8810         1.00
      2.8820         1.00
      2.8830         1.00
      2.8840         1.00
      2.8850         1.00
      2.8860         1.00
      2.8870         1.00
      2.8880         1.00
      2.8890         1.00
      2.8900         1.00
      2.8910         1.00
      2.8920         1.00
      2.8930         1.00
      2.8940         1.00
      2.8950         1.00
      2.8960         1.00
      2.8970         1.00
      2.8980         1.00
      2.8990         1.00
      2.9000         1.00
      2.9010         1.00
      2.9020         1.00
      2.9030         1.00
      2.9040         1.00
      2.9050         1.00
      2.9060         1.00
      2.9070         1.00
      2.9080         1.00
      2.9090         1.00
      2.9100         1.00
      2.9110         1.00
      2.9120         1.00
      2.9130         1.00
      2.9140         1.00
      2.9150         1.00
      2.9160         1.00
      2.9170         1.00
      2.9180         1.00
      2.9190         1.00
      2.9200         1.00
      2.9210         1.00
      2.9220         1.00
      2.9230         1.00
      2.9240         1.00
      2.9250         1.00
      2.9260         1.00
      2.9270         1.00
      2.9280         1.00
      2.9290         1.00
      2.9300         1.00
      2.9310         1.00
      2.9320         1.00
      2.9330         1.00
      2.9340         1.00
      2.9350         1.00
      2.9360         1.00
      2.9370         1.00
      2.9380         1.00
      2.9390         1.00
      2.9400         1.00
      2.9410         1.00
      2.9420         1.00
      2.9430         1.00
      2.9440         1.00
      2.9450         1.00
      2.9460         1.00
      2.9470         1.00
      2.9480         1.00
      2.9490         1.00
      2.9500         1.00
      2.9510         1.00
      2.9520         1.00
      2.9530         1.00
      2.9540         1.00
      2.9550         1.00
      2.9560         1.00
      2.9570         1.00
      2.9580         1.00
      2.9590         1.00
      2.9600         1.00
      2.9610         1.00
      2.9620         1.00
      2.9630         1.00
      2.9640         1.00
      2.9650         1.00
      2.9660         1.00
      2.9670         1.00
      2.9680         1.00
      2.9690         1.00
      2.9700         1.00
      2.9710         1.00
      2.9720         1.00
      2.9730         1.00
      2.9740         1.00
      2.9750         1.00
      2.9760         1.00
      2.9770         1.00
      2.9780         1.00
      2.9790         1.00
      2.9800         1.00
      2.9810         1.00
      2.9820         1.00
      2.9830         1.00
      2.9840         1.00
      2.9850         1.00
      2.9860         1.00
      2.9870         1.00
      2.9880         1.00
      2.9890         1.00
      2.9900         1.00
      2.9910         1.00
      2.9920         1.00
      2.9930         1.00
      2.9940         1.00
      2.9950         1.00
      2.9960         1.00
      2.9970         1.00
      2.9980         1.00
      2.9990         1.00
