        Time   Palpation Force
      0.0000         1.00
      0.0010         1.00
      0.0020         1.00
      0.0030         1.00
      0.0040         1.00
      0.0050         1.00
      0.0060         1.00
      0.0070         1.00
      0.0080         1.00
      0.0090         1.00
      0.0100         1.00
      0.0110         1.00
      0.0120         1.00
      0.0130         1.00
      0.0140         1.00
      0.0150         1.00
      0.0160         1.00
      0.0170         1.00
      0.0180         1.00
      0.0190         1.00
      0.0200         1.00
      0.0210         1.00
      0.0220         1.00
      0.0230         1.00
      0.0240         1.00
      0.0250         1.00
      0.0260         1.00
      0.0270         1.00
      0.0280         1.00
      0.0290         1.00
      0.0300         1.00
      0.0310         1.00
      0.0320         1.00
      0.0330         1.00
      0.0340         1.00
      0.0350         1.00
      0.0360         1.00
      0.0370         1.00
      0.0380         1.00
      0.0390         1.00
      0.0400         1.00
      0.0410         1.00
      0.0420         1.00
      0.0430         1.00
      0.0440         1.00
      0.0450         1.00
      0.0460         1.00
      0.0470         1.00
      0.0480         1.00
      0.0490         1.00
      0.0500         1.00
      0.0510         1.00
      0.0520         1.00
      0.0530         1.00
      0.0540         1.00
      0.0550         1.00
      0.0560         1.00
      0.0570         1.00
      0.0580         1.00
      0.0590         1.00
      0.0600         1.00
      0.0610         1.00
      0.0620         1.00
      0.0630         1.00
      0.0640         1.00
      0.0650         1.00
      0.0660         1.00
      0.0670         1.00
      0.0680         1.00
      0.0690         1.00
      0.0700         1.00
      0.0710         1.00
      0.0720         1.00
      0.0730         1.00
      0.0740         1.00
      0.0750         1.00
      0.0760         1.00
      0.0770         1.00
      0.0780         1.00
      0.0790         1.00
      0.0800         1.00
      0.0810         1.00
      0.0820         1.00
      0.0830         1.00
      0.0840         1.00
      0.0850         1.00
      0.0860         1.00
      0.0870         1.00
      0.0880         1.00
      0.0890         1.00
      0.0900         1.00
      0.0910         1.00
      0.0920         1.00
      0.0930         1.00
      0.0940         1.00
      0.0950         1.00
      0.0960         1.00
      0.0970         1.00
      0.0980         1.00
      0.0990         1.00
      0.1000         1.00
      0.1010         1.00
      0.1020         1.00
      0.1030         1.00
      0.1040         1.00
      0.1050         1.00
      0.1060         1.00
      0.1070         1.00
      0.1080         1.00
      0.1090         1.00
      0.1100         1.00
      0.1110         1.00
      0.1120         1.00
      0.1130         1.00
      0.1140         1.00
      0.1150         1.00
      0.1160         1.00
      0.1170         1.00
      0.1180         1.00
      0.1190         1.00
      0.1200         1.00
      0.1210         1.00
      0.1220         1.00
      0.1230         1.00
      0.1240         1.00
      0.1250         1.00
      0.1260         1.00
      0.1270         1.00
      0.1280         1.00
      0.1290         1.00
      0.1300         1.00
      0.1310         1.00
      0.1320         1.00
      0.1330         1.00
      0.1340         1.00
      0.1350         1.00
      0.1360         1.00
      0.1370         1.00
      0.1380         1.00
      0.1390         1.00
      0.1400         1.00
      0.1410         1.00
      0.1420         1.00
      0.1430         1.00
      0.1440         1.00
      0.1450         1.00
      0.1460         1.00
      0.1470         1.00
      0.1480         1.00
      0.1490         1.00
      0.1500         1.00
      0.1510         1.00
      0.1520         1.00
      0.1530         1.00
      0.1540         1.00
      0.1550         1.00
      0.1560         1.00
      0.1570         1.00
      0.1580         1.00
      0.1590         1.00
      0.1600         1.00
      0.1610         1.00
      0.1620         1.00
      0.1630         1.00
      0.1640         1.00
      0.1650         1.00
      0.1660         1.00
      0.1670         1.00
      0.1680         1.00
      0.1690         1.00
      0.1700         1.00
      0.1710         1.00
      0.1720         1.00
      0.1730         1.00
      0.1740         1.00
      0.1750         1.00
      0.1760         1.00
      0.1770         1.00
      0.1780         1.00
      0.1790         1.00
      0.1800         1.00
      0.1810         1.00
      0.1820         1.00
      0.1830         1.00
      0.1840         1.00
      0.1850         1.00
      0.1860         1.00
      0.1870         1.00
      0.1880         1.00
      0.1890         1.00
      0.1900         1.00
      0.1910         1.00
      0.1920         1.00
      0.1930         1.00
      0.1940         1.00
      0.1950         1.00
      0.1960         1.00
      0.1970         1.00
      0.1980         1.00
      0.1990         1.00
      0.2000         1.00
      0.2010         1.00
      0.2020         1.00
      0.2030         1.00
      0.2040         1.00
      0.2050         1.00
      0.2060         1.00
      0.2070         1.00
      0.2080         1.00
      0.2090         1.00
      0.2100         1.00
      0.2110         1.00
      0.2120         1.00
      0.2130         1.00
      0.2140         1.00
      0.2150         1.00
      0.2160         1.00
      0.2170         1.00
      0.2180         1.00
      0.2190         1.00
      0.2200         1.00
      0.2210         1.00
      0.2220         1.00
      0.2230         1.00
      0.2240         1.00
      0.2250         1.00
      0.2260         1.00
      0.2270         1.00
      0.2280         1.00
      0.2290         1.00
      0.2300         1.00
      0.2310         1.00
      0.2320         1.00
      0.2330         1.00
      0.2340         1.00
      0.2350         1.00
      0.2360         1.00
      0.2370         1.00
      0.2380         1.00
      0.2390         1.00
      0.2400         1.00
      0.2410         1.00
      0.2420         1.00
      0.2430         1.00
      0.2440         1.00
      0.2450         1.00
      0.2460         1.00
      0.2470         1.00
      0.2480         1.00
      0.2490         1.00
      0.2500         1.00
      0.2510         1.00
      0.2520         1.00
      0.2530         1.00
      0.2540         1.00
      0.2550         1.00
      0.2560         1.00
      0.2570         1.00
      0.2580         1.00
      0.2590         1.00
      0.2600         1.00
      0.2610         1.00
      0.2620         1.00
      0.2630         1.00
      0.2640         1.00
      0.2650         1.00
      0.2660         1.00
      0.2670         1.00
      0.2680         1.00
      0.2690         1.00
      0.2700         1.00
      0.2710         1.00
      0.2720         1.00
      0.2730         1.00
      0.2740         1.00
      0.2750         1.00
      0.2760         1.00
      0.2770         1.00
      0.2780         1.00
      0.2790         1.00
      0.2800         1.00
      0.2810         1.00
      0.2820         1.00
      0.2830         1.00
      0.2840         1.00
      0.2850         1.00
      0.2860         1.00
      0.2870         1.00
      0.2880         1.00
      0.2890         1.00
      0.2900         1.00
      0.2910         1.00
      0.2920         1.00
      0.2930         1.00
      0.2940         1.00
      0.2950         1.00
      0.2960         1.00
      0.2970         1.00
      0.2980         1.00
      0.2990         1.00
      0.3000         1.00
      0.3010         1.00
      0.3020         1.00
      0.3030         1.00
      0.3040         1.00
      0.3050         1.00
      0.3060         1.00
      0.3070         1.00
      0.3080         1.00
      0.3090         1.00
      0.3100         1.00
      0.3110         1.00
      0.3120         1.00
      0.3130         1.00
      0.3140         1.00
      0.3150         1.00
      0.3160         1.00
      0.3170         1.00
      0.3180         1.00
      0.3190         1.00
      0.3200         1.00
      0.3210         1.00
      0.3220         1.00
      0.3230         1.00
      0.3240         1.00
      0.3250         1.00
      0.3260         1.00
      0.3270         1.00
      0.3280         1.00
      0.3290         1.00
      0.3300         1.00
      0.3310         1.00
      0.3320         1.00
      0.3330         1.00
      0.3340         1.00
      0.3350         1.00
      0.3360         1.00
      0.3370         1.00
      0.3380         1.00
      0.3390         1.00
      0.3400         1.00
      0.3410         1.00
      0.3420         1.00
      0.3430         1.00
      0.3440         1.00
      0.3450         1.00
      0.3460         1.00
      0.3470         1.00
      0.3480         1.00
      0.3490         1.00
      0.3500         1.00
      0.3510         1.00
      0.3520         1.00
      0.3530         1.00
      0.3540         1.00
      0.3550         1.00
      0.3560         1.00
      0.3570         1.00
      0.3580         1.00
      0.3590         1.00
      0.3600         1.00
      0.3610         1.00
      0.3620         1.00
      0.3630         1.00
      0.3640         1.00
      0.3650         1.00
      0.3660         1.00
      0.3670         1.00
      0.3680         1.00
      0.3690         1.00
      0.3700         1.00
      0.3710         1.00
      0.3720         1.00
      0.3730         1.00
      0.3740         1.00
      0.3750         1.00
      0.3760         1.00
      0.3770         1.00
      0.3780         1.00
      0.3790         1.00
      0.3800         1.00
      0.3810         1.00
      0.3820         1.00
      0.3830         1.00
      0.3840         1.00
      0.3850         1.00
      0.3860         1.00
      0.3870         1.00
      0.3880         1.00
      0.3890         1.00
      0.3900         1.00
      0.3910         1.00
      0.3920         1.00
      0.3930         1.00
      0.3940         1.00
      0.3950         1.00
      0.3960         1.00
      0.3970         1.00
      0.3980         1.00
      0.3990         1.00
      0.4000         1.00
      0.4010         1.00
      0.4020         1.00
      0.4030         1.00
      0.4040         1.00
      0.4050         1.00
      0.4060         1.00
      0.4070         1.00
      0.4080         1.00
      0.4090         1.00
      0.4100         1.00
      0.4110         1.00
      0.4120         1.00
      0.4130         1.00
      0.4140         1.00
      0.4150         1.00
      0.4160         1.00
      0.4170         1.00
      0.4180         1.00
      0.4190         1.00
      0.4200         1.00
      0.4210         1.00
      0.4220         1.00
      0.4230         1.00
      0.4240         1.00
      0.4250         1.00
      0.4260         1.00
      0.4270         1.00
      0.4280         1.00
      0.4290         1.00
      0.4300         1.00
      0.4310         1.00
      0.4320         1.00
      0.4330         1.00
      0.4340         1.00
      0.4350         1.00
      0.4360         1.00
      0.4370         1.00
      0.4380         1.00
      0.4390         1.00
      0.4400         1.00
      0.4410         1.00
      0.4420         1.00
      0.4430         1.00
      0.4440         1.00
      0.4450         1.00
      0.4460         1.00
      0.4470         1.00
      0.4480         1.00
      0.4490         1.00
      0.4500         1.00
      0.4510         1.00
      0.4520         1.00
      0.4530         1.00
      0.4540         1.00
      0.4550         1.00
      0.4560         1.00
      0.4570         1.00
      0.4580         1.00
      0.4590         1.00
      0.4600         1.00
      0.4610         1.00
      0.4620         1.00
      0.4630         1.00
      0.4640         1.00
      0.4650         1.00
      0.4660         1.00
      0.4670         1.00
      0.4680         1.00
      0.4690         1.00
      0.4700         1.00
      0.4710         1.00
      0.4720         1.00
      0.4730         1.00
      0.4740         1.00
      0.4750         1.00
      0.4760         1.00
      0.4770         1.00
      0.4780         1.00
      0.4790         1.00
      0.4800         1.00
      0.4810         1.00
      0.4820         1.00
      0.4830         1.00
      0.4840         1.00
      0.4850         1.00
      0.4860         1.00
      0.4870         1.00
      0.4880         1.00
      0.4890         1.00
      0.4900         1.00
      0.4910         1.00
      0.4920         1.00
      0.4930         1.00
      0.4940         1.00
      0.4950         1.00
      0.4960         1.00
      0.4970         1.00
      0.4980         1.00
      0.4990         1.00
      0.5000         1.00
      0.5010         1.00
      0.5020         1.00
      0.5030         1.00
      0.5040         1.00
      0.5050         1.00
      0.5060         1.00
      0.5070         1.00
      0.5080         1.00
      0.5090         1.00
      0.5100         1.00
      0.5110         1.00
      0.5120         1.00
      0.5130         1.00
      0.5140         1.00
      0.5150         1.00
      0.5160         1.00
      0.5170         1.00
      0.5180         1.00
      0.5190         1.00
      0.5200         1.00
      0.5210         1.00
      0.5220         1.00
      0.5230         1.00
      0.5240         1.00
      0.5250         1.00
      0.5260         1.00
      0.5270         1.00
      0.5280         1.00
      0.5290         1.00
      0.5300         1.00
      0.5310         1.00
      0.5320         1.00
      0.5330         1.00
      0.5340         1.00
      0.5350         1.00
      0.5360         1.00
      0.5370         1.00
      0.5380         1.00
      0.5390         1.00
      0.5400         1.00
      0.5410         1.00
      0.5420         1.00
      0.5430         1.00
      0.5440         1.00
      0.5450         1.00
      0.5460         1.00
      0.5470         1.00
      0.5480         1.00
      0.5490         1.00
      0.5500         1.00
      0.5510         1.00
      0.5520         1.00
      0.5530         1.00
      0.5540         1.00
      0.5550         1.00
      0.5560         1.00
      0.5570         1.00
      0.5580         1.00
      0.5590         1.00
      0.5600         1.00
      0.5610         1.00
      0.5620         1.00
      0.5630         1.00
      0.5640         1.00
      0.5650         1.00
      0.5660         1.00
      0.5670         1.00
      0.5680         1.00
      0.5690         1.00
      0.5700         1.00
      0.5710         1.00
      0.5720         1.00
      0.5730         1.00
      0.5740         1.00
      0.5750         1.00
      0.5760         1.00
      0.5770         1.00
      0.5780         1.00
      0.5790         1.00
      0.5800         1.00
      0.5810         1.00
      0.5820         1.00
      0.5830         1.00
      0.5840         1.00
      0.5850         1.00
      0.5860         1.00
      0.5870         1.00
      0.5880         1.00
      0.5890         1.00
      0.5900         1.00
      0.5910         1.00
      0.5920         1.00
      0.5930         1.00
      0.5940         1.00
      0.5950         1.00
      0.5960         1.00
      0.5970         1.00
      0.5980         1.00
      0.5990         1.00
      0.6000         1.00
      0.6010         1.00
      0.6020         1.00
      0.6030         1.00
      0.6040         1.00
      0.6050         1.00
      0.6060         1.00
      0.6070         1.00
      0.6080         1.00
      0.6090         1.00
      0.6100         1.00
      0.6110         1.00
      0.6120         1.00
      0.6130         1.00
      0.6140         1.00
      0.6150         1.00
      0.6160         1.00
      0.6170         1.00
      0.6180         1.00
      0.6190         1.00
      0.6200         1.00
      0.6210         1.00
      0.6220         1.00
      0.6230         1.00
      0.6240         1.00
      0.6250         1.00
      0.6260         1.00
      0.6270         1.00
      0.6280         1.00
      0.6290         1.00
      0.6300         1.00
      0.6310         1.00
      0.6320         1.00
      0.6330         1.00
      0.6340         1.00
      0.6350         1.00
      0.6360         1.00
      0.6370         1.00
      0.6380         1.00
      0.6390         1.00
      0.6400         1.00
      0.6410         1.00
      0.6420         1.00
      0.6430         1.00
      0.6440         1.00
      0.6450         1.00
      0.6460         1.00
      0.6470         1.00
      0.6480         1.00
      0.6490         1.00
      0.6500         1.00
      0.6510         1.00
      0.6520         1.00
      0.6530         1.00
      0.6540         1.00
      0.6550         1.00
      0.6560         1.00
      0.6570         1.00
      0.6580         1.00
      0.6590         1.00
      0.6600         1.00
      0.6610         1.00
      0.6620         1.00
      0.6630         1.00
      0.6640         1.00
      0.6650         1.00
      0.6660         1.00
      0.6670         1.00
      0.6680         1.00
      0.6690         1.00
      0.6700         1.00
      0.6710         1.00
      0.6720         1.00
      0.6730         1.00
      0.6740         1.00
      0.6750         1.00
      0.6760         1.00
      0.6770         1.00
      0.6780         1.00
      0.6790         1.00
      0.6800         1.00
      0.6810         1.00
      0.6820         1.00
      0.6830         1.00
      0.6840         1.00
      0.6850         1.00
      0.6860         1.00
      0.6870         1.00
      0.6880         1.00
      0.6890         1.00
      0.6900         1.00
      0.6910         1.00
      0.6920         1.00
      0.6930         1.00
      0.6940         1.00
      0.6950         1.00
      0.6960         1.00
      0.6970         1.00
      0.6980         1.00
      0.6990         1.00
      0.7000         1.00
      0.7010         1.00
      0.7020         1.00
      0.7030         1.00
      0.7040         1.00
      0.7050         1.00
      0.7060         1.00
      0.7070         1.00
      0.7080         1.00
      0.7090         1.00
      0.7100         1.00
      0.7110         1.00
      0.7120         1.00
      0.7130         1.00
      0.7140         1.00
      0.7150         1.00
      0.7160         1.00
      0.7170         1.00
      0.7180         1.00
      0.7190         1.00
      0.7200         1.00
      0.7210         1.00
      0.7220         1.00
      0.7230         1.00
      0.7240         1.00
      0.7250         1.00
      0.7260         1.00
      0.7270         1.00
      0.7280         1.00
      0.7290         1.00
      0.7300         1.00
      0.7310         1.00
      0.7320         1.00
      0.7330         1.00
      0.7340         1.00
      0.7350         1.00
      0.7360         1.00
      0.7370         1.00
      0.7380         1.00
      0.7390         1.00
      0.7400         1.00
      0.7410         1.00
      0.7420         1.00
      0.7430         1.00
      0.7440         1.00
      0.7450         1.00
      0.7460         1.00
      0.7470         1.00
      0.7480         1.00
      0.7490         1.00
      0.7500         1.00
      0.7510         1.00
      0.7520         1.00
      0.7530         1.00
      0.7540         1.00
      0.7550         1.00
      0.7560         1.00
      0.7570         1.00
      0.7580         1.00
      0.7590         1.00
      0.7600         1.00
      0.7610         1.00
      0.7620         1.00
      0.7630         1.00
      0.7640         1.00
      0.7650         1.00
      0.7660         1.00
      0.7670         1.00
      0.7680         1.00
      0.7690         1.00
      0.7700         1.00
      0.7710         1.00
      0.7720         1.00
      0.7730         1.00
      0.7740         1.00
      0.7750         1.00
      0.7760         1.00
      0.7770         1.00
      0.7780         1.00
      0.7790         1.00
      0.7800         1.00
      0.7810         1.00
      0.7820         1.00
      0.7830         1.00
      0.7840         1.00
      0.7850         1.00
      0.7860         1.00
      0.7870         1.00
      0.7880         1.00
      0.7890         1.00
      0.7900         1.00
      0.7910         1.00
      0.7920         1.00
      0.7930         1.00
      0.7940         1.00
      0.7950         1.00
      0.7960         1.00
      0.7970         1.00
      0.7980         1.00
      0.7990         1.00
      0.8000         1.00
      0.8010         1.00
      0.8020         1.00
      0.8030         1.00
      0.8040         1.00
      0.8050         1.00
      0.8060         1.00
      0.8070         1.00
      0.8080         1.00
      0.8090         1.00
      0.8100         1.00
      0.8110         1.00
      0.8120         1.00
      0.8130         1.00
      0.8140         1.00
      0.8150         1.00
      0.8160         1.00
      0.8170         1.00
      0.8180         1.00
      0.8190         1.00
      0.8200         1.00
      0.8210         1.00
      0.8220         1.00
      0.8230         1.00
      0.8240         1.00
      0.8250         1.00
      0.8260         1.00
      0.8270         1.00
      0.8280         1.00
      0.8290         1.00
      0.8300         1.00
      0.8310         1.00
      0.8320         1.00
      0.8330         1.00
      0.8340         1.00
      0.8350         1.00
      0.8360         1.00
      0.8370         1.00
      0.8380         1.00
      0.8390         1.00
      0.8400         1.00
      0.8410         1.00
      0.8420         1.00
      0.8430         1.00
      0.8440         1.00
      0.8450         1.00
      0.8460         1.00
      0.8470         1.00
      0.8480         1.00
      0.8490         1.00
      0.8500         1.00
      0.8510         1.00
      0.8520         1.00
      0.8530         1.00
      0.8540         1.00
      0.8550         1.00
      0.8560         1.00
      0.8570         1.00
      0.8580         1.00
      0.8590         1.00
      0.8600         1.00
      0.8610         1.00
      0.8620         1.00
      0.8630         1.00
      0.8640         1.00
      0.8650         1.00
      0.8660         1.00
      0.8670         1.00
      0.8680         1.00
      0.8690         1.00
      0.8700         1.00
      0.8710         1.00
      0.8720         1.00
      0.8730         1.00
      0.8740         1.00
      0.8750         1.00
      0.8760         1.00
      0.8770         1.00
      0.8780         1.00
      0.8790         1.00
      0.8800         1.00
      0.8810         1.00
      0.8820         1.00
      0.8830         1.00
      0.8840         1.00
      0.8850         1.00
      0.8860         1.00
      0.8870         1.00
      0.8880         1.00
      0.8890         1.00
      0.8900         1.00
      0.8910         1.00
      0.8920         1.00
      0.8930         1.00
      0.8940         1.00
      0.8950         1.00
      0.8960         1.00
      0.8970         1.00
      0.8980         1.00
      0.8990         1.00
      0.9000         1.00
      0.9010         1.00
      0.9020         1.00
      0.9030         1.00
      0.9040         1.00
      0.9050         1.00
      0.9060         1.00
      0.9070         1.00
      0.9080         1.00
      0.9090         1.00
      0.9100         1.00
      0.9110         1.00
      0.9120         1.00
      0.9130         1.00
      0.9140         1.00
      0.9150         1.00
      0.9160         1.00
      0.9170         1.00
      0.9180         1.00
      0.9190         1.00
      0.9200         1.00
      0.9210         1.00
      0.9220         1.00
      0.9230         1.00
      0.9240         1.00
      0.9250         1.00
      0.9260         1.00
      0.9270         1.00
      0.9280         1.00
      0.9290         1.00
      0.9300         1.00
      0.9310         1.00
      0.9320         1.00
      0.9330         1.00
      0.9340         1.00
      0.9350         1.00
      0.9360         1.00
      0.9370         1.00
      0.9380         1.00
      0.9390         1.00
      0.9400         1.00
      0.9410         1.00
      0.9420         1.00
      0.9430         1.00
      0.9440         1.00
      0.9450         1.00
      0.9460         1.00
      0.9470         1.00
      0.9480         1.00
      0.9490         1.00
      0.9500         1.00
      0.9510         1.00
      0.9520         1.00
      0.9530         1.00
      0.9540         1.00
      0.9550         1.00
      0.9560         1.00
      0.9570         1.00
      0.9580         1.00
      0.9590         1.00
      0.9600         1.00
      0.9610         1.00
      0.9620         1.00
      0.9630         1.00
      0.9640         1.00
      0.9650         1.00
      0.9660         1.00
      0.9670         1.00
      0.9680         1.00
      0.9690         1.00
      0.9700         1.00
      0.9710         1.00
      0.9720         1.00
      0.9730         1.00
      0.9740         1.00
      0.9750         1.00
      0.9760         1.00
      0.9770         1.00
      0.9780         1.00
      0.9790         1.00
      0.9800         1.00
      0.9810         1.00
      0.9820         1.00
      0.9830         1.00
      0.9840         1.00
      0.9850         1.00
      0.9860         1.00
      0.9870         1.00
      0.9880         1.00
      0.9890         1.00
      0.9900         1.00
      0.9910         1.00
      0.9920         1.00
      0.9930         1.00
      0.9940         1.00
      0.9950         1.00
      0.9960         1.00
      0.9970         1.00
      0.9980         1.00
      0.9990         1.00
      1.0000         1.00
      1.0010         1.00
      1.0020         1.00
      1.0030         1.00
      1.0040         1.00
      1.0050         1.00
      1.0060         1.00
      1.0070         1.00
      1.0080         1.00
      1.0090         1.00
      1.0100         1.00
      1.0110         1.00
      1.0120         1.00
      1.0130         1.00
      1.0140         1.00
      1.0150         1.00
      1.0160         1.00
      1.0170         1.00
      1.0180         1.00
      1.0190         1.00
      1.0200         1.00
      1.0210         1.00
      1.0220         1.00
      1.0230         1.00
      1.0240         1.00
      1.0250         1.00
      1.0260         1.00
      1.0270         1.00
      1.0280         1.00
      1.0290         1.00
      1.0300         1.00
      1.0310         1.00
      1.0320         1.00
      1.0330         1.00
      1.0340         1.00
      1.0350         1.00
      1.0360         1.00
      1.0370         1.00
      1.0380         1.00
      1.0390         1.00
      1.0400         1.00
      1.0410         1.00
      1.0420         1.00
      1.0430         1.00
      1.0440         1.00
      1.0450         1.00
      1.0460         1.00
      1.0470         1.00
      1.0480         1.00
      1.0490         1.00
      1.0500         1.00
      1.0510         1.00
      1.0520         1.00
      1.0530         1.00
      1.0540         1.00
      1.0550         1.00
      1.0560         1.00
      1.0570         1.00
      1.0580         1.00
      1.0590         1.00
      1.0600         1.00
      1.0610         1.00
      1.0620         1.00
      1.0630         1.00
      1.0640         1.00
      1.0650         1.00
      1.0660         1.00
      1.0670         1.00
      1.0680         1.00
      1.0690         1.00
      1.0700         1.00
      1.0710         1.00
      1.0720         1.00
      1.0730         1.00
      1.0740         1.00
      1.0750         1.00
      1.0760         1.00
      1.0770         1.00
      1.0780         1.00
      1.0790         1.00
      1.0800         1.00
      1.0810         1.00
      1.0820         1.00
      1.0830         1.00
      1.0840         1.00
      1.0850         1.00
      1.0860         1.00
      1.0870         1.00
      1.0880         1.00
      1.0890         1.00
      1.0900         1.00
      1.0910         1.00
      1.0920         1.00
      1.0930         1.00
      1.0940         1.00
      1.0950         1.00
      1.0960         1.00
      1.0970         1.00
      1.0980         1.00
      1.0990         1.00
      1.1000         1.00
      1.1010         1.00
      1.1020         1.00
      1.1030         1.00
      1.1040         1.00
      1.1050         1.00
      1.1060         1.00
      1.1070         1.00
      1.1080         1.00
      1.1090         1.00
      1.1100         1.00
      1.1110         1.00
      1.1120         1.00
      1.1130         1.00
      1.1140         1.00
      1.1150         1.00
      1.1160         1.00
      1.1170         1.00
      1.1180         1.00
      1.1190         1.00
      1.1200         1.00
      1.1210         1.00
      1.1220         1.00
      1.1230         1.00
      1.1240         1.00
      1.1250         1.00
      1.1260         1.00
      1.1270         1.00
      1.1280         1.00
      1.1290         1.00
      1.1300         1.00
      1.1310         1.00
      1.1320         1.00
      1.1330         1.00
      1.1340         1.00
      1.1350         1.00
      1.1360         1.00
      1.1370         1.00
      1.1380         1.00
      1.1390         1.00
      1.1400         1.00
      1.1410         1.00
      1.1420         1.00
      1.1430         1.00
      1.1440         1.00
      1.1450         1.00
      1.1460         1.00
      1.1470         1.00
      1.1480         1.00
      1.1490         1.00
      1.1500         1.00
      1.1510         1.00
      1.1520         1.00
      1.1530         1.00
      1.1540         1.00
      1.1550         1.00
      1.1560         1.00
      1.1570         1.00
      1.1580         1.00
      1.1590         1.00
      1.1600         1.00
      1.1610         1.00
      1.1620         1.00
      1.1630         1.00
      1.1640         1.00
      1.1650         1.00
      1.1660         1.00
      1.1670         1.00
      1.1680         1.00
      1.1690         1.00
      1.1700         1.00
      1.1710         1.00
      1.1720         1.00
      1.1730         1.00
      1.1740         1.00
      1.1750         1.00
      1.1760         1.00
      1.1770         1.00
      1.1780         1.00
      1.1790         1.00
      1.1800         1.00
      1.1810         1.00
      1.1820         1.00
      1.1830         1.00
      1.1840         1.00
      1.1850         1.00
      1.1860         1.00
      1.1870         1.00
      1.1880         1.00
      1.1890         1.00
      1.1900         1.00
      1.1910         1.00
      1.1920         1.00
      1.1930         1.00
      1.1940         1.00
      1.1950         1.00
      1.1960         1.00
      1.1970         1.00
      1.1980         1.00
      1.1990         1.00
      1.2000         1.00
      1.2010         1.00
      1.2020         1.00
      1.2030         1.00
      1.2040         1.00
      1.2050         1.00
      1.2060         1.00
      1.2070         1.00
      1.2080         1.00
      1.2090         1.00
      1.2100         1.00
      1.2110         1.00
      1.2120         1.00
      1.2130         1.00
      1.2140         1.00
      1.2150         1.00
      1.2160         1.00
      1.2170         1.00
      1.2180         1.00
      1.2190         1.00
      1.2200         1.00
      1.2210         1.00
      1.2220         1.00
      1.2230         1.00
      1.2240         1.00
      1.2250         1.00
      1.2260         1.00
      1.2270         1.00
      1.2280         1.00
      1.2290         1.00
      1.2300         1.00
      1.2310         1.00
      1.2320         1.00
      1.2330         1.00
      1.2340         1.00
      1.2350         1.00
      1.2360         1.00
      1.2370         1.00
      1.2380         1.00
      1.2390         1.00
      1.2400         1.00
      1.2410         1.00
      1.2420         1.00
      1.2430         1.00
      1.2440         1.00
      1.2450         1.00
      1.2460         1.00
      1.2470         1.00
      1.2480         1.00
      1.2490         1.00
      1.2500         1.00
      1.2510         1.00
      1.2520         1.00
      1.2530         1.00
      1.2540         1.00
      1.2550         1.00
      1.2560         1.00
      1.2570         1.00
      1.2580         1.00
      1.2590         1.00
      1.2600         1.00
      1.2610         1.00
      1.2620         1.00
      1.2630         1.00
      1.2640         1.00
      1.2650         1.00
      1.2660         1.00
      1.2670         1.00
      1.2680         1.00
      1.2690         1.00
      1.2700         1.00
      1.2710         1.00
      1.2720         1.00
      1.2730         1.00
      1.2740         1.00
      1.2750         1.00
      1.2760         1.00
      1.2770         1.00
      1.2780         1.00
      1.2790         1.00
      1.2800         1.00
      1.2810         1.00
      1.2820         1.00
      1.2830         1.00
      1.2840         1.00
      1.2850         1.00
      1.2860         1.00
      1.2870         1.00
      1.2880         1.00
      1.2890         1.00
      1.2900         1.00
      1.2910         1.00
      1.2920         1.00
      1.2930         1.00
      1.2940         1.00
      1.2950         1.00
      1.2960         1.00
      1.2970         1.00
      1.2980         1.00
      1.2990         1.00
      1.3000         1.00
      1.3010         1.00
      1.3020         1.00
      1.3030         1.00
      1.3040         1.00
      1.3050         1.00
      1.3060         1.00
      1.3070         1.00
      1.3080         1.00
      1.3090         1.00
      1.3100         1.00
      1.3110         1.00
      1.3120         1.00
      1.3130         1.00
      1.3140         1.00
      1.3150         1.00
      1.3160         1.00
      1.3170         1.00
      1.3180         1.00
      1.3190         1.00
      1.3200         1.00
      1.3210         1.00
      1.3220         1.00
      1.3230         1.00
      1.3240         1.00
      1.3250         1.00
      1.3260         1.00
      1.3270         1.00
      1.3280         1.00
      1.3290         1.00
      1.3300         1.00
      1.3310         1.00
      1.3320         1.00
      1.3330         1.00
      1.3340         1.00
      1.3350         1.00
      1.3360         1.00
      1.3370         1.00
      1.3380         1.00
      1.3390         1.00
      1.3400         1.00
      1.3410         1.00
      1.3420         1.00
      1.3430         1.00
      1.3440         1.00
      1.3450         1.00
      1.3460         1.00
      1.3470         1.00
      1.3480         1.00
      1.3490         1.00
      1.3500         1.00
      1.3510         1.00
      1.3520         1.00
      1.3530         1.00
      1.3540         1.00
      1.3550         1.00
      1.3560         1.00
      1.3570         1.00
      1.3580         1.00
      1.3590         1.00
      1.3600         1.00
      1.3610         1.00
      1.3620         1.00
      1.3630         1.00
      1.3640         1.00
      1.3650         1.00
      1.3660         1.00
      1.3670         1.00
      1.3680         1.00
      1.3690         1.00
      1.3700         1.00
      1.3710         1.00
      1.3720         1.00
      1.3730         1.00
      1.3740         1.00
      1.3750         1.00
      1.3760         1.00
      1.3770         1.00
      1.3780         1.00
      1.3790         1.00
      1.3800         1.00
      1.3810         1.00
      1.3820         1.00
      1.3830         1.00
      1.3840         1.00
      1.3850         1.00
      1.3860         1.00
      1.3870         1.00
      1.3880         1.00
      1.3890         1.00
      1.3900         1.00
      1.3910         1.00
      1.3920         1.00
      1.3930         1.00
      1.3940         1.00
      1.3950         1.00
      1.3960         1.00
      1.3970         1.00
      1.3980         1.00
      1.3990         1.00
      1.4000         1.00
      1.4010         1.00
      1.4020         1.00
      1.4030         1.00
      1.4040         1.00
      1.4050         1.00
      1.4060         1.00
      1.4070         1.00
      1.4080         1.00
      1.4090         1.00
      1.4100         1.00
      1.4110         1.00
      1.4120         1.00
      1.4130         1.00
      1.4140         1.00
      1.4150         1.00
      1.4160         1.00
      1.4170         1.00
      1.4180         1.00
      1.4190         1.00
      1.4200         1.00
      1.4210         1.00
      1.4220         1.00
      1.4230         1.00
      1.4240         1.00
      1.4250         1.00
      1.4260         1.00
      1.4270         1.00
      1.4280         1.00
      1.4290         1.00
      1.4300         1.00
      1.4310         1.00
      1.4320         1.00
      1.4330         1.00
      1.4340         1.00
      1.4350         1.00
      1.4360         1.00
      1.4370         1.00
      1.4380         1.00
      1.4390         1.00
      1.4400         1.00
      1.4410         1.00
      1.4420         1.00
      1.4430         1.00
      1.4440         1.00
      1.4450         1.00
      1.4460         1.00
      1.4470         1.00
      1.4480         1.00
      1.4490         1.00
      1.4500         1.00
      1.4510         1.00
      1.4520         1.00
      1.4530         1.00
      1.4540         1.00
      1.4550         1.00
      1.4560         1.00
      1.4570         1.00
      1.4580         1.00
      1.4590         1.00
      1.4600         1.00
      1.4610         1.00
      1.4620         1.00
      1.4630         1.00
      1.4640         1.00
      1.4650         1.00
      1.4660         1.00
      1.4670         1.00
      1.4680         1.00
      1.4690         1.00
      1.4700         1.00
      1.4710         1.01
      1.4720         1.05
      1.4730         1.65
      1.4740         1.73
      1.4750         1.78
      1.4760         1.83
      1.4770         1.95
      1.4780         1.97
      1.4790         2.01
      1.4800         2.10
      1.4810         2.02
      1.4820         2.03
      1.4830         2.10
      1.4840         2.06
      1.4850         1.97
      1.4860         2.02
      1.4870         1.90
      1.4880         1.87
      1.4890         1.93
      1.4900         1.81
      1.4910         1.78
      1.4920         2.31
      1.4930         2.33
      1.4940         2.22
      1.4950         2.19
      1.4960         1.74
      1.4970         1.73
      1.4980         1.71
      1.4990         1.61
      1.5000         1.71
      1.5010         1.74
      1.5020         1.74
      1.5030         1.69
      1.5040         1.70
      1.5050         1.82
      1.5060         1.84
      1.5070         2.46
      1.5080         2.41
      1.5090         2.31
      1.5100         2.53
      1.5110         2.03
      1.5120         1.98
      1.5130         2.06
      1.5140         2.14
      1.5150         2.22
      1.5160         2.84
      1.5170         2.37
      1.5180         3.01
      1.5190         3.13
      1.5200         3.34
      1.5210         3.39
      1.5220         3.47
      1.5230         3.58
      1.5240         3.74
      1.5250         3.62
      1.5260         3.77
      1.5270         3.77
      1.5280         4.14
      1.5290         4.21
      1.5300         4.15
      1.5310         4.19
      1.5320         4.41
      1.5330         4.47
      1.5340         4.54
      1.5350         4.59
      1.5360         4.59
      1.5370         4.75
      1.5380         4.67
      1.5390         4.70
      1.5400         4.61
      1.5410         4.71
      1.5420         4.78
      1.5430         4.81
      1.5440         4.82
      1.5450         4.95
      1.5460         4.91
      1.5470         4.89
      1.5480         4.87
      1.5490         4.94
      1.5500         5.06
      1.5510         5.30
      1.5520         5.78
      1.5530         5.26
      1.5540         5.76
      1.5550         5.84
      1.5560         5.88
      1.5570         6.09
      1.5580         6.41
      1.5590         6.53
      1.5600         6.59
      1.5610         6.61
      1.5620         6.80
      1.5630         6.87
      1.5640         6.92
      1.5650         7.12
      1.5660         7.29
      1.5670         7.40
      1.5680         7.44
      1.5690         7.49
      1.5700         7.56
      1.5710         7.55
      1.5720         7.57
      1.5730         7.71
      1.5740         7.94
      1.5750         7.99
      1.5760         7.99
      1.5770         7.94
      1.5780         8.00
      1.5790         8.04
      1.5800         8.04
      1.5810         8.23
      1.5820         8.20
      1.5830         8.42
      1.5840         8.44
      1.5850         8.40
      1.5860         8.44
      1.5870         8.59
      1.5880         8.75
      1.5890         8.83
      1.5900         9.12
      1.5910         9.39
      1.5920         9.59
      1.5930         9.74
      1.5940         9.93
      1.5950        10.22
      1.5960        10.52
      1.5970        10.64
      1.5980        10.63
      1.5990        10.82
      1.6000        11.13
      1.6010        11.27
      1.6020        11.44
      1.6030        11.48
      1.6040        11.67
      1.6050        11.96
      1.6060        12.02
      1.6070        12.03
      1.6080        12.24
      1.6090        12.46
      1.6100        12.43
      1.6110        12.48
      1.6120        12.44
      1.6130        12.51
      1.6140        12.44
      1.6150        12.41
      1.6160        12.48
      1.6170        12.62
      1.6180        12.69
      1.6190        12.64
      1.6200        12.76
      1.6210        12.85
      1.6220        12.93
      1.6230        13.00
      1.6240        13.01
      1.6250        13.10
      1.6260        13.29
      1.6270        13.40
      1.6280        13.36
      1.6290        13.50
      1.6300        13.57
      1.6310        13.76
      1.6320        13.93
      1.6330        13.98
      1.6340        14.17
      1.6350        14.44
      1.6360        14.53
      1.6370        14.57
      1.6380        14.80
      1.6390        15.17
      1.6400        15.40
      1.6410        15.68
      1.6420        15.95
      1.6430        16.17
      1.6440        16.49
      1.6450        16.68
      1.6460        16.73
      1.6470        16.95
      1.6480        17.07
      1.6490        17.20
      1.6500        17.42
      1.6510        17.47
      1.6520        17.69
      1.6530        17.95
      1.6540        18.18
      1.6550        18.31
      1.6560        18.47
      1.6570        18.63
      1.6580        18.87
      1.6590        19.01
      1.6600        19.05
      1.6610        18.93
      1.6620        18.93
      1.6630        19.10
      1.6640        19.18
      1.6650        19.14
      1.6660        19.30
      1.6670        19.31
      1.6680        19.50
      1.6690        19.58
      1.6700        19.65
      1.6710        19.74
      1.6720        19.80
      1.6730        20.00
      1.6740        20.16
      1.6750        20.33
      1.6760        20.53
      1.6770        20.84
      1.6780        20.99
      1.6790        21.15
      1.6800        21.28
      1.6810        21.64
      1.6820        21.91
      1.6830        22.16
      1.6840        22.39
      1.6850        22.66
      1.6860        22.79
      1.6870        23.03
      1.6880        23.34
      1.6890        23.55
      1.6900        23.75
      1.6910        24.12
      1.6920        24.48
      1.6930        24.58
      1.6940        24.65
      1.6950        24.73
      1.6960        24.85
      1.6970        24.88
      1.6980        25.04
      1.6990        25.18
      1.7000        25.37
      1.7010        25.42
      1.7020        25.58
      1.7030        25.61
      1.7040        25.65
      1.7050        25.69
      1.7060        25.84
      1.7070        26.13
      1.7080        26.24
      1.7090        26.28
      1.7100        26.45
      1.7110        26.48
      1.7120        26.45
      1.7130        26.57
      1.7140        26.83
      1.7150        27.03
      1.7160        27.12
      1.7170        27.27
      1.7180        27.45
      1.7190        27.59
      1.7200        27.72
      1.7210        27.85
      1.7220        27.91
      1.7230        28.07
      1.7240        28.33
      1.7250        28.76
      1.7260        28.96
      1.7270        29.18
      1.7280        29.29
      1.7290        29.53
      1.7300        29.71
      1.7310        29.91
      1.7320        30.23
      1.7330        30.39
      1.7340        30.53
      1.7350        30.75
      1.7360        31.03
      1.7370        31.13
      1.7380        31.03
      1.7390        31.20
      1.7400        31.49
      1.7410        31.71
      1.7420        31.96
      1.7430        32.06
      1.7440        32.12
      1.7450        31.99
      1.7460        32.07
      1.7470        31.99
      1.7480        32.19
      1.7490        32.31
      1.7500        32.38
      1.7510        32.55
      1.7520        32.49
      1.7530        32.62
      1.7540        32.74
      1.7550        32.70
      1.7560        32.74
      1.7570        32.91
      1.7580        33.17
      1.7590        33.27
      1.7600        33.22
      1.7610        33.23
      1.7620        33.33
      1.7630        33.41
      1.7640        33.56
      1.7650        33.88
      1.7660        34.05
      1.7670        34.28
      1.7680        34.19
      1.7690        34.27
      1.7700        34.48
      1.7710        34.47
      1.7720        34.65
      1.7730        34.70
      1.7740        34.84
      1.7750        35.05
      1.7760        35.19
      1.7770        35.20
      1.7780        35.33
      1.7790        35.38
      1.7800        35.53
      1.7810        35.61
      1.7820        35.69
      1.7830        35.82
      1.7840        35.93
      1.7850        35.97
      1.7860        36.08
      1.7870        36.13
      1.7880        36.26
      1.7890        36.25
      1.7900        36.22
      1.7910        36.27
      1.7920        36.38
      1.7930        36.48
      1.7940        36.53
      1.7950        36.64
      1.7960        36.77
      1.7970        37.05
      1.7980        37.20
      1.7990        37.35
      1.8000        37.56
      1.8010        37.76
      1.8020        37.94
      1.8030        38.02
      1.8040        38.07
      1.8050        38.31
      1.8060        38.54
      1.8070        38.65
      1.8080        38.85
      1.8090        39.08
      1.8100        39.24
      1.8110        39.40
      1.8120        39.50
      1.8130        39.53
      1.8140        39.70
      1.8150        39.74
      1.8160        39.78
      1.8170        39.62
      1.8180        39.63
      1.8190        39.61
      1.8200        39.51
      1.8210        39.50
      1.8220        39.46
      1.8230        39.58
      1.8240        39.71
      1.8250        39.59
      1.8260        39.43
      1.8270        39.49
      1.8280        39.48
      1.8290        39.48
      1.8300        39.43
      1.8310        39.47
      1.8320        39.40
      1.8330        39.55
      1.8340        39.44
      1.8350        39.51
      1.8360        39.53
      1.8370        39.77
      1.8380        39.66
      1.8390        39.77
      1.8400        39.97
      1.8410        40.17
      1.8420        40.39
      1.8430        40.63
      1.8440        40.79
      1.8450        40.83
      1.8460        41.04
      1.8470        41.22
      1.8480        41.42
      1.8490        41.62
      1.8500        41.82
      1.8510        41.97
      1.8520        42.20
      1.8530        42.17
      1.8540        42.34
      1.8550        42.36
      1.8560        42.38
      1.8570        42.38
      1.8580        42.64
      1.8590        42.87
      1.8600        42.81
      1.8610        42.75
      1.8620        42.66
      1.8630        42.53
      1.8640        42.51
      1.8650        42.66
      1.8660        42.51
      1.8670        42.47
      1.8680        42.47
      1.8690        42.38
      1.8700        42.42
      1.8710        42.51
      1.8720        42.51
      1.8730        42.73
      1.8740        42.74
      1.8750        42.79
      1.8760        42.82
      1.8770        42.94
      1.8780        42.95
      1.8790        42.80
      1.8800        43.00
      1.8810        43.27
      1.8820        43.46
      1.8830        43.61
      1.8840        43.76
      1.8850        43.84
      1.8860        44.21
      1.8870        44.40
      1.8880        44.48
      1.8890        44.81
      1.8900        44.91
      1.8910        44.98
      1.8920        45.13
      1.8930        45.14
      1.8940        45.18
      1.8950        45.17
      1.8960        45.35
      1.8970        45.50
      1.8980        45.70
      1.8990        45.84
      1.9000        45.86
      1.9010        45.78
      1.9020        45.53
      1.9030        45.57
      1.9040        45.46
      1.9050        45.34
      1.9060        45.36
      1.9070        45.31
      1.9080        45.28
      1.9090        45.19
      1.9100        45.08
      1.9110        45.03
      1.9120        44.84
      1.9130        44.81
      1.9140        44.89
      1.9150        45.11
      1.9160        45.00
      1.9170        44.97
      1.9180        44.84
      1.9190        44.78
      1.9200        44.81
      1.9210        44.88
      1.9220        45.08
      1.9230        45.21
      1.9240        45.37
      1.9250        45.64
      1.9260        45.73
      1.9270        45.74
      1.9280        45.82
      1.9290        46.05
      1.9300        46.22
      1.9310        46.41
      1.9320        46.65
      1.9330        46.88
      1.9340        47.11
      1.9350        47.21
      1.9360        47.40
      1.9370        47.50
      1.9380        47.58
      1.9390        47.86
      1.9400        47.93
      1.9410        48.03
      1.9420        48.11
      1.9430        48.13
      1.9440        48.03
      1.9450        47.95
      1.9460        47.79
      1.9470        47.95
      1.9480        47.98
      1.9490        47.95
      1.9500        48.03
      1.9510        47.93
      1.9520        47.90
      1.9530        47.91
      1.9540        47.74
      1.9550        47.68
      1.9560        47.63
      1.9570        47.48
      1.9580        47.51
      1.9590        47.36
      1.9600        47.27
      1.9610        47.13
      1.9620        47.05
      1.9630        47.05
      1.9640        46.96
      1.9650        46.90
      1.9660        46.93
      1.9670        46.89
      1.9680        46.85
      1.9690        46.88
      1.9700        46.72
      1.9710        46.69
      1.9720        46.78
      1.9730        46.77
      1.9740        46.81
      1.9750        46.65
      1.9760        46.69
      1.9770        46.71
      1.9780        46.61
      1.9790        46.61
      1.9800        46.61
      1.9810        46.71
      1.9820        46.84
      1.9830        46.74
      1.9840        46.79
      1.9850        46.89
      1.9860        46.96
      1.9870        46.83
      1.9880        46.72
      1.9890        46.46
      1.9900        46.60
      1.9910        46.49
      1.9920        46.34
      1.9930        46.15
      1.9940        46.06
      1.9950        46.18
      1.9960        46.30
      1.9970        46.37
      1.9980        46.56
      1.9990        46.57
      2.0000        46.76
      2.0010        46.73
      2.0020        46.58
      2.0030        46.58
      2.0040        46.74
      2.0050        46.76
      2.0060        46.74
      2.0070        46.84
      2.0080        47.05
      2.0090        47.23
      2.0100        47.16
      2.0110        47.28
      2.0120        47.42
      2.0130        47.60
      2.0140        47.74
      2.0150        47.63
      2.0160        47.52
      2.0170        47.52
      2.0180        47.37
      2.0190        47.25
      2.0200        47.01
      2.0210        46.97
      2.0220        47.12
      2.0230        47.06
      2.0240        46.92
      2.0250        46.82
      2.0260        46.88
      2.0270        46.86
      2.0280        46.77
      2.0290        46.70
      2.0300        46.80
      2.0310        46.71
      2.0320        46.61
      2.0330        46.47
      2.0340        46.35
      2.0350        46.31
      2.0360        46.31
      2.0370        46.31
      2.0380        46.30
      2.0390        46.40
      2.0400        46.58
      2.0410        46.53
      2.0420        46.45
      2.0430        46.53
      2.0440        46.52
      2.0450        46.55
      2.0460        46.45
      2.0470        46.48
      2.0480        46.44
      2.0490        46.39
      2.0500        46.40
      2.0510        46.67
      2.0520        46.72
      2.0530        46.79
      2.0540        46.85
      2.0550        47.03
      2.0560        47.02
      2.0570        46.99
      2.0580        47.09
      2.0590        47.02
      2.0600        46.97
      2.0610        46.98
      2.0620        47.14
      2.0630        47.10
      2.0640        47.09
      2.0650        47.06
      2.0660        47.13
      2.0670        47.23
      2.0680        47.19
      2.0690        47.34
      2.0700        47.34
      2.0710        47.02
      2.0720        46.95
      2.0730        47.06
      2.0740        47.06
      2.0750        47.06
      2.0760        47.06
      2.0770        47.10
      2.0780        47.13
      2.0790        47.13
      2.0800        47.18
      2.0810        47.19
      2.0820        47.11
      2.0830        47.26
      2.0840        47.42
      2.0850        47.60
      2.0860        47.51
      2.0870        47.39
      2.0880        47.51
      2.0890        47.42
      2.0900        47.37
      2.0910        47.55
      2.0920        47.65
      2.0930        47.57
      2.0940        47.67
      2.0950        47.55
      2.0960        47.72
      2.0970        47.77
      2.0980        47.68
      2.0990        47.78
      2.1000        47.65
      2.1010        47.79
      2.1020        47.78
      2.1030        47.70
      2.1040        47.76
      2.1050        47.55
      2.1060        47.62
      2.1070        47.65
      2.1080        47.55
      2.1090        47.41
      2.1100        47.30
      2.1110        47.23
      2.1120        47.10
      2.1130        47.03
      2.1140        46.82
      2.1150        46.76
      2.1160        46.48
      2.1170        46.23
      2.1180        46.21
      2.1190        46.12
      2.1200        45.97
      2.1210        45.83
      2.1220        45.81
      2.1230        45.79
      2.1240        45.49
      2.1250        45.54
      2.1260        45.22
      2.1270        45.07
      2.1280        45.06
      2.1290        45.10
      2.1300        45.09
      2.1310        45.10
      2.1320        45.06
      2.1330        45.05
      2.1340        45.16
      2.1350        45.40
      2.1360        45.54
      2.1370        45.64
      2.1380        45.67
      2.1390        45.72
      2.1400        46.00
      2.1410        46.03
      2.1420        45.97
      2.1430        45.88
      2.1440        46.06
      2.1450        46.10
      2.1460        46.36
      2.1470        46.58
      2.1480        46.66
      2.1490        46.72
      2.1500        46.76
      2.1510        46.80
      2.1520        46.88
      2.1530        47.00
      2.1540        46.92
      2.1550        46.79
      2.1560        46.78
      2.1570        46.83
      2.1580        46.76
      2.1590        46.66
      2.1600        46.49
      2.1610        46.47
      2.1620        46.47
      2.1630        46.45
      2.1640        46.50
      2.1650        46.50
      2.1660        46.51
      2.1670        46.38
      2.1680        46.34
      2.1690        46.38
      2.1700        46.49
      2.1710        46.41
      2.1720        46.47
      2.1730        46.46
      2.1740        46.66
      2.1750        46.86
      2.1760        46.93
      2.1770        46.94
      2.1780        46.99
      2.1790        47.06
      2.1800        47.01
      2.1810        47.01
      2.1820        47.16
      2.1830        47.19
      2.1840        47.12
      2.1850        46.97
      2.1860        46.96
      2.1870        46.89
      2.1880        46.92
      2.1890        46.91
      2.1900        46.81
      2.1910        46.97
      2.1920        46.85
      2.1930        46.76
      2.1940        46.57
      2.1950        46.22
      2.1960        45.98
      2.1970        45.93
      2.1980        45.89
      2.1990        45.96
      2.2000        45.94
      2.2010        45.91
      2.2020        45.71
      2.2030        45.79
      2.2040        45.50
      2.2050        45.66
      2.2060        45.62
      2.2070        45.61
      2.2080        45.64
      2.2090        45.63
      2.2100        45.51
      2.2110        45.37
      2.2120        45.44
      2.2130        45.42
      2.2140        45.58
      2.2150        45.85
      2.2160        46.09
      2.2170        46.18
      2.2180        46.45
      2.2190        46.41
      2.2200        46.52
      2.2210        46.73
      2.2220        46.87
      2.2230        46.89
      2.2240        47.15
      2.2250        47.26
      2.2260        47.27
      2.2270        47.36
      2.2280        47.31
      2.2290        47.50
      2.2300        47.72
      2.2310        47.91
      2.2320        48.02
      2.2330        48.19
      2.2340        47.98
      2.2350        47.90
      2.2360        47.85
      2.2370        47.91
      2.2380        47.89
      2.2390        47.99
      2.2400        48.08
      2.2410        47.95
      2.2420        47.99
      2.2430        48.03
      2.2440        48.12
      2.2450        47.92
      2.2460        47.97
      2.2470        47.93
      2.2480        47.95
      2.2490        47.73
      2.2500        47.65
      2.2510        47.57
      2.2520        47.54
      2.2530        47.53
      2.2540        47.69
      2.2550        47.79
      2.2560        47.92
      2.2570        47.85
      2.2580        47.64
      2.2590        47.57
      2.2600        47.49
      2.2610        47.48
      2.2620        47.44
      2.2630        47.38
      2.2640        47.34
      2.2650        47.30
      2.2660        47.18
      2.2670        47.28
      2.2680        47.33
      2.2690        47.32
      2.2700        47.36
      2.2710        47.32
      2.2720        47.29
      2.2730        47.09
      2.2740        47.12
      2.2750        46.98
      2.2760        46.70
      2.2770        46.61
      2.2780        46.63
      2.2790        46.47
      2.2800        46.38
      2.2810        46.30
      2.2820        46.22
      2.2830        46.22
      2.2840        46.05
      2.2850        46.06
      2.2860        46.12
      2.2870        45.98
      2.2880        45.88
      2.2890        45.97
      2.2900        45.92
      2.2910        45.80
      2.2920        45.70
      2.2930        45.67
      2.2940        45.56
      2.2950        45.61
      2.2960        45.76
      2.2970        45.87
      2.2980        45.94
      2.2990        46.04
      2.3000        45.99
      2.3010        46.04
      2.3020        46.06
      2.3030        46.03
      2.3040        46.20
      2.3050        46.28
      2.3060        46.20
      2.3070        46.16
      2.3080        46.33
      2.3090        46.12
      2.3100        45.99
      2.3110        46.03
      2.3120        45.94
      2.3130        46.13
      2.3140        46.09
      2.3150        46.09
      2.3160        45.90
      2.3170        45.86
      2.3180        45.81
      2.3190        45.66
      2.3200        45.62
      2.3210        45.53
      2.3220        45.42
      2.3230        45.29
      2.3240        45.11
      2.3250        44.91
      2.3260        44.91
      2.3270        45.06
      2.3280        44.79
      2.3290        44.77
      2.3300        44.76
      2.3310        44.77
      2.3320        44.77
      2.3330        44.53
      2.3340        44.53
      2.3350        44.47
      2.3360        44.62
      2.3370        44.58
      2.3380        44.45
      2.3390        44.52
      2.3400        44.61
      2.3410        44.54
      2.3420        44.64
      2.3430        44.72
      2.3440        44.85
      2.3450        44.95
      2.3460        44.93
      2.3470        44.90
      2.3480        45.01
      2.3490        44.91
      2.3500        44.92
      2.3510        44.89
      2.3520        44.76
      2.3530        44.84
      2.3540        44.80
      2.3550        44.64
      2.3560        44.50
      2.3570        44.45
      2.3580        44.37
      2.3590        44.37
      2.3600        44.33
      2.3610        44.37
      2.3620        44.22
      2.3630        43.98
      2.3640        43.89
      2.3650        43.75
      2.3660        43.80
      2.3670        43.74
      2.3680        43.71
      2.3690        43.92
      2.3700        43.92
      2.3710        43.79
      2.3720        43.87
      2.3730        43.82
      2.3740        43.66
      2.3750        43.71
      2.3760        43.55
      2.3770        43.46
      2.3780        43.54
      2.3790        43.52
      2.3800        43.52
      2.3810        43.43
      2.3820        43.51
      2.3830        43.58
      2.3840        43.53
      2.3850        43.63
      2.3860        43.67
      2.3870        43.59
      2.3880        43.47
      2.3890        43.31
      2.3900        43.23
      2.3910        43.29
      2.3920        43.25
      2.3930        43.16
      2.3940        43.20
      2.3950        43.14
      2.3960        43.23
      2.3970        43.15
      2.3980        43.18
      2.3990        43.11
      2.4000        42.95
      2.4010        43.01
      2.4020        42.83
      2.4030        42.90
      2.4040        42.83
      2.4050        42.73
      2.4060        42.44
      2.4070        42.31
      2.4080        42.23
      2.4090        42.20
      2.4100        42.05
      2.4110        41.89
      2.4120        41.77
      2.4130        41.78
      2.4140        41.62
      2.4150        41.53
      2.4160        41.60
      2.4170        41.62
      2.4180        41.47
      2.4190        41.45
      2.4200        41.57
      2.4210        41.46
      2.4220        41.51
      2.4230        41.45
      2.4240        41.54
      2.4250        41.43
      2.4260        41.76
      2.4270        41.81
      2.4280        41.83
      2.4290        41.86
      2.4300        42.03
      2.4310        42.13
      2.4320        42.20
      2.4330        42.24
      2.4340        42.38
      2.4350        42.51
      2.4360        42.34
      2.4370        42.42
      2.4380        42.49
      2.4390        42.35
      2.4400        42.25
      2.4410        42.30
      2.4420        42.27
      2.4430        42.11
      2.4440        41.88
      2.4450        41.80
      2.4460        41.53
      2.4470        41.49
      2.4480        41.41
      2.4490        41.29
      2.4500        41.20
      2.4510        41.21
      2.4520        41.32
      2.4530        41.26
      2.4540        41.24
      2.4550        41.20
      2.4560        41.22
      2.4570        41.13
      2.4580        40.89
      2.4590        40.98
      2.4600        41.01
      2.4610        40.93
      2.4620        40.96
      2.4630        41.08
      2.4640        41.15
      2.4650        41.13
      2.4660        41.32
      2.4670        41.31
      2.4680        41.25
      2.4690        41.28
      2.4700        41.25
      2.4710        41.16
      2.4720        40.96
      2.4730        40.77
      2.4740        40.78
      2.4750        40.66
      2.4760        40.66
      2.4770        40.69
      2.4780        40.67
      2.4790        40.73
      2.4800        40.73
      2.4810        40.76
      2.4820        40.58
      2.4830        40.45
      2.4840        40.49
      2.4850        40.42
      2.4860        40.01
      2.4870        39.83
      2.4880        39.81
      2.4890        39.69
      2.4900        39.58
      2.4910        39.38
      2.4920        39.28
      2.4930        39.28
      2.4940        39.03
      2.4950        38.94
      2.4960        38.85
      2.4970        38.71
      2.4980        38.75
      2.4990        38.45
      2.5000        38.07
      2.5010        37.89
      2.5020        37.91
      2.5030        37.78
      2.5040        37.64
      2.5050        37.75
      2.5060        37.76
      2.5070        37.69
      2.5080        37.59
      2.5090        37.53
      2.5100        37.52
      2.5110        37.55
      2.5120        37.47
      2.5130        37.63
      2.5140        37.59
      2.5150        37.33
      2.5160        37.19
      2.5170        37.12
      2.5180        36.99
      2.5190        37.06
      2.5200        37.10
      2.5210        37.09
      2.5220        37.07
      2.5230        37.05
      2.5240        36.93
      2.5250        36.75
      2.5260        36.60
      2.5270        36.64
      2.5280        36.72
      2.5290        36.59
      2.5300        36.31
      2.5310        36.25
      2.5320        36.20
      2.5330        36.03
      2.5340        35.97
      2.5350        36.02
      2.5360        35.90
      2.5370        35.87
      2.5380        35.86
      2.5390        35.75
      2.5400        35.82
      2.5410        35.74
      2.5420        35.69
      2.5430        35.80
      2.5440        35.84
      2.5450        35.82
      2.5460        35.92
      2.5470        35.97
      2.5480        35.99
      2.5490        36.00
      2.5500        36.12
      2.5510        36.18
      2.5520        36.32
      2.5530        36.23
      2.5540        36.35
      2.5550        36.39
      2.5560        36.63
      2.5570        36.53
      2.5580        36.39
      2.5590        36.40
      2.5600        36.32
      2.5610        36.27
      2.5620        36.12
      2.5630        35.91
      2.5640        35.73
      2.5650        35.61
      2.5660        35.66
      2.5670        35.40
      2.5680        35.14
      2.5690        35.05
      2.5700        34.94
      2.5710        34.78
      2.5720        34.45
      2.5730        34.37
      2.5740        34.07
      2.5750        33.96
      2.5760        33.77
      2.5770        33.57
      2.5780        33.49
      2.5790        33.38
      2.5800        33.38
      2.5810        33.32
      2.5820        33.18
      2.5830        33.05
      2.5840        33.11
      2.5850        33.16
      2.5860        33.04
      2.5870        32.92
      2.5880        32.86
      2.5890        32.85
      2.5900        32.81
      2.5910        32.69
      2.5920        32.66
      2.5930        32.46
      2.5940        32.62
      2.5950        32.49
      2.5960        32.30
      2.5970        32.33
      2.5980        32.26
      2.5990        32.19
      2.6000        32.02
      2.6010        31.92
      2.6020        31.87
      2.6030        31.87
      2.6040        31.59
      2.6050        31.48
      2.6060        31.24
      2.6070        31.08
      2.6080        30.96
      2.6090        30.81
      2.6100        30.69
      2.6110        30.60
      2.6120        30.57
      2.6130        30.64
      2.6140        30.32
      2.6150        30.11
      2.6160        29.99
      2.6170        29.91
      2.6180        29.91
      2.6190        29.60
      2.6200        29.58
      2.6210        29.57
      2.6220        29.38
      2.6230        29.32
      2.6240        29.25
      2.6250        29.12
      2.6260        29.06
      2.6270        29.23
      2.6280        29.25
      2.6290        29.28
      2.6300        29.32
      2.6310        29.34
      2.6320        29.25
      2.6330        29.05
      2.6340        29.21
      2.6350        29.35
      2.6360        29.32
      2.6370        29.20
      2.6380        29.04
      2.6390        29.12
      2.6400        28.86
      2.6410        28.66
      2.6420        28.65
      2.6430        28.45
      2.6440        28.43
      2.6450        28.15
      2.6460        28.05
      2.6470        27.84
      2.6480        27.58
      2.6490        27.33
      2.6500        27.06
      2.6510        26.93
      2.6520        26.73
      2.6530        26.60
      2.6540        26.08
      2.6550        25.91
      2.6560        25.74
      2.6570        25.52
      2.6580        25.39
      2.6590        25.31
      2.6600        25.19
      2.6610        24.98
      2.6620        24.87
      2.6630        24.91
      2.6640        24.73
      2.6650        24.77
      2.6660        24.69
      2.6670        24.59
      2.6680        24.61
      2.6690        24.55
      2.6700        24.52
      2.6710        24.50
      2.6720        24.52
      2.6730        24.47
      2.6740        24.66
      2.6750        24.58
      2.6760        24.53
      2.6770        24.54
      2.6780        24.52
      2.6790        24.55
      2.6800        24.63
      2.6810        24.63
      2.6820        24.68
      2.6830        24.51
      2.6840        24.59
      2.6850        24.56
      2.6860        24.50
      2.6870        24.42
      2.6880        24.26
      2.6890        24.08
      2.6900        23.92
      2.6910        23.60
      2.6920        23.44
      2.6930        23.18
      2.6940        23.04
      2.6950        22.76
      2.6960        22.66
      2.6970        22.65
      2.6980        22.36
      2.6990        22.03
      2.7000        21.74
      2.7010        21.75
      2.7020        21.41
      2.7030        21.23
      2.7040        20.99
      2.7050        20.94
      2.7060        20.70
      2.7070        20.48
      2.7080        20.37
      2.7090        20.33
      2.7100        20.31
      2.7110        20.28
      2.7120        20.15
      2.7130        20.22
      2.7140        20.12
      2.7150        20.17
      2.7160        20.08
      2.7170        19.85
      2.7180        19.82
      2.7190        19.70
      2.7200        19.59
      2.7210        19.38
      2.7220        19.34
      2.7230        19.18
      2.7240        18.95
      2.7250        18.68
      2.7260        18.68
      2.7270        18.64
      2.7280        18.47
      2.7290        17.72
      2.7300        17.29
      2.7310        17.24
      2.7320        17.06
      2.7330        16.77
      2.7340        16.54
      2.7350        16.36
      2.7360        16.64
      2.7370        15.94
      2.7380        15.73
      2.7390        15.56
      2.7400        15.45
      2.7410        15.28
      2.7420        15.06
      2.7430        14.88
      2.7440        14.77
      2.7450        14.56
      2.7460        14.30
      2.7470        14.63
      2.7480        14.31
      2.7490        14.24
      2.7500        14.25
      2.7510        14.09
      2.7520        13.80
      2.7530        13.33
      2.7540        13.81
      2.7550        13.61
      2.7560        13.52
      2.7570        13.59
      2.7580        13.64
      2.7590        13.66
      2.7600        13.51
      2.7610        13.49
      2.7620        13.42
      2.7630        13.35
      2.7640        13.16
      2.7650        13.22
      2.7660        13.08
      2.7670        13.08
      2.7680        13.20
      2.7690        13.02
      2.7700        12.92
      2.7710        12.84
      2.7720        12.83
      2.7730        12.61
      2.7740        12.44
      2.7750        12.32
      2.7760        12.10
      2.7770        11.86
      2.7780        11.75
      2.7790        11.53
      2.7800        11.38
      2.7810        11.34
      2.7820        11.09
      2.7830        10.93
      2.7840        10.83
      2.7850        10.61
      2.7860        10.48
      2.7870         9.71
      2.7880         9.47
      2.7890         9.41
      2.7900         9.40
      2.7910         9.16
      2.7920         9.05
      2.7930         9.04
      2.7940         9.04
      2.7950         9.00
      2.7960         8.88
      2.7970         8.77
      2.7980         8.64
      2.7990         8.57
      2.8000         8.50
      2.8010         8.30
      2.8020         8.29
      2.8030         8.21
      2.8040         8.18
      2.8050         8.18
      2.8060         8.13
      2.8070         8.17
      2.8080         8.24
      2.8090         8.25
      2.8100         8.01
      2.8110         8.02
      2.8120         7.94
      2.8130         7.82
      2.8140         7.66
      2.8150         7.60
      2.8160         7.38
      2.8170         7.26
      2.8180         7.19
      2.8190         7.15
      2.8200         7.14
      2.8210         7.11
      2.8220         6.93
      2.8230         6.83
      2.8240         6.70
      2.8250         6.54
      2.8260         6.50
      2.8270         6.23
      2.8280         6.07
      2.8290         6.02
      2.8300         6.07
      2.8310         6.06
      2.8320         6.14
      2.8330         6.06
      2.8340         5.90
      2.8350         5.71
      2.8360         5.78
      2.8370         5.71
      2.8380         5.70
      2.8390         5.54
      2.8400         5.53
      2.8410         5.42
      2.8420         5.49
      2.8430         5.53
      2.8440         5.34
      2.8450         5.34
      2.8460         5.22
      2.8470         5.26
      2.8480         5.25
      2.8490         5.06
      2.8500         4.91
      2.8510         4.77
      2.8520         4.59
      2.8530         4.54
      2.8540         4.45
      2.8550         4.35
      2.8560         4.21
      2.8570         4.12
      2.8580         4.05
      2.8590         3.97
      2.8600         3.76
      2.8610         3.66
      2.8620         3.45
      2.8630         3.38
      2.8640         3.41
      2.8650         3.14
      2.8660         3.00
      2.8670         2.36
      2.8680         2.88
      2.8690         2.77
      2.8700         2.67
      2.8710         2.73
      2.8720         2.25
      2.8730         2.17
      2.8740         2.73
      2.8750         2.21
      2.8760         2.21
      2.8770         2.57
      2.8780         1.46
      2.8790         2.43
      2.8800         2.43
      2.8810         2.38
      2.8820         2.41
      2.8830         2.26
      2.8840         1.67
      2.8850         1.68
      2.8860         1.76
      2.8870         2.29
      2.8880         2.17
      2.8890         2.14
      2.8900         2.23
      2.8910         1.60
      2.8920         1.98
      2.8930         1.98
      2.8940         1.90
      2.8950         1.95
      2.8960         1.75
      2.8970         1.31
      2.8980         1.30
      2.8990         1.30
      2.9000         1.23
      2.9010         1.19
      2.9020         1.07
      2.9030         1.09
      2.9040         1.06
      2.9050         1.00
      2.9060         1.00
      2.9070         1.00
      2.9080         1.00
      2.9090         1.00
      2.9100         1.00
      2.9110         1.00
      2.9120         1.00
      2.9130         1.00
      2.9140         1.00
      2.9150         1.00
      2.9160         1.00
      2.9170         1.00
      2.9180         1.00
      2.9190         1.00
      2.9200         1.00
      2.9210         1.00
      2.9220         1.00
      2.9230         1.00
      2.9240         1.00
      2.9250         1.00
      2.9260         1.00
      2.9270         1.00
      2.9280         1.00
      2.9290         1.00
      2.9300         1.00
      2.9310         1.00
      2.9320         1.00
      2.9330         1.00
      2.9340         1.00
      2.9350         1.00
      2.9360         1.00
      2.9370         1.00
      2.9380         1.00
      2.9390         1.00
      2.9400         1.00
      2.9410         1.00
      2.9420         1.00
      2.9430         1.00
      2.9440         1.00
      2.9450         1.00
      2.9460         1.00
      2.9470         1.00
      2.9480         1.00
      2.9490         1.00
      2.9500         1.00
      2.9510         1.00
      2.9520         1.00
      2.9530         1.00
      2.9540         1.00
      2.9550         1.00
      2.9560         1.00
      2.9570         1.00
      2.9580         1.00
      2.9590         1.00
      2.9600         1.00
      2.9610         1.00
      2.9620         1.00
      2.9630         1.00
      2.9640         1.00
      2.9650         1.00
      2.9660         1.00
      2.9670         1.00
      2.9680         1.00
      2.9690         1.00
      2.9700         1.00
      2.9710         1.00
      2.9720         1.00
      2.9730         1.00
      2.9740         1.00
      2.9750         1.00
      2.9760         1.00
      2.9770         1.00
      2.9780         1.00
      2.9790         1.00
      2.9800         1.00
      2.9810         1.00
      2.9820         1.00
      2.9830         1.00
      2.9840         1.00
      2.9850         1.00
      2.9860         1.00
      2.9870         1.00
      2.9880         1.00
      2.9890         1.00
      2.9900         1.00
      2.9910         1.00
      2.9920         1.00
      2.9930         1.00
      2.9940         1.00
      2.9950         1.00
      2.9960         1.00
      2.9970         1.00
      2.9980         1.00
      2.9990         1.00
