        Time   Palpation Force
      0.0000         1.00
      0.0010         1.00
      0.0020         1.00
      0.0030         1.00
      0.0040         1.00
      0.0050         1.00
      0.0060         1.00
      0.0070         1.00
      0.0080         1.00
      0.0090         1.00
      0.0100         1.00
      0.0110         1.00
      0.0120         1.00
      0.0130         1.00
      0.0140         1.00
      0.0150         1.00
      0.0160         1.00
      0.0170         1.00
      0.0180         1.00
      0.0190         1.00
      0.0200         1.00
      0.0210         1.00
      0.0220         1.00
      0.0230         1.00
      0.0240         1.00
      0.0250         1.00
      0.0260         1.00
      0.0270         1.00
      0.0280         1.00
      0.0290         1.00
      0.0300         1.00
      0.0310         1.00
      0.0320         1.00
      0.0330         1.00
      0.0340         1.00
      0.0350         1.00
      0.0360         1.00
      0.0370         1.00
      0.0380         1.00
      0.0390         1.00
      0.0400         1.00
      0.0410         1.00
      0.0420         1.00
      0.0430         1.00
      0.0440         1.00
      0.0450         1.00
      0.0460         1.00
      0.0470         1.00
      0.0480         1.00
      0.0490         1.00
      0.0500         1.00
      0.0510         1.00
      0.0520         1.00
      0.0530         1.00
      0.0540         1.00
      0.0550         1.00
      0.0560         1.00
      0.0570         1.00
      0.0580         1.00
      0.0590         1.00
      0.0600         1.00
      0.0610         1.00
      0.0620         1.00
      0.0630         1.00
      0.0640         1.00
      0.0650         1.00
      0.0660         1.00
      0.0670         1.00
      0.0680         1.00
      0.0690         1.00
      0.0700         1.00
      0.0710         1.00
      0.0720         1.00
      0.0730         1.00
      0.0740         1.00
      0.0750         1.00
      0.0760         1.00
      0.0770         1.00
      0.0780         1.00
      0.0790         1.00
      0.0800         1.00
      0.0810         1.00
      0.0820         1.00
      0.0830         1.00
      0.0840         1.00
      0.0850         1.00
      0.0860         1.00
      0.0870         1.00
      0.0880         1.00
      0.0890         1.00
      0.0900         1.00
      0.0910         1.00
      0.0920         1.00
      0.0930         1.00
      0.0940         1.00
      0.0950         1.00
      0.0960         1.00
      0.0970         1.00
      0.0980         1.00
      0.0990         1.00
      0.1000         1.00
      0.1010         1.00
      0.1020         1.00
      0.1030         1.00
      0.1040         1.00
      0.1050         1.00
      0.1060         1.00
      0.1070         1.00
      0.1080         1.00
      0.1090         1.00
      0.1100         1.00
      0.1110         1.00
      0.1120         1.00
      0.1130         1.00
      0.1140         1.00
      0.1150         1.00
      0.1160         1.00
      0.1170         1.00
      0.1180         1.00
      0.1190         1.00
      0.1200         1.00
      0.1210         1.00
      0.1220         1.00
      0.1230         1.00
      0.1240         1.00
      0.1250         1.00
      0.1260         1.00
      0.1270         1.00
      0.1280         1.00
      0.1290         1.00
      0.1300         1.00
      0.1310         1.00
      0.1320         1.00
      0.1330         1.00
      0.1340         1.00
      0.1350         1.00
      0.1360         1.00
      0.1370         1.00
      0.1380         1.00
      0.1390         1.00
      0.1400         1.00
      0.1410         1.00
      0.1420         1.00
      0.1430         1.00
      0.1440         1.00
      0.1450         1.00
      0.1460         1.00
      0.1470         1.00
      0.1480         1.00
      0.1490         1.00
      0.1500         1.00
      0.1510         1.00
      0.1520         1.00
      0.1530         1.00
      0.1540         1.00
      0.1550         1.00
      0.1560         1.00
      0.1570         1.00
      0.1580         1.00
      0.1590         1.00
      0.1600         1.00
      0.1610         1.00
      0.1620         1.00
      0.1630         1.00
      0.1640         1.00
      0.1650         1.00
      0.1660         1.00
      0.1670         1.00
      0.1680         1.00
      0.1690         1.00
      0.1700         1.00
      0.1710         1.00
      0.1720         1.00
      0.1730         1.00
      0.1740         1.00
      0.1750         1.00
      0.1760         1.00
      0.1770         1.00
      0.1780         1.00
      0.1790         1.00
      0.1800         1.00
      0.1810         1.00
      0.1820         1.00
      0.1830         1.00
      0.1840         1.00
      0.1850         1.00
      0.1860         1.00
      0.1870         1.00
      0.1880         1.00
      0.1890         1.00
      0.1900         1.00
      0.1910         1.00
      0.1920         1.00
      0.1930         1.00
      0.1940         1.00
      0.1950         1.00
      0.1960         1.00
      0.1970         1.00
      0.1980         1.00
      0.1990         1.00
      0.2000         1.00
      0.2010         1.00
      0.2020         1.00
      0.2030         1.00
      0.2040         1.00
      0.2050         1.00
      0.2060         1.00
      0.2070         1.00
      0.2080         1.00
      0.2090         1.00
      0.2100         1.00
      0.2110         1.00
      0.2120         1.00
      0.2130         1.00
      0.2140         1.00
      0.2150         1.00
      0.2160         1.00
      0.2170         1.00
      0.2180         1.00
      0.2190         1.00
      0.2200         1.00
      0.2210         1.00
      0.2220         1.00
      0.2230         1.00
      0.2240         1.00
      0.2250         1.00
      0.2260         1.00
      0.2270         1.00
      0.2280         1.00
      0.2290         1.00
      0.2300         1.00
      0.2310         1.00
      0.2320         1.00
      0.2330         1.00
      0.2340         1.00
      0.2350         1.00
      0.2360         1.00
      0.2370         1.00
      0.2380         1.00
      0.2390         1.00
      0.2400         1.00
      0.2410         1.00
      0.2420         1.00
      0.2430         1.00
      0.2440         1.00
      0.2450         1.00
      0.2460         1.00
      0.2470         1.00
      0.2480         1.00
      0.2490         1.00
      0.2500         1.00
      0.2510         1.00
      0.2520         1.00
      0.2530         1.00
      0.2540         1.00
      0.2550         1.00
      0.2560         1.00
      0.2570         1.00
      0.2580         1.00
      0.2590         1.00
      0.2600         1.00
      0.2610         1.00
      0.2620         1.00
      0.2630         1.00
      0.2640         1.00
      0.2650         1.00
      0.2660         1.00
      0.2670         1.00
      0.2680         1.00
      0.2690         1.00
      0.2700         1.00
      0.2710         1.00
      0.2720         1.00
      0.2730         1.00
      0.2740         1.00
      0.2750         1.00
      0.2760         1.00
      0.2770         1.00
      0.2780         1.00
      0.2790         1.00
      0.2800         1.00
      0.2810         1.00
      0.2820         1.00
      0.2830         1.00
      0.2840         1.00
      0.2850         1.00
      0.2860         1.00
      0.2870         1.00
      0.2880         1.00
      0.2890         1.00
      0.2900         1.00
      0.2910         1.00
      0.2920         1.00
      0.2930         1.00
      0.2940         1.00
      0.2950         1.00
      0.2960         1.00
      0.2970         1.00
      0.2980         1.00
      0.2990         1.00
      0.3000         1.00
      0.3010         1.00
      0.3020         1.00
      0.3030         1.00
      0.3040         1.00
      0.3050         1.00
      0.3060         1.00
      0.3070         1.00
      0.3080         1.00
      0.3090         1.00
      0.3100         1.00
      0.3110         1.00
      0.3120         1.00
      0.3130         1.00
      0.3140         1.00
      0.3150         1.00
      0.3160         1.00
      0.3170         1.00
      0.3180         1.00
      0.3190         1.00
      0.3200         1.00
      0.3210         1.00
      0.3220         1.00
      0.3230         1.00
      0.3240         1.00
      0.3250         1.00
      0.3260         1.00
      0.3270         1.00
      0.3280         1.00
      0.3290         1.00
      0.3300         1.00
      0.3310         1.00
      0.3320         1.00
      0.3330         1.00
      0.3340         1.00
      0.3350         1.00
      0.3360         1.00
      0.3370         1.00
      0.3380         1.00
      0.3390         1.00
      0.3400         1.00
      0.3410         1.00
      0.3420         1.00
      0.3430         1.00
      0.3440         1.00
      0.3450         1.00
      0.3460         1.00
      0.3470         1.00
      0.3480         1.00
      0.3490         1.00
      0.3500         1.00
      0.3510         1.00
      0.3520         1.00
      0.3530         1.00
      0.3540         1.00
      0.3550         1.00
      0.3560         1.00
      0.3570         1.00
      0.3580         1.00
      0.3590         1.00
      0.3600         1.00
      0.3610         1.00
      0.3620         1.00
      0.3630         1.00
      0.3640         1.00
      0.3650         1.00
      0.3660         1.00
      0.3670         1.00
      0.3680         1.00
      0.3690         1.00
      0.3700         1.00
      0.3710         1.00
      0.3720         1.00
      0.3730         1.00
      0.3740         1.00
      0.3750         1.00
      0.3760         1.00
      0.3770         1.00
      0.3780         1.00
      0.3790         1.00
      0.3800         1.00
      0.3810         1.00
      0.3820         1.00
      0.3830         1.00
      0.3840         1.00
      0.3850         1.00
      0.3860         1.00
      0.3870         1.00
      0.3880         1.00
      0.3890         1.00
      0.3900         1.00
      0.3910         1.00
      0.3920         1.00
      0.3930         1.00
      0.3940         1.00
      0.3950         1.00
      0.3960         1.00
      0.3970         1.00
      0.3980         1.00
      0.3990         1.00
      0.4000         1.00
      0.4010         1.00
      0.4020         1.00
      0.4030         1.00
      0.4040         1.00
      0.4050         1.00
      0.4060         1.00
      0.4070         1.00
      0.4080         1.00
      0.4090         1.00
      0.4100         1.00
      0.4110         1.00
      0.4120         1.00
      0.4130         1.00
      0.4140         1.00
      0.4150         1.00
      0.4160         1.00
      0.4170         1.00
      0.4180         1.00
      0.4190         1.00
      0.4200         1.00
      0.4210         1.00
      0.4220         1.00
      0.4230         1.00
      0.4240         1.00
      0.4250         1.00
      0.4260         1.00
      0.4270         1.00
      0.4280         1.00
      0.4290         1.00
      0.4300         1.00
      0.4310         1.00
      0.4320         1.00
      0.4330         1.00
      0.4340         1.00
      0.4350         1.00
      0.4360         1.00
      0.4370         1.00
      0.4380         1.00
      0.4390         1.00
      0.4400         1.00
      0.4410         1.00
      0.4420         1.00
      0.4430         1.00
      0.4440         1.00
      0.4450         1.00
      0.4460         1.00
      0.4470         1.00
      0.4480         1.00
      0.4490         1.00
      0.4500         1.00
      0.4510         1.00
      0.4520         1.00
      0.4530         1.00
      0.4540         1.00
      0.4550         1.00
      0.4560         1.00
      0.4570         1.00
      0.4580         1.00
      0.4590         1.00
      0.4600         1.00
      0.4610         1.00
      0.4620         1.00
      0.4630         1.00
      0.4640         1.00
      0.4650         1.00
      0.4660         1.00
      0.4670         1.00
      0.4680         1.00
      0.4690         1.00
      0.4700         1.00
      0.4710         1.00
      0.4720         1.00
      0.4730         1.00
      0.4740         1.00
      0.4750         1.00
      0.4760         1.00
      0.4770         1.00
      0.4780         1.00
      0.4790         1.00
      0.4800         1.00
      0.4810         1.00
      0.4820         1.00
      0.4830         1.00
      0.4840         1.00
      0.4850         1.00
      0.4860         1.00
      0.4870         1.00
      0.4880         1.00
      0.4890         1.00
      0.4900         1.00
      0.4910         1.00
      0.4920         1.00
      0.4930         1.00
      0.4940         1.00
      0.4950         1.00
      0.4960         1.00
      0.4970         1.00
      0.4980         1.00
      0.4990         1.00
      0.5000         1.00
      0.5010         1.00
      0.5020         1.00
      0.5030         1.00
      0.5040         1.00
      0.5050         1.00
      0.5060         1.00
      0.5070         1.00
      0.5080         1.00
      0.5090         1.00
      0.5100         1.00
      0.5110         1.00
      0.5120         1.00
      0.5130         1.00
      0.5140         1.00
      0.5150         1.00
      0.5160         1.00
      0.5170         1.00
      0.5180         1.00
      0.5190         1.00
      0.5200         1.00
      0.5210         1.00
      0.5220         1.00
      0.5230         1.00
      0.5240         1.00
      0.5250         1.00
      0.5260         1.00
      0.5270         1.00
      0.5280         1.00
      0.5290         1.00
      0.5300         1.00
      0.5310         1.00
      0.5320         1.00
      0.5330         1.00
      0.5340         1.00
      0.5350         1.00
      0.5360         1.00
      0.5370         1.00
      0.5380         1.00
      0.5390         1.00
      0.5400         1.00
      0.5410         1.00
      0.5420         1.00
      0.5430         1.00
      0.5440         1.00
      0.5450         1.00
      0.5460         1.00
      0.5470         1.00
      0.5480         1.00
      0.5490         1.00
      0.5500         1.00
      0.5510         1.00
      0.5520         1.00
      0.5530         1.00
      0.5540         1.00
      0.5550         1.00
      0.5560         1.00
      0.5570         1.00
      0.5580         1.00
      0.5590         1.00
      0.5600         1.00
      0.5610         1.00
      0.5620         1.00
      0.5630         1.00
      0.5640         1.00
      0.5650         1.00
      0.5660         1.00
      0.5670         1.00
      0.5680         1.00
      0.5690         1.00
      0.5700         1.00
      0.5710         1.00
      0.5720         1.00
      0.5730         1.00
      0.5740         1.00
      0.5750         1.00
      0.5760         1.00
      0.5770         1.00
      0.5780         1.00
      0.5790         1.00
      0.5800         1.00
      0.5810         1.00
      0.5820         1.00
      0.5830         1.00
      0.5840         1.00
      0.5850         1.00
      0.5860         1.00
      0.5870         1.00
      0.5880         1.00
      0.5890         1.00
      0.5900         1.00
      0.5910         1.00
      0.5920         1.00
      0.5930         1.00
      0.5940         1.00
      0.5950         1.00
      0.5960         1.00
      0.5970         1.00
      0.5980         1.00
      0.5990         1.00
      0.6000         1.00
      0.6010         1.00
      0.6020         1.00
      0.6030         1.00
      0.6040         1.00
      0.6050         1.00
      0.6060         1.00
      0.6070         1.00
      0.6080         1.00
      0.6090         1.00
      0.6100         1.00
      0.6110         1.00
      0.6120         1.00
      0.6130         1.00
      0.6140         1.00
      0.6150         1.00
      0.6160         1.00
      0.6170         1.05
      0.6180         1.17
      0.6190         1.13
      0.6200         1.17
      0.6210         1.16
      0.6220         1.13
      0.6230         1.08
      0.6240         1.23
      0.6250         1.38
      0.6260         1.42
      0.6270         1.50
      0.6280         1.61
      0.6290         1.57
      0.6300         1.45
      0.6310         1.41
      0.6320         1.37
      0.6330         1.33
      0.6340         1.33
      0.6350         1.26
      0.6360         1.27
      0.6370         1.29
      0.6380         1.31
      0.6390         1.43
      0.6400         1.43
      0.6410         1.52
      0.6420         1.46
      0.6430         1.43
      0.6440         1.38
      0.6450         1.28
      0.6460         1.20
      0.6470         1.00
      0.6480         1.00
      0.6490         1.00
      0.6500         1.00
      0.6510         1.00
      0.6520         1.00
      0.6530         1.00
      0.6540         1.27
      0.6550         1.31
      0.6560         1.30
      0.6570         1.42
      0.6580         1.50
      0.6590         1.48
      0.6600         2.07
      0.6610         2.06
      0.6620         2.83
      0.6630         3.01
      0.6640         3.27
      0.6650         3.59
      0.6660         3.76
      0.6670         3.87
      0.6680         4.14
      0.6690         4.07
      0.6700         4.32
      0.6710         4.52
      0.6720         4.65
      0.6730         4.85
      0.6740         5.02
      0.6750         5.11
      0.6760         5.27
      0.6770         5.52
      0.6780         5.74
      0.6790         5.75
      0.6800         5.76
      0.6810         5.93
      0.6820         5.99
      0.6830         6.03
      0.6840         5.90
      0.6850         5.98
      0.6860         6.13
      0.6870         6.32
      0.6880         6.29
      0.6890         6.64
      0.6900         6.60
      0.6910         6.80
      0.6920         6.91
      0.6930         7.10
      0.6940         7.26
      0.6950         7.46
      0.6960         7.61
      0.6970         7.84
      0.6980         7.97
      0.6990         8.12
      0.7000         8.24
      0.7010         8.47
      0.7020         8.52
      0.7030         8.83
      0.7040         9.12
      0.7050         9.34
      0.7060         9.38
      0.7070         9.54
      0.7080         9.85
      0.7090         9.96
      0.7100        10.24
      0.7110        10.44
      0.7120        10.74
      0.7130        10.80
      0.7140        10.74
      0.7150        10.75
      0.7160        11.03
      0.7170        11.02
      0.7180        11.14
      0.7190        11.17
      0.7200        11.30
      0.7210        11.34
      0.7220        11.46
      0.7230        11.45
      0.7240        11.45
      0.7250        11.50
      0.7260        11.77
      0.7270        11.79
      0.7280        11.86
      0.7290        11.93
      0.7300        11.96
      0.7310        11.96
      0.7320        11.93
      0.7330        12.09
      0.7340        12.53
      0.7350        12.75
      0.7360        12.80
      0.7370        12.87
      0.7380        12.92
      0.7390        13.14
      0.7400        13.57
      0.7410        13.84
      0.7420        14.13
      0.7430        14.37
      0.7440        14.72
      0.7450        15.03
      0.7460        15.26
      0.7470        15.50
      0.7480        15.72
      0.7490        15.80
      0.7500        16.15
      0.7510        16.32
      0.7520        16.63
      0.7530        17.03
      0.7540        17.11
      0.7550        17.33
      0.7560        17.58
      0.7570        17.94
      0.7580        18.18
      0.7590        18.43
      0.7600        18.43
      0.7610        18.60
      0.7620        18.74
      0.7630        19.06
      0.7640        19.26
      0.7650        19.27
      0.7660        19.43
      0.7670        19.58
      0.7680        19.77
      0.7690        20.12
      0.7700        20.18
      0.7710        20.31
      0.7720        20.39
      0.7730        20.47
      0.7740        20.53
      0.7750        20.72
      0.7760        20.77
      0.7770        20.91
      0.7780        21.15
      0.7790        21.46
      0.7800        21.65
      0.7810        21.82
      0.7820        22.22
      0.7830        22.33
      0.7840        22.52
      0.7850        22.75
      0.7860        22.79
      0.7870        22.94
      0.7880        23.26
      0.7890        23.49
      0.7900        23.57
      0.7910        24.11
      0.7920        24.40
      0.7930        24.50
      0.7940        24.83
      0.7950        25.03
      0.7960        25.26
      0.7970        25.42
      0.7980        25.65
      0.7990        25.88
      0.8000        26.11
      0.8010        26.42
      0.8020        26.55
      0.8030        26.71
      0.8040        26.78
      0.8050        27.08
      0.8060        27.46
      0.8070        27.51
      0.8080        27.60
      0.8090        27.82
      0.8100        28.18
      0.8110        28.13
      0.8120        28.39
      0.8130        28.65
      0.8140        28.82
      0.8150        29.01
      0.8160        29.16
      0.8170        29.33
      0.8180        29.27
      0.8190        29.39
      0.8200        29.64
      0.8210        29.72
      0.8220        29.82
      0.8230        29.90
      0.8240        30.21
      0.8250        30.32
      0.8260        30.51
      0.8270        30.93
      0.8280        31.07
      0.8290        31.14
      0.8300        31.28
      0.8310        31.43
      0.8320        31.49
      0.8330        31.61
      0.8340        31.90
      0.8350        32.08
      0.8360        32.36
      0.8370        32.49
      0.8380        32.91
      0.8390        33.17
      0.8400        33.27
      0.8410        33.42
      0.8420        33.57
      0.8430        33.88
      0.8440        33.92
      0.8450        34.03
      0.8460        34.01
      0.8470        34.06
      0.8480        34.20
      0.8490        34.44
      0.8500        34.56
      0.8510        34.63
      0.8520        34.84
      0.8530        35.10
      0.8540        35.10
      0.8550        35.33
      0.8560        35.64
      0.8570        35.91
      0.8580        35.89
      0.8590        35.89
      0.8600        36.11
      0.8610        36.34
      0.8620        36.67
      0.8630        36.87
      0.8640        37.28
      0.8650        37.55
      0.8660        37.83
      0.8670        38.16
      0.8680        38.39
      0.8690        38.50
      0.8700        38.79
      0.8710        39.21
      0.8720        39.43
      0.8730        39.64
      0.8740        39.90
      0.8750        40.09
      0.8760        40.09
      0.8770        40.29
      0.8780        40.58
      0.8790        40.78
      0.8800        40.87
      0.8810        40.97
      0.8820        41.02
      0.8830        41.14
      0.8840        41.10
      0.8850        41.11
      0.8860        41.14
      0.8870        41.29
      0.8880        41.38
      0.8890        41.55
      0.8900        41.69
      0.8910        41.67
      0.8920        41.68
      0.8930        41.74
      0.8940        41.84
      0.8950        41.81
      0.8960        41.79
      0.8970        41.74
      0.8980        41.62
      0.8990        41.62
      0.9000        41.66
      0.9010        41.69
      0.9020        41.70
      0.9030        41.59
      0.9040        41.72
      0.9050        41.88
      0.9060        42.05
      0.9070        42.11
      0.9080        42.25
      0.9090        42.32
      0.9100        42.24
      0.9110        42.44
      0.9120        42.64
      0.9130        42.60
      0.9140        42.73
      0.9150        42.82
      0.9160        42.90
      0.9170        43.14
      0.9180        43.44
      0.9190        43.61
      0.9200        43.92
      0.9210        44.19
      0.9220        44.29
      0.9230        44.60
      0.9240        44.70
      0.9250        44.90
      0.9260        45.02
      0.9270        45.05
      0.9280        45.18
      0.9290        45.46
      0.9300        45.57
      0.9310        45.64
      0.9320        45.80
      0.9330        46.04
      0.9340        45.96
      0.9350        46.24
      0.9360        46.51
      0.9370        46.71
      0.9380        46.96
      0.9390        47.34
      0.9400        47.47
      0.9410        47.65
      0.9420        47.98
      0.9430        48.15
      0.9440        48.49
      0.9450        48.78
      0.9460        49.12
      0.9470        49.36
      0.9480        49.68
      0.9490        49.95
      0.9500        50.45
      0.9510        50.88
      0.9520        51.24
      0.9530        51.60
      0.9540        52.05
      0.9550        52.30
      0.9560        52.53
      0.9570        52.85
      0.9580        53.07
      0.9590        53.25
      0.9600        53.50
      0.9610        53.74
      0.9620        54.10
      0.9630        54.25
      0.9640        54.53
      0.9650        54.65
      0.9660        54.77
      0.9670        55.08
      0.9680        55.23
      0.9690        55.20
      0.9700        55.10
      0.9710        55.00
      0.9720        55.03
      0.9730        54.94
      0.9740        55.15
      0.9750        55.28
      0.9760        55.43
      0.9770        55.44
      0.9780        55.51
      0.9790        55.54
      0.9800        55.59
      0.9810        55.81
      0.9820        55.66
      0.9830        55.97
      0.9840        55.96
      0.9850        55.92
      0.9860        55.97
      0.9870        56.06
      0.9880        56.11
      0.9890        56.45
      0.9900        56.93
      0.9910        57.20
      0.9920        57.40
      0.9930        57.86
      0.9940        58.03
      0.9950        58.25
      0.9960        58.51
      0.9970        58.76
      0.9980        58.94
      0.9990        59.25
      1.0000        59.36
      1.0010        59.52
      1.0020        59.83
      1.0030        59.95
      1.0040        60.43
      1.0050        60.80
      1.0060        61.20
      1.0070        61.44
      1.0080        61.82
      1.0090        62.03
      1.0100        62.11
      1.0110        62.39
      1.0120        62.68
      1.0130        62.78
      1.0140        62.94
      1.0150        63.23
      1.0160        63.43
      1.0170        63.59
      1.0180        63.86
      1.0190        64.05
      1.0200        64.53
      1.0210        64.84
      1.0220        65.17
      1.0230        65.51
      1.0240        65.53
      1.0250        65.91
      1.0260        66.19
      1.0270        66.47
      1.0280        66.74
      1.0290        66.93
      1.0300        67.22
      1.0310        67.64
      1.0320        67.80
      1.0330        68.15
      1.0340        68.46
      1.0350        68.57
      1.0360        68.79
      1.0370        69.20
      1.0380        69.50
      1.0390        69.69
      1.0400        69.76
      1.0410        69.96
      1.0420        70.03
      1.0430        70.11
      1.0440        70.36
      1.0450        70.28
      1.0460        70.31
      1.0470        70.24
      1.0480        70.28
      1.0490        70.32
      1.0500        70.32
      1.0510        70.11
      1.0520        70.28
      1.0530        70.21
      1.0540        70.16
      1.0550        70.20
      1.0560        70.21
      1.0570        70.11
      1.0580        70.10
      1.0590        69.99
      1.0600        69.95
      1.0610        69.82
      1.0620        69.95
      1.0630        69.96
      1.0640        69.98
      1.0650        70.15
      1.0660        70.15
      1.0670        70.39
      1.0680        70.55
      1.0690        70.64
      1.0700        70.82
      1.0710        71.09
      1.0720        71.28
      1.0730        71.44
      1.0740        71.65
      1.0750        71.73
      1.0760        71.99
      1.0770        72.13
      1.0780        72.28
      1.0790        72.70
      1.0800        72.90
      1.0810        73.03
      1.0820        73.09
      1.0830        73.42
      1.0840        73.39
      1.0850        73.61
      1.0860        73.82
      1.0870        73.96
      1.0880        73.99
      1.0890        74.23
      1.0900        74.44
      1.0910        74.60
      1.0920        74.56
      1.0930        74.67
      1.0940        74.82
      1.0950        75.06
      1.0960        75.29
      1.0970        75.56
      1.0980        75.85
      1.0990        75.89
      1.1000        76.22
      1.1010        76.46
      1.1020        76.60
      1.1030        76.67
      1.1040        76.95
      1.1050        77.03
      1.1060        77.31
      1.1070        77.49
      1.1080        77.69
      1.1090        77.85
      1.1100        77.99
      1.1110        77.96
      1.1120        78.18
      1.1130        78.32
      1.1140        78.49
      1.1150        78.57
      1.1160        78.62
      1.1170        78.73
      1.1180        78.61
      1.1190        78.86
      1.1200        78.98
      1.1210        79.08
      1.1220        79.24
      1.1230        79.37
      1.1240        79.53
      1.1250        79.61
      1.1260        79.69
      1.1270        79.64
      1.1280        79.68
      1.1290        79.69
      1.1300        79.86
      1.1310        80.07
      1.1320        80.18
      1.1330        80.29
      1.1340        80.26
      1.1350        80.47
      1.1360        80.50
      1.1370        80.62
      1.1380        80.72
      1.1390        80.84
      1.1400        80.87
      1.1410        80.95
      1.1420        81.08
      1.1430        81.03
      1.1440        81.07
      1.1450        81.31
      1.1460        81.36
      1.1470        81.62
      1.1480        81.81
      1.1490        81.98
      1.1500        81.87
      1.1510        81.97
      1.1520        82.07
      1.1530        82.19
      1.1540        82.37
      1.1550        82.46
      1.1560        82.69
      1.1570        82.69
      1.1580        83.01
      1.1590        83.03
      1.1600        83.22
      1.1610        83.45
      1.1620        83.71
      1.1630        83.92
      1.1640        84.12
      1.1650        84.18
      1.1660        84.31
      1.1670        84.40
      1.1680        84.43
      1.1690        84.59
      1.1700        84.73
      1.1710        84.82
      1.1720        84.77
      1.1730        84.77
      1.1740        84.90
      1.1750        84.92
      1.1760        84.92
      1.1770        84.96
      1.1780        84.96
      1.1790        84.80
      1.1800        84.72
      1.1810        84.64
      1.1820        84.40
      1.1830        84.44
      1.1840        84.26
      1.1850        84.39
      1.1860        84.44
      1.1870        84.43
      1.1880        84.44
      1.1890        84.36
      1.1900        84.27
      1.1910        84.16
      1.1920        84.25
      1.1930        84.35
      1.1940        84.36
      1.1950        84.43
      1.1960        84.47
      1.1970        84.51
      1.1980        84.44
      1.1990        84.67
      1.2000        84.62
      1.2010        84.70
      1.2020        84.96
      1.2030        85.02
      1.2040        85.31
      1.2050        85.29
      1.2060        85.26
      1.2070        85.29
      1.2080        85.38
      1.2090        85.39
      1.2100        85.55
      1.2110        85.90
      1.2120        86.02
      1.2130        86.18
      1.2140        86.21
      1.2150        86.25
      1.2160        86.33
      1.2170        86.45
      1.2180        86.63
      1.2190        86.66
      1.2200        86.89
      1.2210        86.98
      1.2220        86.85
      1.2230        86.91
      1.2240        86.94
      1.2250        87.12
      1.2260        87.32
      1.2270        87.50
      1.2280        87.58
      1.2290        87.85
      1.2300        87.99
      1.2310        87.95
      1.2320        88.11
      1.2330        88.13
      1.2340        88.25
      1.2350        88.29
      1.2360        88.40
      1.2370        88.47
      1.2380        88.62
      1.2390        88.83
      1.2400        88.93
      1.2410        89.05
      1.2420        89.29
      1.2430        89.47
      1.2440        89.55
      1.2450        89.51
      1.2460        89.59
      1.2470        89.72
      1.2480        89.88
      1.2490        90.02
      1.2500        90.15
      1.2510        90.18
      1.2520        90.24
      1.2530        90.24
      1.2540        90.31
      1.2550        90.47
      1.2560        90.46
      1.2570        90.54
      1.2580        90.36
      1.2590        90.32
      1.2600        90.30
      1.2610        90.38
      1.2620        90.28
      1.2630        90.12
      1.2640        90.09
      1.2650        90.09
      1.2660        89.96
      1.2670        89.91
      1.2680        89.84
      1.2690        89.67
      1.2700        89.56
      1.2710        89.56
      1.2720        89.43
      1.2730        89.35
      1.2740        89.23
      1.2750        89.14
      1.2760        89.14
      1.2770        89.01
      1.2780        89.13
      1.2790        89.17
      1.2800        89.24
      1.2810        89.25
      1.2820        89.55
      1.2830        89.61
      1.2840        89.72
      1.2850        89.77
      1.2860        89.96
      1.2870        90.05
      1.2880        90.16
      1.2890        90.32
      1.2900        90.38
      1.2910        90.71
      1.2920        90.92
      1.2930        91.23
      1.2940        91.60
      1.2950        91.91
      1.2960        92.03
      1.2970        92.29
      1.2980        92.32
      1.2990        92.35
      1.3000        92.44
      1.3010        92.48
      1.3020        92.40
      1.3030        92.63
      1.3040        92.77
      1.3050        92.79
      1.3060        92.75
      1.3070        92.76
      1.3080        92.88
      1.3090        92.93
      1.3100        93.09
      1.3110        93.07
      1.3120        93.09
      1.3130        93.36
      1.3140        93.25
      1.3150        93.23
      1.3160        93.45
      1.3170        93.67
      1.3180        93.90
      1.3190        94.12
      1.3200        94.12
      1.3210        94.41
      1.3220        94.49
      1.3230        94.51
      1.3240        94.53
      1.3250        94.75
      1.3260        95.14
      1.3270        95.41
      1.3280        95.50
      1.3290        95.54
      1.3300        95.66
      1.3310        95.68
      1.3320        95.88
      1.3330        95.85
      1.3340        95.95
      1.3350        95.96
      1.3360        95.99
      1.3370        95.79
      1.3380        95.68
      1.3390        95.60
      1.3400        95.53
      1.3410        95.45
      1.3420        95.30
      1.3430        95.26
      1.3440        95.22
      1.3450        95.12
      1.3460        94.77
      1.3470        94.55
      1.3480        94.34
      1.3490        94.23
      1.3500        94.20
      1.3510        94.07
      1.3520        93.97
      1.3530        93.80
      1.3540        93.70
      1.3550        93.68
      1.3560        93.46
      1.3570        93.54
      1.3580        93.61
      1.3590        93.73
      1.3600        93.90
      1.3610        93.77
      1.3620        94.02
      1.3630        94.18
      1.3640        94.28
      1.3650        94.36
      1.3660        94.52
      1.3670        94.61
      1.3680        94.93
      1.3690        95.08
      1.3700        94.97
      1.3710        95.10
      1.3720        95.08
      1.3730        95.13
      1.3740        95.28
      1.3750        95.32
      1.3760        95.45
      1.3770        95.60
      1.3780        95.65
      1.3790        95.61
      1.3800        95.72
      1.3810        95.78
      1.3820        95.78
      1.3830        95.82
      1.3840        95.78
      1.3850        95.83
      1.3860        95.86
      1.3870        95.81
      1.3880        95.67
      1.3890        95.66
      1.3900        95.85
      1.3910        95.79
      1.3920        95.93
      1.3930        95.79
      1.3940        95.87
      1.3950        95.82
      1.3960        95.94
      1.3970        95.89
      1.3980        95.91
      1.3990        95.86
      1.4000        95.79
      1.4010        95.69
      1.4020        95.62
      1.4030        95.62
      1.4040        95.58
      1.4050        95.48
      1.4060        95.35
      1.4070        95.39
      1.4080        95.32
      1.4090        95.35
      1.4100        95.27
      1.4110        95.12
      1.4120        94.88
      1.4130        95.03
      1.4140        94.85
      1.4150        94.67
      1.4160        94.49
      1.4170        94.32
      1.4180        94.21
      1.4190        94.18
      1.4200        94.06
      1.4210        94.00
      1.4220        93.82
      1.4230        93.57
      1.4240        93.41
      1.4250        93.31
      1.4260        93.25
      1.4270        93.27
      1.4280        93.11
      1.4290        92.91
      1.4300        92.87
      1.4310        92.81
      1.4320        92.69
      1.4330        92.45
      1.4340        92.30
      1.4350        92.35
      1.4360        92.29
      1.4370        92.10
      1.4380        91.98
      1.4390        91.78
      1.4400        91.63
      1.4410        91.62
      1.4420        91.51
      1.4430        91.40
      1.4440        91.46
      1.4450        91.63
      1.4460        91.56
      1.4470        91.43
      1.4480        91.41
      1.4490        91.37
      1.4500        91.14
      1.4510        91.22
      1.4520        90.91
      1.4530        90.89
      1.4540        90.81
      1.4550        90.74
      1.4560        90.47
      1.4570        90.46
      1.4580        90.25
      1.4590        90.11
      1.4600        89.99
      1.4610        89.77
      1.4620        89.65
      1.4630        89.40
      1.4640        89.10
      1.4650        88.59
      1.4660        88.23
      1.4670        87.84
      1.4680        87.44
      1.4690        87.07
      1.4700        86.76
      1.4710        86.27
      1.4720        86.23
      1.4730        85.90
      1.4740        85.47
      1.4750        84.99
      1.4760        84.91
      1.4770        84.56
      1.4780        84.28
      1.4790        83.93
      1.4800        83.64
      1.4810        83.46
      1.4820        83.14
      1.4830        82.89
      1.4840        82.65
      1.4850        82.29
      1.4860        82.06
      1.4870        82.01
      1.4880        81.82
      1.4890        81.63
      1.4900        81.30
      1.4910        81.22
      1.4920        80.87
      1.4930        80.54
      1.4940        80.50
      1.4950        80.31
      1.4960        79.77
      1.4970        79.45
      1.4980        79.25
      1.4990        79.18
      1.5000        78.97
      1.5010        78.63
      1.5020        78.36
      1.5030        78.16
      1.5040        77.90
      1.5050        77.73
      1.5060        77.51
      1.5070        77.11
      1.5080        76.87
      1.5090        76.52
      1.5100        76.53
      1.5110        76.41
      1.5120        76.29
      1.5130        76.25
      1.5140        76.04
      1.5150        76.09
      1.5160        76.14
      1.5170        76.10
      1.5180        75.93
      1.5190        75.77
      1.5200        75.76
      1.5210        75.67
      1.5220        75.70
      1.5230        75.55
      1.5240        75.39
      1.5250        75.36
      1.5260        75.37
      1.5270        75.23
      1.5280        75.19
      1.5290        75.03
      1.5300        74.86
      1.5310        74.63
      1.5320        74.46
      1.5330        74.23
      1.5340        74.02
      1.5350        73.57
      1.5360        73.18
      1.5370        72.89
      1.5380        72.63
      1.5390        72.37
      1.5400        71.78
      1.5410        71.35
      1.5420        71.04
      1.5430        70.73
      1.5440        70.50
      1.5450        70.18
      1.5460        69.64
      1.5470        69.09
      1.5480        68.61
      1.5490        68.30
      1.5500        67.73
      1.5510        67.12
      1.5520        66.73
      1.5530        66.18
      1.5540        65.78
      1.5550        65.27
      1.5560        64.91
      1.5570        64.40
      1.5580        63.96
      1.5590        63.38
      1.5600        62.99
      1.5610        62.60
      1.5620        62.16
      1.5630        61.64
      1.5640        61.19
      1.5650        60.86
      1.5660        60.48
      1.5670        60.36
      1.5680        60.05
      1.5690        59.82
      1.5700        59.65
      1.5710        59.53
      1.5720        59.43
      1.5730        59.44
      1.5740        59.09
      1.5750        58.99
      1.5760        58.83
      1.5770        58.66
      1.5780        58.58
      1.5790        58.47
      1.5800        58.38
      1.5810        58.39
      1.5820        58.14
      1.5830        57.99
      1.5840        57.78
      1.5850        57.55
      1.5860        57.44
      1.5870        57.05
      1.5880        56.93
      1.5890        56.61
      1.5900        56.29
      1.5910        55.94
      1.5920        55.58
      1.5930        55.15
      1.5940        55.09
      1.5950        54.78
      1.5960        54.35
      1.5970        54.10
      1.5980        53.73
      1.5990        53.51
      1.6000        53.25
      1.6010        52.75
      1.6020        52.52
      1.6030        52.21
      1.6040        51.93
      1.6050        51.58
      1.6060        51.33
      1.6070        51.11
      1.6080        50.75
      1.6090        50.40
      1.6100        50.19
      1.6110        50.03
      1.6120        49.70
      1.6130        49.60
      1.6140        49.18
      1.6150        49.05
      1.6160        48.90
      1.6170        48.70
      1.6180        48.34
      1.6190        48.07
      1.6200        47.73
      1.6210        47.56
      1.6220        47.25
      1.6230        47.17
      1.6240        46.89
      1.6250        46.67
      1.6260        46.35
      1.6270        46.00
      1.6280        45.75
      1.6290        45.67
      1.6300        45.41
      1.6310        45.12
      1.6320        45.00
      1.6330        44.69
      1.6340        44.53
      1.6350        44.24
      1.6360        44.10
      1.6370        44.02
      1.6380        43.96
      1.6390        43.62
      1.6400        43.59
      1.6410        43.42
      1.6420        43.35
      1.6430        43.28
      1.6440        43.16
      1.6450        42.96
      1.6460        42.88
      1.6470        42.91
      1.6480        42.69
      1.6490        42.56
      1.6500        42.53
      1.6510        42.60
      1.6520        42.48
      1.6530        42.28
      1.6540        42.15
      1.6550        42.04
      1.6560        41.93
      1.6570        41.77
      1.6580        41.65
      1.6590        41.70
      1.6600        41.46
      1.6610        41.34
      1.6620        41.15
      1.6630        40.88
      1.6640        40.72
      1.6650        40.70
      1.6660        40.62
      1.6670        40.35
      1.6680        40.32
      1.6690        40.16
      1.6700        39.95
      1.6710        39.49
      1.6720        39.06
      1.6730        38.92
      1.6740        38.61
      1.6750        38.24
      1.6760        37.86
      1.6770        37.54
      1.6780        37.19
      1.6790        36.71
      1.6800        36.23
      1.6810        35.86
      1.6820        35.52
      1.6830        35.12
      1.6840        34.78
      1.6850        34.36
      1.6860        34.00
      1.6870        33.87
      1.6880        33.52
      1.6890        33.28
      1.6900        32.97
      1.6910        32.67
      1.6920        32.58
      1.6930        32.40
      1.6940        32.19
      1.6950        32.19
      1.6960        32.12
      1.6970        31.85
      1.6980        31.76
      1.6990        31.72
      1.7000        31.80
      1.7010        31.86
      1.7020        31.76
      1.7030        31.65
      1.7040        31.64
      1.7050        31.57
      1.7060        31.54
      1.7070        31.47
      1.7080        31.41
      1.7090        31.26
      1.7100        31.03
      1.7110        31.11
      1.7120        30.86
      1.7130        30.63
      1.7140        30.61
      1.7150        30.50
      1.7160        30.30
      1.7170        30.22
      1.7180        30.06
      1.7190        29.83
      1.7200        29.64
      1.7210        29.43
      1.7220        29.33
      1.7230        29.21
      1.7240        29.01
      1.7250        28.79
      1.7260        28.53
      1.7270        28.25
      1.7280        28.18
      1.7290        27.94
      1.7300        27.87
      1.7310        27.75
      1.7320        27.71
      1.7330        27.59
      1.7340        27.48
      1.7350        27.16
      1.7360        26.98
      1.7370        26.88
      1.7380        26.69
      1.7390        26.56
      1.7400        26.54
      1.7410        26.33
      1.7420        26.11
      1.7430        26.15
      1.7440        25.98
      1.7450        25.82
      1.7460        25.72
      1.7470        25.70
      1.7480        25.34
      1.7490        25.11
      1.7500        24.77
      1.7510        24.41
      1.7520        24.21
      1.7530        23.99
      1.7540        23.73
      1.7550        23.62
      1.7560        23.45
      1.7570        23.17
      1.7580        22.99
      1.7590        22.73
      1.7600        22.36
      1.7610        22.02
      1.7620        21.76
      1.7630        21.32
      1.7640        21.15
      1.7650        20.97
      1.7660        20.57
      1.7670        20.30
      1.7680        20.30
      1.7690        20.20
      1.7700        20.23
      1.7710        20.20
      1.7720        20.15
      1.7730        20.00
      1.7740        19.92
      1.7750        19.90
      1.7760        19.74
      1.7770        19.83
      1.7780        19.75
      1.7790        19.92
      1.7800        19.93
      1.7810        20.06
      1.7820        20.00
      1.7830        20.18
      1.7840        20.15
      1.7850        20.08
      1.7860        20.10
      1.7870        20.10
      1.7880        20.00
      1.7890        19.94
      1.7900        19.80
      1.7910        19.68
      1.7920        19.66
      1.7930        19.62
      1.7940        19.56
      1.7950        19.28
      1.7960        19.25
      1.7970        19.13
      1.7980        19.00
      1.7990        18.79
      1.8000        18.67
      1.8010        18.47
      1.8020        18.31
      1.8030        18.08
      1.8040        17.97
      1.8050        17.77
      1.8060        17.65
      1.8070        17.57
      1.8080        17.34
      1.8090        17.26
      1.8100        17.15
      1.8110        17.00
      1.8120        16.87
      1.8130        16.75
      1.8140        16.60
      1.8150        16.63
      1.8160        16.49
      1.8170        16.25
      1.8180        16.23
      1.8190        16.14
      1.8200        15.95
      1.8210        15.87
      1.8220        15.99
      1.8230        15.90
      1.8240        15.78
      1.8250        15.74
      1.8260        15.66
      1.8270        15.41
      1.8280        15.33
      1.8290        15.17
      1.8300        15.13
      1.8310        15.00
      1.8320        14.65
      1.8330        14.35
      1.8340        14.23
      1.8350        14.05
      1.8360        13.89
      1.8370        13.62
      1.8380        13.38
      1.8390        13.15
      1.8400        13.03
      1.8410        12.72
      1.8420        12.34
      1.8430        12.05
      1.8440        11.79
      1.8450        11.61
      1.8460        11.47
      1.8470        11.30
      1.8480        11.04
      1.8490        10.83
      1.8500        10.75
      1.8510        10.55
      1.8520        10.51
      1.8530        10.56
      1.8540        10.31
      1.8550        10.08
      1.8560         9.81
      1.8570         9.85
      1.8580         9.78
      1.8590         9.82
      1.8600         9.80
      1.8610         9.80
      1.8620         9.85
      1.8630         9.77
      1.8640         9.81
      1.8650         9.66
      1.8660         9.70
      1.8670         9.73
      1.8680         9.66
      1.8690         9.64
      1.8700         9.45
      1.8710         9.26
      1.8720         9.22
      1.8730         8.96
      1.8740         8.86
      1.8750         8.86
      1.8760         8.79
      1.8770         8.61
      1.8780         8.40
      1.8790         8.03
      1.8800         7.85
      1.8810         7.63
      1.8820         7.33
      1.8830         7.16
      1.8840         6.89
      1.8850         6.76
      1.8860         6.50
      1.8870         6.23
      1.8880         6.13
      1.8890         5.94
      1.8900         5.65
      1.8910         5.55
      1.8920         5.32
      1.8930         5.41
      1.8940         5.29
      1.8950         4.98
      1.8960         4.97
      1.8970         4.93
      1.8980         4.96
      1.8990         4.92
      1.9000         4.85
      1.9010         4.77
      1.9020         4.68
      1.9030         4.71
      1.9040         4.65
      1.9050         4.76
      1.9060         4.61
      1.9070         4.49
      1.9080         4.54
      1.9090         4.56
      1.9100         4.69
      1.9110         4.86
      1.9120         4.84
      1.9130         4.68
      1.9140         4.64
      1.9150         4.86
      1.9160         4.74
      1.9170         4.62
      1.9180         4.55
      1.9190         4.51
      1.9200         4.43
      1.9210         4.47
      1.9220         4.34
      1.9230         4.17
      1.9240         4.09
      1.9250         3.81
      1.9260         3.80
      1.9270         3.75
      1.9280         3.50
      1.9290         3.36
      1.9300         2.64
      1.9310         2.55
      1.9320         2.39
      1.9330         2.34
      1.9340         2.25
      1.9350         2.50
      1.9360         2.42
      1.9370         1.00
      1.9380         1.00
      1.9390         1.00
      1.9400         1.00
      1.9410         1.00
      1.9420         1.00
      1.9430         1.00
      1.9440         1.00
      1.9450         1.00
      1.9460         1.00
      1.9470         1.00
      1.9480         1.00
      1.9490         1.19
      1.9500         1.16
      1.9510         1.00
      1.9520         1.00
      1.9530         1.00
      1.9540         1.00
      1.9550         1.00
      1.9560         1.00
      1.9570         1.00
      1.9580         1.00
      1.9590         1.00
      1.9600         1.00
      1.9610         1.00
      1.9620         1.00
      1.9630         1.00
      1.9640         1.00
      1.9650         1.00
      1.9660         1.00
      1.9670         1.00
      1.9680         1.00
      1.9690         1.00
      1.9700         1.00
      1.9710         1.00
      1.9720         1.00
      1.9730         1.00
      1.9740         1.00
      1.9750         1.00
      1.9760         1.00
      1.9770         1.00
      1.9780         1.00
      1.9790         1.00
      1.9800         1.00
      1.9810         1.00
      1.9820         1.00
      1.9830         1.00
      1.9840         1.00
      1.9850         1.00
      1.9860         1.00
      1.9870         1.00
      1.9880         1.00
      1.9890         1.00
      1.9900         1.00
      1.9910         1.00
      1.9920         1.00
      1.9930         1.00
      1.9940         1.00
      1.9950         1.00
      1.9960         1.00
      1.9970         1.00
      1.9980         1.00
      1.9990         1.00
      2.0000         1.00
      2.0010         1.00
      2.0020         1.00
      2.0030         1.00
      2.0040         1.00
      2.0050         1.00
      2.0060         1.00
      2.0070         1.00
      2.0080         1.00
      2.0090         1.00
      2.0100         1.00
      2.0110         1.00
      2.0120         1.00
      2.0130         1.00
      2.0140         1.00
      2.0150         1.00
      2.0160         1.00
      2.0170         1.00
      2.0180         1.00
      2.0190         1.00
      2.0200         1.00
      2.0210         1.00
      2.0220         1.00
      2.0230         1.00
      2.0240         1.00
      2.0250         1.00
      2.0260         1.00
      2.0270         1.00
      2.0280         1.00
      2.0290         1.00
      2.0300         1.00
      2.0310         1.00
      2.0320         1.00
      2.0330         1.00
      2.0340         1.00
      2.0350         1.00
      2.0360         1.00
      2.0370         1.00
      2.0380         1.00
      2.0390         1.00
      2.0400         1.00
      2.0410         1.00
      2.0420         1.00
      2.0430         1.00
      2.0440         1.00
      2.0450         1.00
      2.0460         1.00
      2.0470         1.00
      2.0480         1.00
      2.0490         1.00
      2.0500         1.00
      2.0510         1.00
      2.0520         1.00
      2.0530         1.00
      2.0540         1.00
      2.0550         1.00
      2.0560         1.00
      2.0570         1.00
      2.0580         1.00
      2.0590         1.00
      2.0600         1.00
      2.0610         1.00
      2.0620         1.00
      2.0630         1.00
      2.0640         1.00
      2.0650         1.00
      2.0660         1.00
      2.0670         1.00
      2.0680         1.00
      2.0690         1.00
      2.0700         1.00
      2.0710         1.00
      2.0720         1.00
      2.0730         1.00
      2.0740         1.00
      2.0750         1.00
      2.0760         1.00
      2.0770         1.00
      2.0780         1.00
      2.0790         1.00
      2.0800         1.00
      2.0810         1.00
      2.0820         1.00
      2.0830         1.00
      2.0840         1.00
      2.0850         1.00
      2.0860         1.00
      2.0870         1.00
      2.0880         1.00
      2.0890         1.00
      2.0900         1.00
      2.0910         1.00
      2.0920         1.00
      2.0930         1.00
      2.0940         1.00
      2.0950         1.00
      2.0960         1.00
      2.0970         1.00
      2.0980         1.00
      2.0990         1.00
      2.1000         1.00
      2.1010         1.00
      2.1020         1.00
      2.1030         1.00
      2.1040         1.00
      2.1050         1.00
      2.1060         1.00
      2.1070         1.00
      2.1080         1.00
      2.1090         1.00
      2.1100         1.00
      2.1110         1.00
      2.1120         1.00
      2.1130         1.00
      2.1140         1.00
      2.1150         1.00
      2.1160         1.00
      2.1170         1.00
      2.1180         1.00
      2.1190         1.00
      2.1200         1.00
      2.1210         1.00
      2.1220         1.00
      2.1230         1.00
      2.1240         1.00
      2.1250         1.00
      2.1260         1.00
      2.1270         1.00
      2.1280         1.00
      2.1290         1.00
      2.1300         1.00
      2.1310         1.00
      2.1320         1.00
      2.1330         1.00
      2.1340         1.00
      2.1350         1.00
      2.1360         1.00
      2.1370         1.00
      2.1380         1.00
      2.1390         1.00
      2.1400         1.00
      2.1410         1.00
      2.1420         1.00
      2.1430         1.00
      2.1440         1.00
      2.1450         1.00
      2.1460         1.00
      2.1470         1.00
      2.1480         1.00
      2.1490         1.00
      2.1500         1.00
      2.1510         1.00
      2.1520         1.00
      2.1530         1.00
      2.1540         1.00
      2.1550         1.00
      2.1560         1.00
      2.1570         1.00
      2.1580         1.00
      2.1590         1.00
      2.1600         1.00
      2.1610         1.00
      2.1620         1.00
      2.1630         1.00
      2.1640         1.00
      2.1650         1.00
      2.1660         1.00
      2.1670         1.00
      2.1680         1.00
      2.1690         1.00
      2.1700         1.00
      2.1710         1.00
      2.1720         1.00
      2.1730         1.00
      2.1740         1.00
      2.1750         1.00
      2.1760         1.00
      2.1770         1.00
      2.1780         1.00
      2.1790         1.00
      2.1800         1.00
      2.1810         1.00
      2.1820         1.00
      2.1830         1.00
      2.1840         1.00
      2.1850         1.00
      2.1860         1.00
      2.1870         1.00
      2.1880         1.00
      2.1890         1.00
      2.1900         1.00
      2.1910         1.00
      2.1920         1.00
      2.1930         1.00
      2.1940         1.00
      2.1950         1.00
      2.1960         1.00
      2.1970         1.00
      2.1980         1.00
      2.1990         1.00
      2.2000         1.00
      2.2010         1.00
      2.2020         1.00
      2.2030         1.00
      2.2040         1.00
      2.2050         1.00
      2.2060         1.00
      2.2070         1.00
      2.2080         1.00
      2.2090         1.00
      2.2100         1.00
      2.2110         1.00
      2.2120         1.00
      2.2130         1.00
      2.2140         1.00
      2.2150         1.00
      2.2160         1.00
      2.2170         1.00
      2.2180         1.00
      2.2190         1.00
      2.2200         1.00
      2.2210         1.00
      2.2220         1.00
      2.2230         1.00
      2.2240         1.00
      2.2250         1.00
      2.2260         1.00
      2.2270         1.00
      2.2280         1.00
      2.2290         1.00
      2.2300         1.00
      2.2310         1.00
      2.2320         1.00
      2.2330         1.00
      2.2340         1.00
      2.2350         1.00
      2.2360         1.00
      2.2370         1.00
      2.2380         1.00
      2.2390         1.00
      2.2400         1.00
      2.2410         1.00
      2.2420         1.00
      2.2430         1.00
      2.2440         1.00
      2.2450         1.00
      2.2460         1.00
      2.2470         1.00
      2.2480         1.00
      2.2490         1.00
      2.2500         1.00
      2.2510         1.00
      2.2520         1.00
      2.2530         1.00
      2.2540         1.00
      2.2550         1.00
      2.2560         1.00
      2.2570         1.00
      2.2580         1.00
      2.2590         1.00
      2.2600         1.00
      2.2610         1.00
      2.2620         1.00
      2.2630         1.00
      2.2640         1.00
      2.2650         1.00
      2.2660         1.00
      2.2670         1.00
      2.2680         1.00
      2.2690         1.00
      2.2700         1.00
      2.2710         1.00
      2.2720         1.00
      2.2730         1.00
      2.2740         1.00
      2.2750         1.00
      2.2760         1.00
      2.2770         1.00
      2.2780         1.00
      2.2790         1.00
      2.2800         1.00
      2.2810         1.00
      2.2820         1.00
      2.2830         1.00
      2.2840         1.00
      2.2850         1.00
      2.2860         1.00
      2.2870         1.00
      2.2880         1.00
      2.2890         1.00
      2.2900         1.00
      2.2910         1.00
      2.2920         1.00
      2.2930         1.00
      2.2940         1.00
      2.2950         1.00
      2.2960         1.00
      2.2970         1.00
      2.2980         1.00
      2.2990         1.00
      2.3000         1.00
      2.3010         1.00
      2.3020         1.00
      2.3030         1.00
      2.3040         1.00
      2.3050         1.00
      2.3060         1.00
      2.3070         1.00
      2.3080         1.00
      2.3090         1.00
      2.3100         1.00
      2.3110         1.00
      2.3120         1.00
      2.3130         1.00
      2.3140         1.00
      2.3150         1.00
      2.3160         1.00
      2.3170         1.00
      2.3180         1.00
      2.3190         1.00
      2.3200         1.00
      2.3210         1.00
      2.3220         1.00
      2.3230         1.00
      2.3240         1.00
      2.3250         1.00
      2.3260         1.00
      2.3270         1.00
      2.3280         1.00
      2.3290         1.00
      2.3300         1.00
      2.3310         1.00
      2.3320         1.00
      2.3330         1.00
      2.3340         1.00
      2.3350         1.00
      2.3360         1.00
      2.3370         1.00
      2.3380         1.00
      2.3390         1.00
      2.3400         1.00
      2.3410         1.00
      2.3420         1.00
      2.3430         1.00
      2.3440         1.00
      2.3450         1.00
      2.3460         1.00
      2.3470         1.00
      2.3480         1.00
      2.3490         1.00
      2.3500         1.00
      2.3510         1.00
      2.3520         1.00
      2.3530         1.00
      2.3540         1.00
      2.3550         1.00
      2.3560         1.00
      2.3570         1.00
      2.3580         1.00
      2.3590         1.00
      2.3600         1.00
      2.3610         1.00
      2.3620         1.00
      2.3630         1.00
      2.3640         1.00
      2.3650         1.00
      2.3660         1.00
      2.3670         1.00
      2.3680         1.00
      2.3690         1.00
      2.3700         1.00
      2.3710         1.00
      2.3720         1.00
      2.3730         1.00
      2.3740         1.00
      2.3750         1.00
      2.3760         1.00
      2.3770         1.00
      2.3780         1.00
      2.3790         1.00
      2.3800         1.00
      2.3810         1.00
      2.3820         1.00
      2.3830         1.00
      2.3840         1.00
      2.3850         1.00
      2.3860         1.00
      2.3870         1.00
      2.3880         1.00
      2.3890         1.00
      2.3900         1.00
      2.3910         1.00
      2.3920         1.00
      2.3930         1.00
      2.3940         1.00
      2.3950         1.00
      2.3960         1.00
      2.3970         1.00
      2.3980         1.00
      2.3990         1.00
      2.4000         1.00
      2.4010         1.00
      2.4020         1.00
      2.4030         1.00
      2.4040         1.00
      2.4050         1.00
      2.4060         1.00
      2.4070         1.00
      2.4080         1.00
      2.4090         1.00
      2.4100         1.00
      2.4110         1.00
      2.4120         1.00
      2.4130         1.00
      2.4140         1.00
      2.4150         1.00
      2.4160         1.00
      2.4170         1.00
      2.4180         1.00
      2.4190         1.00
      2.4200         1.00
      2.4210         1.00
      2.4220         1.00
      2.4230         1.00
      2.4240         1.00
      2.4250         1.00
      2.4260         1.00
      2.4270         1.00
      2.4280         1.00
      2.4290         1.00
      2.4300         1.00
      2.4310         1.00
      2.4320         1.00
      2.4330         1.00
      2.4340         1.00
      2.4350         1.00
      2.4360         1.00
      2.4370         1.00
      2.4380         1.00
      2.4390         1.00
      2.4400         1.00
      2.4410         1.00
      2.4420         1.00
      2.4430         1.00
      2.4440         1.00
      2.4450         1.00
      2.4460         1.00
      2.4470         1.00
      2.4480         1.00
      2.4490         1.00
      2.4500         1.00
      2.4510         1.00
      2.4520         1.00
      2.4530         1.00
      2.4540         1.00
      2.4550         1.00
      2.4560         1.00
      2.4570         1.00
      2.4580         1.00
      2.4590         1.00
      2.4600         1.00
      2.4610         1.00
      2.4620         1.00
      2.4630         1.00
      2.4640         1.00
      2.4650         1.00
      2.4660         1.00
      2.4670         1.00
      2.4680         1.00
      2.4690         1.00
      2.4700         1.00
      2.4710         1.00
      2.4720         1.00
      2.4730         1.00
      2.4740         1.00
      2.4750         1.00
      2.4760         1.00
      2.4770         1.00
      2.4780         1.00
      2.4790         1.00
      2.4800         1.00
      2.4810         1.00
      2.4820         1.00
      2.4830         1.00
      2.4840         1.00
      2.4850         1.00
      2.4860         1.00
      2.4870         1.00
      2.4880         1.00
      2.4890         1.00
      2.4900         1.00
      2.4910         1.00
      2.4920         1.00
      2.4930         1.00
      2.4940         1.00
      2.4950         1.00
      2.4960         1.00
      2.4970         1.00
      2.4980         1.00
      2.4990         1.00
      2.5000         1.00
      2.5010         1.00
      2.5020         1.00
      2.5030         1.00
      2.5040         1.00
      2.5050         1.00
      2.5060         1.00
      2.5070         1.00
      2.5080         1.00
      2.5090         1.00
      2.5100         1.00
      2.5110         1.00
      2.5120         1.00
      2.5130         1.00
      2.5140         1.00
      2.5150         1.00
      2.5160         1.00
      2.5170         1.00
      2.5180         1.00
      2.5190         1.00
      2.5200         1.00
      2.5210         1.00
      2.5220         1.00
      2.5230         1.00
      2.5240         1.00
      2.5250         1.00
      2.5260         1.00
      2.5270         1.00
      2.5280         1.00
      2.5290         1.00
      2.5300         1.00
      2.5310         1.00
      2.5320         1.00
      2.5330         1.00
      2.5340         1.00
      2.5350         1.00
      2.5360         1.00
      2.5370         1.00
      2.5380         1.00
      2.5390         1.00
      2.5400         1.00
      2.5410         1.00
      2.5420         1.00
      2.5430         1.00
      2.5440         1.00
      2.5450         1.00
      2.5460         1.00
      2.5470         1.00
      2.5480         1.00
      2.5490         1.00
      2.5500         1.00
      2.5510         1.00
      2.5520         1.00
      2.5530         1.00
      2.5540         1.00
      2.5550         1.00
      2.5560         1.00
      2.5570         1.00
      2.5580         1.00
      2.5590         1.00
      2.5600         1.00
      2.5610         1.00
      2.5620         1.00
      2.5630         1.00
      2.5640         1.00
      2.5650         1.00
      2.5660         1.00
      2.5670         1.00
      2.5680         1.00
      2.5690         1.00
      2.5700         1.00
      2.5710         1.00
      2.5720         1.00
      2.5730         1.00
      2.5740         1.00
      2.5750         1.00
      2.5760         1.00
      2.5770         1.00
      2.5780         1.00
      2.5790         1.00
      2.5800         1.00
      2.5810         1.00
      2.5820         1.00
      2.5830         1.00
      2.5840         1.00
      2.5850         1.00
      2.5860         1.00
      2.5870         1.00
      2.5880         1.00
      2.5890         1.00
      2.5900         1.00
      2.5910         1.00
      2.5920         1.00
      2.5930         1.00
      2.5940         1.00
      2.5950         1.00
      2.5960         1.00
      2.5970         1.00
      2.5980         1.00
      2.5990         1.00
      2.6000         1.00
      2.6010         1.00
      2.6020         1.00
      2.6030         1.00
      2.6040         1.00
      2.6050         1.00
      2.6060         1.00
      2.6070         1.00
      2.6080         1.00
      2.6090         1.00
      2.6100         1.00
      2.6110         1.00
      2.6120         1.00
      2.6130         1.00
      2.6140         1.00
      2.6150         1.00
      2.6160         1.00
      2.6170         1.00
      2.6180         1.00
      2.6190         1.00
      2.6200         1.00
      2.6210         1.00
      2.6220         1.00
      2.6230         1.00
      2.6240         1.00
      2.6250         1.00
      2.6260         1.00
      2.6270         1.00
      2.6280         1.00
      2.6290         1.00
      2.6300         1.00
      2.6310         1.00
      2.6320         1.00
      2.6330         1.00
      2.6340         1.00
      2.6350         1.00
      2.6360         1.00
      2.6370         1.00
      2.6380         1.00
      2.6390         1.00
      2.6400         1.00
      2.6410         1.00
      2.6420         1.00
      2.6430         1.00
      2.6440         1.00
      2.6450         1.00
      2.6460         1.00
      2.6470         1.00
      2.6480         1.00
      2.6490         1.00
      2.6500         1.00
      2.6510         1.00
      2.6520         1.00
      2.6530         1.00
      2.6540         1.00
      2.6550         1.00
      2.6560         1.00
      2.6570         1.00
      2.6580         1.00
      2.6590         1.00
      2.6600         1.00
      2.6610         1.00
      2.6620         1.00
      2.6630         1.00
      2.6640         1.00
      2.6650         1.00
      2.6660         1.00
      2.6670         1.00
      2.6680         1.00
      2.6690         1.00
      2.6700         1.00
      2.6710         1.00
      2.6720         1.00
      2.6730         1.00
      2.6740         1.00
      2.6750         1.00
      2.6760         1.00
      2.6770         1.00
      2.6780         1.00
      2.6790         1.00
      2.6800         1.00
      2.6810         1.00
      2.6820         1.00
      2.6830         1.00
      2.6840         1.00
      2.6850         1.00
      2.6860         1.00
      2.6870         1.00
      2.6880         1.00
      2.6890         1.00
      2.6900         1.00
      2.6910         1.00
      2.6920         1.00
      2.6930         1.00
      2.6940         1.00
      2.6950         1.00
      2.6960         1.00
      2.6970         1.00
      2.6980         1.00
      2.6990         1.00
      2.7000         1.00
      2.7010         1.00
      2.7020         1.00
      2.7030         1.00
      2.7040         1.00
      2.7050         1.00
      2.7060         1.00
      2.7070         1.00
      2.7080         1.00
      2.7090         1.00
      2.7100         1.00
      2.7110         1.00
      2.7120         1.00
      2.7130         1.00
      2.7140         1.00
      2.7150         1.00
      2.7160         1.00
      2.7170         1.00
      2.7180         1.00
      2.7190         1.00
      2.7200         1.00
      2.7210         1.00
      2.7220         1.00
      2.7230         1.00
      2.7240         1.00
      2.7250         1.00
      2.7260         1.00
      2.7270         1.00
      2.7280         1.00
      2.7290         1.00
      2.7300         1.00
      2.7310         1.00
      2.7320         1.00
      2.7330         1.00
      2.7340         1.00
      2.7350         1.00
      2.7360         1.00
      2.7370         1.00
      2.7380         1.00
      2.7390         1.00
      2.7400         1.00
      2.7410         1.00
      2.7420         1.00
      2.7430         1.00
      2.7440         1.00
      2.7450         1.00
      2.7460         1.00
      2.7470         1.00
      2.7480         1.00
      2.7490         1.00
      2.7500         1.00
      2.7510         1.00
      2.7520         1.00
      2.7530         1.00
      2.7540         1.00
      2.7550         1.00
      2.7560         1.00
      2.7570         1.00
      2.7580         1.00
      2.7590         1.00
      2.7600         1.00
      2.7610         1.00
      2.7620         1.00
      2.7630         1.00
      2.7640         1.00
      2.7650         1.00
      2.7660         1.00
      2.7670         1.00
      2.7680         1.00
      2.7690         1.00
      2.7700         1.00
      2.7710         1.00
      2.7720         1.00
      2.7730         1.00
      2.7740         1.00
      2.7750         1.00
      2.7760         1.00
      2.7770         1.00
      2.7780         1.00
      2.7790         1.00
      2.7800         1.00
      2.7810         1.00
      2.7820         1.00
      2.7830         1.00
      2.7840         1.00
      2.7850         1.00
      2.7860         1.00
      2.7870         1.00
      2.7880         1.00
      2.7890         1.00
      2.7900         1.00
      2.7910         1.00
      2.7920         1.00
      2.7930         1.00
      2.7940         1.00
      2.7950         1.00
      2.7960         1.00
      2.7970         1.00
      2.7980         1.00
      2.7990         1.00
      2.8000         1.00
      2.8010         1.00
      2.8020         1.00
      2.8030         1.00
      2.8040         1.00
      2.8050         1.00
      2.8060         1.00
      2.8070         1.00
      2.8080         1.00
      2.8090         1.00
      2.8100         1.00
      2.8110         1.00
      2.8120         1.00
      2.8130         1.00
      2.8140         1.00
      2.8150         1.00
      2.8160         1.00
      2.8170         1.00
      2.8180         1.00
      2.8190         1.00
      2.8200         1.00
      2.8210         1.00
      2.8220         1.00
      2.8230         1.00
      2.8240         1.00
      2.8250         1.00
      2.8260         1.00
      2.8270         1.00
      2.8280         1.00
      2.8290         1.00
      2.8300         1.00
      2.8310         1.00
      2.8320         1.00
      2.8330         1.00
      2.8340         1.00
      2.8350         1.00
      2.8360         1.00
      2.8370         1.00
      2.8380         1.00
      2.8390         1.00
      2.8400         1.00
      2.8410         1.00
      2.8420         1.00
      2.8430         1.00
      2.8440         1.00
      2.8450         1.00
      2.8460         1.00
      2.8470         1.00
      2.8480         1.00
      2.8490         1.00
      2.8500         1.00
      2.8510         1.00
      2.8520         1.00
      2.8530         1.00
      2.8540         1.00
      2.8550         1.00
      2.8560         1.00
      2.8570         1.00
      2.8580         1.00
      2.8590         1.00
      2.8600         1.00
      2.8610         1.00
      2.8620         1.00
      2.8630         1.00
      2.8640         1.00
      2.8650         1.00
      2.8660         1.00
      2.8670         1.00
      2.8680         1.00
      2.8690         1.00
      2.8700         1.00
      2.8710         1.00
      2.8720         1.00
      2.8730         1.00
      2.8740         1.00
      2.8750         1.00
      2.8760         1.00
      2.8770         1.00
      2.8780         1.00
      2.8790         1.00
      2.8800         1.00
      2.8810         1.00
      2.8820         1.00
      2.8830         1.00
      2.8840         1.00
      2.8850         1.00
      2.8860         1.00
      2.8870         1.00
      2.8880         1.00
      2.8890         1.00
      2.8900         1.00
      2.8910         1.00
      2.8920         1.00
      2.8930         1.00
      2.8940         1.00
      2.8950         1.00
      2.8960         1.00
      2.8970         1.00
      2.8980         1.00
      2.8990         1.00
      2.9000         1.00
      2.9010         1.00
      2.9020         1.00
      2.9030         1.00
      2.9040         1.00
      2.9050         1.00
      2.9060         1.00
      2.9070         1.00
      2.9080         1.00
      2.9090         1.00
      2.9100         1.00
      2.9110         1.00
      2.9120         1.00
      2.9130         1.00
      2.9140         1.00
      2.9150         1.00
      2.9160         1.00
      2.9170         1.00
      2.9180         1.00
      2.9190         1.00
      2.9200         1.00
      2.9210         1.00
      2.9220         1.00
      2.9230         1.00
      2.9240         1.00
      2.9250         1.00
      2.9260         1.00
      2.9270         1.00
      2.9280         1.00
      2.9290         1.00
      2.9300         1.00
      2.9310         1.00
      2.9320         1.00
      2.9330         1.00
      2.9340         1.00
      2.9350         1.00
      2.9360         1.00
      2.9370         1.00
      2.9380         1.00
      2.9390         1.00
      2.9400         1.00
      2.9410         1.00
      2.9420         1.00
      2.9430         1.00
      2.9440         1.00
      2.9450         1.00
      2.9460         1.00
      2.9470         1.00
      2.9480         1.00
      2.9490         1.00
      2.9500         1.00
      2.9510         1.00
      2.9520         1.00
      2.9530         1.00
      2.9540         1.00
      2.9550         1.00
      2.9560         1.00
      2.9570         1.00
      2.9580         1.00
      2.9590         1.00
      2.9600         1.00
      2.9610         1.00
      2.9620         1.00
      2.9630         1.00
      2.9640         1.00
      2.9650         1.00
      2.9660         1.00
      2.9670         1.00
      2.9680         1.00
      2.9690         1.00
      2.9700         1.00
      2.9710         1.00
      2.9720         1.00
      2.9730         1.00
      2.9740         1.00
      2.9750         1.00
      2.9760         1.00
      2.9770         1.00
      2.9780         1.00
      2.9790         1.00
      2.9800         1.00
      2.9810         1.00
      2.9820         1.00
      2.9830         1.00
      2.9840         1.00
      2.9850         1.00
      2.9860         1.00
      2.9870         1.00
      2.9880         1.00
      2.9890         1.00
      2.9900         1.00
      2.9910         1.00
      2.9920         1.00
      2.9930         1.00
      2.9940         1.00
      2.9950         1.00
      2.9960         1.00
      2.9970         1.00
      2.9980         1.00
      2.9990         1.00
