        Time   Palpation Force
      0.0000         1.00
      0.0010         1.00
      0.0020         1.00
      0.0030         1.00
      0.0040         1.00
      0.0050         1.00
      0.0060         1.00
      0.0070         1.00
      0.0080         1.00
      0.0090         1.00
      0.0100         1.00
      0.0110         1.00
      0.0120         1.00
      0.0130         1.00
      0.0140         1.00
      0.0150         1.00
      0.0160         1.00
      0.0170         1.00
      0.0180         1.00
      0.0190         1.00
      0.0200         1.00
      0.0210         1.00
      0.0220         1.00
      0.0230         1.00
      0.0240         1.00
      0.0250         1.00
      0.0260         1.00
      0.0270         1.00
      0.0280         1.00
      0.0290         1.00
      0.0300         1.00
      0.0310         1.00
      0.0320         1.00
      0.0330         1.00
      0.0340         1.00
      0.0350         1.00
      0.0360         1.00
      0.0370         1.00
      0.0380         1.00
      0.0390         1.00
      0.0400         1.00
      0.0410         1.00
      0.0420         1.00
      0.0430         1.00
      0.0440         1.00
      0.0450         1.00
      0.0460         1.00
      0.0470         1.00
      0.0480         1.00
      0.0490         1.00
      0.0500         1.00
      0.0510         1.00
      0.0520         1.00
      0.0530         1.00
      0.0540         1.00
      0.0550         1.00
      0.0560         1.00
      0.0570         1.00
      0.0580         1.00
      0.0590         1.00
      0.0600         1.00
      0.0610         1.00
      0.0620         1.00
      0.0630         1.00
      0.0640         1.00
      0.0650         1.00
      0.0660         1.00
      0.0670         1.00
      0.0680         1.00
      0.0690         1.00
      0.0700         1.00
      0.0710         1.00
      0.0720         1.00
      0.0730         1.00
      0.0740         1.00
      0.0750         1.00
      0.0760         1.00
      0.0770         1.00
      0.0780         1.00
      0.0790         1.00
      0.0800         1.00
      0.0810         1.00
      0.0820         1.00
      0.0830         1.00
      0.0840         1.00
      0.0850         1.00
      0.0860         1.00
      0.0870         1.00
      0.0880         1.00
      0.0890         1.00
      0.0900         1.00
      0.0910         1.00
      0.0920         1.00
      0.0930         1.00
      0.0940         1.00
      0.0950         1.00
      0.0960         1.00
      0.0970         1.00
      0.0980         1.00
      0.0990         1.00
      0.1000         1.00
      0.1010         1.00
      0.1020         1.00
      0.1030         1.00
      0.1040         1.00
      0.1050         1.00
      0.1060         1.00
      0.1070         1.00
      0.1080         1.00
      0.1090         1.00
      0.1100         1.00
      0.1110         1.00
      0.1120         1.00
      0.1130         1.00
      0.1140         1.00
      0.1150         1.00
      0.1160         1.00
      0.1170         1.00
      0.1180         1.00
      0.1190         1.00
      0.1200         1.00
      0.1210         1.00
      0.1220         1.00
      0.1230         1.00
      0.1240         1.00
      0.1250         1.00
      0.1260         1.00
      0.1270         1.00
      0.1280         1.00
      0.1290         1.00
      0.1300         1.00
      0.1310         1.00
      0.1320         1.00
      0.1330         1.00
      0.1340         1.00
      0.1350         1.00
      0.1360         1.00
      0.1370         1.00
      0.1380         1.00
      0.1390         1.00
      0.1400         1.00
      0.1410         1.00
      0.1420         1.00
      0.1430         1.00
      0.1440         1.00
      0.1450         1.00
      0.1460         1.00
      0.1470         1.00
      0.1480         1.00
      0.1490         1.00
      0.1500         1.00
      0.1510         1.00
      0.1520         1.00
      0.1530         1.00
      0.1540         1.00
      0.1550         1.00
      0.1560         1.00
      0.1570         1.00
      0.1580         1.00
      0.1590         1.00
      0.1600         1.00
      0.1610         1.00
      0.1620         1.00
      0.1630         1.00
      0.1640         1.00
      0.1650         1.00
      0.1660         1.00
      0.1670         1.00
      0.1680         1.00
      0.1690         1.00
      0.1700         1.00
      0.1710         1.00
      0.1720         1.00
      0.1730         1.00
      0.1740         1.00
      0.1750         1.00
      0.1760         1.00
      0.1770         1.00
      0.1780         1.00
      0.1790         1.00
      0.1800         1.00
      0.1810         1.00
      0.1820         1.00
      0.1830         1.00
      0.1840         1.00
      0.1850         1.00
      0.1860         1.00
      0.1870         1.00
      0.1880         1.00
      0.1890         1.00
      0.1900         1.00
      0.1910         1.00
      0.1920         1.00
      0.1930         1.00
      0.1940         1.00
      0.1950         1.00
      0.1960         1.00
      0.1970         1.00
      0.1980         1.00
      0.1990         1.00
      0.2000         1.00
      0.2010         1.00
      0.2020         1.00
      0.2030         1.00
      0.2040         1.00
      0.2050         1.00
      0.2060         1.00
      0.2070         1.00
      0.2080         1.00
      0.2090         1.00
      0.2100         1.00
      0.2110         1.00
      0.2120         1.00
      0.2130         1.00
      0.2140         1.00
      0.2150         1.00
      0.2160         1.00
      0.2170         1.00
      0.2180         1.00
      0.2190         1.00
      0.2200         1.00
      0.2210         1.00
      0.2220         1.00
      0.2230         1.00
      0.2240         1.00
      0.2250         1.00
      0.2260         1.00
      0.2270         1.00
      0.2280         1.00
      0.2290         1.00
      0.2300         1.00
      0.2310         1.00
      0.2320         1.00
      0.2330         1.00
      0.2340         1.00
      0.2350         1.00
      0.2360         1.00
      0.2370         1.00
      0.2380         1.00
      0.2390         1.00
      0.2400         1.00
      0.2410         1.00
      0.2420         1.00
      0.2430         1.00
      0.2440         1.00
      0.2450         1.00
      0.2460         1.00
      0.2470         1.00
      0.2480         1.00
      0.2490         1.00
      0.2500         1.00
      0.2510         1.00
      0.2520         1.00
      0.2530         1.00
      0.2540         1.00
      0.2550         1.00
      0.2560         1.00
      0.2570         1.00
      0.2580         1.00
      0.2590         1.00
      0.2600         1.00
      0.2610         1.00
      0.2620         1.00
      0.2630         1.00
      0.2640         1.00
      0.2650         1.00
      0.2660         1.00
      0.2670         1.00
      0.2680         1.00
      0.2690         1.00
      0.2700         1.00
      0.2710         1.00
      0.2720         1.00
      0.2730         1.00
      0.2740         1.00
      0.2750         1.00
      0.2760         1.00
      0.2770         1.00
      0.2780         1.00
      0.2790         1.00
      0.2800         1.00
      0.2810         1.00
      0.2820         1.00
      0.2830         1.00
      0.2840         1.00
      0.2850         1.00
      0.2860         1.00
      0.2870         1.00
      0.2880         1.00
      0.2890         1.00
      0.2900         1.00
      0.2910         1.00
      0.2920         1.00
      0.2930         1.00
      0.2940         1.00
      0.2950         1.00
      0.2960         1.00
      0.2970         1.00
      0.2980         1.00
      0.2990         1.00
      0.3000         1.00
      0.3010         1.00
      0.3020         1.00
      0.3030         1.00
      0.3040         1.00
      0.3050         1.00
      0.3060         1.00
      0.3070         1.00
      0.3080         1.00
      0.3090         1.00
      0.3100         1.00
      0.3110         1.00
      0.3120         1.00
      0.3130         1.00
      0.3140         1.00
      0.3150         1.00
      0.3160         1.00
      0.3170         1.00
      0.3180         1.00
      0.3190         1.00
      0.3200         1.00
      0.3210         1.00
      0.3220         1.00
      0.3230         1.00
      0.3240         1.00
      0.3250         1.00
      0.3260         1.00
      0.3270         1.00
      0.3280         1.00
      0.3290         1.00
      0.3300         1.00
      0.3310         1.00
      0.3320         1.00
      0.3330         1.00
      0.3340         1.00
      0.3350         1.00
      0.3360         1.00
      0.3370         1.00
      0.3380         1.00
      0.3390         1.00
      0.3400         1.00
      0.3410         1.00
      0.3420         1.00
      0.3430         1.00
      0.3440         1.00
      0.3450         1.00
      0.3460         1.00
      0.3470         1.00
      0.3480         1.00
      0.3490         1.00
      0.3500         1.00
      0.3510         1.00
      0.3520         1.00
      0.3530         1.00
      0.3540         1.00
      0.3550         1.00
      0.3560         1.00
      0.3570         1.00
      0.3580         1.00
      0.3590         1.00
      0.3600         1.00
      0.3610         1.00
      0.3620         1.00
      0.3630         1.00
      0.3640         1.00
      0.3650         1.00
      0.3660         1.00
      0.3670         1.00
      0.3680         1.00
      0.3690         1.00
      0.3700         1.00
      0.3710         1.00
      0.3720         1.00
      0.3730         1.00
      0.3740         1.00
      0.3750         1.00
      0.3760         1.00
      0.3770         1.00
      0.3780         1.00
      0.3790         1.00
      0.3800         1.00
      0.3810         1.00
      0.3820         1.00
      0.3830         1.00
      0.3840         1.00
      0.3850         1.00
      0.3860         1.00
      0.3870         1.00
      0.3880         1.00
      0.3890         1.00
      0.3900         1.00
      0.3910         1.00
      0.3920         1.00
      0.3930         1.00
      0.3940         1.00
      0.3950         1.00
      0.3960         1.00
      0.3970         1.00
      0.3980         1.00
      0.3990         1.00
      0.4000         1.00
      0.4010         1.00
      0.4020         1.00
      0.4030         1.00
      0.4040         1.00
      0.4050         1.00
      0.4060         1.00
      0.4070         1.00
      0.4080         1.00
      0.4090         1.00
      0.4100         1.00
      0.4110         1.00
      0.4120         1.00
      0.4130         1.00
      0.4140         1.00
      0.4150         1.00
      0.4160         1.00
      0.4170         1.00
      0.4180         1.00
      0.4190         1.00
      0.4200         1.00
      0.4210         1.00
      0.4220         1.00
      0.4230         1.00
      0.4240         1.00
      0.4250         1.00
      0.4260         1.00
      0.4270         1.00
      0.4280         1.00
      0.4290         1.00
      0.4300         1.00
      0.4310         1.00
      0.4320         1.00
      0.4330         1.00
      0.4340         1.00
      0.4350         1.00
      0.4360         1.00
      0.4370         1.00
      0.4380         1.00
      0.4390         1.00
      0.4400         1.00
      0.4410         1.00
      0.4420         1.00
      0.4430         1.00
      0.4440         1.00
      0.4450         1.00
      0.4460         1.00
      0.4470         1.00
      0.4480         1.00
      0.4490         1.00
      0.4500         1.00
      0.4510         1.00
      0.4520         1.00
      0.4530         1.00
      0.4540         1.00
      0.4550         1.00
      0.4560         1.00
      0.4570         1.00
      0.4580         1.00
      0.4590         1.00
      0.4600         1.00
      0.4610         1.00
      0.4620         1.00
      0.4630         1.00
      0.4640         1.00
      0.4650         1.00
      0.4660         1.00
      0.4670         1.00
      0.4680         1.00
      0.4690         1.00
      0.4700         1.00
      0.4710         1.00
      0.4720         1.00
      0.4730         1.00
      0.4740         1.00
      0.4750         1.00
      0.4760         1.00
      0.4770         1.00
      0.4780         1.00
      0.4790         1.00
      0.4800         1.00
      0.4810         1.00
      0.4820         1.00
      0.4830         1.00
      0.4840         1.00
      0.4850         1.00
      0.4860         1.00
      0.4870         1.00
      0.4880         1.00
      0.4890         1.00
      0.4900         1.00
      0.4910         1.00
      0.4920         1.00
      0.4930         1.00
      0.4940         1.00
      0.4950         1.00
      0.4960         1.00
      0.4970         1.00
      0.4980         1.00
      0.4990         1.00
      0.5000         1.00
      0.5010         1.00
      0.5020         1.00
      0.5030         1.00
      0.5040         1.00
      0.5050         1.00
      0.5060         1.00
      0.5070         1.00
      0.5080         1.00
      0.5090         1.00
      0.5100         1.00
      0.5110         1.00
      0.5120         1.00
      0.5130         1.00
      0.5140         1.00
      0.5150         1.00
      0.5160         1.00
      0.5170         1.00
      0.5180         1.00
      0.5190         1.00
      0.5200         1.00
      0.5210         1.00
      0.5220         1.00
      0.5230         1.00
      0.5240         1.00
      0.5250         1.00
      0.5260         1.00
      0.5270         1.00
      0.5280         1.00
      0.5290         1.00
      0.5300         1.00
      0.5310         1.00
      0.5320         1.00
      0.5330         1.00
      0.5340         1.00
      0.5350         1.00
      0.5360         1.00
      0.5370         1.00
      0.5380         1.00
      0.5390         1.00
      0.5400         1.00
      0.5410         1.00
      0.5420         1.00
      0.5430         1.00
      0.5440         1.00
      0.5450         1.00
      0.5460         1.00
      0.5470         1.00
      0.5480         1.00
      0.5490         1.00
      0.5500         1.00
      0.5510         1.00
      0.5520         1.00
      0.5530         1.00
      0.5540         1.00
      0.5550         1.00
      0.5560         1.00
      0.5570         1.00
      0.5580         1.00
      0.5590         1.00
      0.5600         1.00
      0.5610         1.00
      0.5620         1.00
      0.5630         1.00
      0.5640         1.00
      0.5650         1.00
      0.5660         1.00
      0.5670         1.00
      0.5680         1.00
      0.5690         1.00
      0.5700         1.00
      0.5710         1.00
      0.5720         1.00
      0.5730         1.00
      0.5740         1.00
      0.5750         1.00
      0.5760         1.00
      0.5770         1.00
      0.5780         1.00
      0.5790         1.00
      0.5800         1.00
      0.5810         1.00
      0.5820         1.00
      0.5830         1.00
      0.5840         1.00
      0.5850         1.00
      0.5860         1.00
      0.5870         1.00
      0.5880         1.00
      0.5890         1.00
      0.5900         1.00
      0.5910         1.00
      0.5920         1.00
      0.5930         1.00
      0.5940         1.00
      0.5950         1.00
      0.5960         1.00
      0.5970         1.00
      0.5980         1.00
      0.5990         1.00
      0.6000         1.00
      0.6010         1.00
      0.6020         1.00
      0.6030         1.31
      0.6040         1.32
      0.6050         1.42
      0.6060         1.48
      0.6070         1.54
      0.6080         1.59
      0.6090         1.64
      0.6100         1.66
      0.6110         2.70
      0.6120         2.82
      0.6130         2.88
      0.6140         2.93
      0.6150         3.02
      0.6160         3.19
      0.6170         3.24
      0.6180         3.27
      0.6190         3.47
      0.6200         3.54
      0.6210         3.58
      0.6220         3.52
      0.6230         3.68
      0.6240         3.76
      0.6250         3.80
      0.6260         3.98
      0.6270         3.90
      0.6280         4.09
      0.6290         4.23
      0.6300         4.38
      0.6310         4.33
      0.6320         4.42
      0.6330         4.54
      0.6340         4.59
      0.6350         4.82
      0.6360         4.69
      0.6370         4.82
      0.6380         5.01
      0.6390         5.20
      0.6400         5.24
      0.6410         5.37
      0.6420         5.48
      0.6430         5.64
      0.6440         5.87
      0.6450         6.11
      0.6460         6.07
      0.6470         6.31
      0.6480         6.47
      0.6490         6.49
      0.6500         6.68
      0.6510         6.81
      0.6520         7.02
      0.6530         7.23
      0.6540         7.31
      0.6550         7.37
      0.6560         7.60
      0.6570         7.72
      0.6580         7.81
      0.6590         7.97
      0.6600         8.15
      0.6610         8.23
      0.6620         8.48
      0.6630         8.66
      0.6640         8.73
      0.6650         8.83
      0.6660         9.07
      0.6670         9.27
      0.6680         9.50
      0.6690         9.84
      0.6700        10.04
      0.6710        10.31
      0.6720        10.39
      0.6730        10.62
      0.6740        10.90
      0.6750        11.17
      0.6760        11.56
      0.6770        11.83
      0.6780        12.16
      0.6790        12.35
      0.6800        12.65
      0.6810        13.05
      0.6820        13.32
      0.6830        13.46
      0.6840        13.82
      0.6850        13.99
      0.6860        14.34
      0.6870        14.66
      0.6880        14.82
      0.6890        14.94
      0.6900        15.20
      0.6910        15.36
      0.6920        15.61
      0.6930        15.92
      0.6940        16.25
      0.6950        16.60
      0.6960        16.73
      0.6970        16.92
      0.6980        17.19
      0.6990        17.51
      0.7000        17.69
      0.7010        17.91
      0.7020        18.11
      0.7030        18.33
      0.7040        18.49
      0.7050        18.70
      0.7060        18.82
      0.7070        19.15
      0.7080        19.45
      0.7090        19.82
      0.7100        19.94
      0.7110        20.37
      0.7120        20.73
      0.7130        20.93
      0.7140        21.19
      0.7150        21.24
      0.7160        21.28
      0.7170        21.42
      0.7180        21.50
      0.7190        21.59
      0.7200        21.85
      0.7210        22.06
      0.7220        22.21
      0.7230        22.50
      0.7240        22.65
      0.7250        22.92
      0.7260        23.16
      0.7270        23.33
      0.7280        23.47
      0.7290        23.64
      0.7300        23.94
      0.7310        24.02
      0.7320        24.09
      0.7330        24.22
      0.7340        24.25
      0.7350        24.37
      0.7360        24.68
      0.7370        24.99
      0.7380        25.22
      0.7390        25.42
      0.7400        25.52
      0.7410        25.59
      0.7420        25.64
      0.7430        25.63
      0.7440        25.75
      0.7450        25.72
      0.7460        25.75
      0.7470        25.68
      0.7480        25.79
      0.7490        25.82
      0.7500        25.81
      0.7510        25.87
      0.7520        25.76
      0.7530        25.78
      0.7540        25.93
      0.7550        26.08
      0.7560        26.05
      0.7570        25.94
      0.7580        25.94
      0.7590        25.97
      0.7600        26.09
      0.7610        26.12
      0.7620        26.49
      0.7630        26.65
      0.7640        26.77
      0.7650        27.08
      0.7660        27.33
      0.7670        27.37
      0.7680        27.37
      0.7690        27.35
      0.7700        27.52
      0.7710        27.67
      0.7720        28.11
      0.7730        28.41
      0.7740        28.50
      0.7750        28.88
      0.7760        29.18
      0.7770        29.47
      0.7780        29.85
      0.7790        30.11
      0.7800        30.26
      0.7810        30.62
      0.7820        30.72
      0.7830        30.97
      0.7840        31.20
      0.7850        31.20
      0.7860        31.33
      0.7870        31.75
      0.7880        32.06
      0.7890        32.45
      0.7900        32.61
      0.7910        32.85
      0.7920        32.96
      0.7930        33.18
      0.7940        33.53
      0.7950        33.76
      0.7960        33.92
      0.7970        34.20
      0.7980        34.39
      0.7990        34.58
      0.8000        34.84
      0.8010        35.10
      0.8020        35.45
      0.8030        35.75
      0.8040        36.05
      0.8050        36.53
      0.8060        36.89
      0.8070        37.24
      0.8080        37.71
      0.8090        38.09
      0.8100        38.61
      0.8110        39.00
      0.8120        39.51
      0.8130        39.92
      0.8140        40.30
      0.8150        40.57
      0.8160        41.04
      0.8170        41.35
      0.8180        41.74
      0.8190        42.31
      0.8200        42.59
      0.8210        42.96
      0.8220        43.23
      0.8230        43.61
      0.8240        43.89
      0.8250        44.16
      0.8260        44.44
      0.8270        44.75
      0.8280        45.05
      0.8290        45.33
      0.8300        45.71
      0.8310        46.05
      0.8320        46.34
      0.8330        46.61
      0.8340        46.88
      0.8350        47.19
      0.8360        47.58
      0.8370        47.98
      0.8380        48.24
      0.8390        48.48
      0.8400        49.03
      0.8410        49.32
      0.8420        49.69
      0.8430        50.05
      0.8440        50.56
      0.8450        51.11
      0.8460        51.69
      0.8470        52.21
      0.8480        52.48
      0.8490        52.89
      0.8500        53.13
      0.8510        53.53
      0.8520        53.97
      0.8530        54.46
      0.8540        54.95
      0.8550        55.34
      0.8560        55.70
      0.8570        56.04
      0.8580        56.44
      0.8590        56.70
      0.8600        56.91
      0.8610        57.32
      0.8620        57.56
      0.8630        57.75
      0.8640        58.04
      0.8650        58.22
      0.8660        58.30
      0.8670        58.36
      0.8680        58.69
      0.8690        59.05
      0.8700        59.29
      0.8710        59.37
      0.8720        59.40
      0.8730        59.40
      0.8740        59.33
      0.8750        59.48
      0.8760        59.49
      0.8770        59.71
      0.8780        59.86
      0.8790        59.98
      0.8800        60.08
      0.8810        60.07
      0.8820        60.32
      0.8830        60.69
      0.8840        60.70
      0.8850        60.87
      0.8860        61.10
      0.8870        61.37
      0.8880        61.62
      0.8890        61.69
      0.8900        61.89
      0.8910        62.08
      0.8920        62.40
      0.8930        62.63
      0.8940        63.00
      0.8950        63.24
      0.8960        63.48
      0.8970        63.74
      0.8980        64.09
      0.8990        64.61
      0.9000        64.96
      0.9010        65.31
      0.9020        65.57
      0.9030        65.88
      0.9040        66.35
      0.9050        66.80
      0.9060        67.27
      0.9070        67.52
      0.9080        67.72
      0.9090        68.18
      0.9100        68.63
      0.9110        69.09
      0.9120        69.29
      0.9130        69.66
      0.9140        70.05
      0.9150        70.29
      0.9160        70.71
      0.9170        71.08
      0.9180        71.33
      0.9190        71.54
      0.9200        71.84
      0.9210        72.33
      0.9220        72.61
      0.9230        72.76
      0.9240        73.01
      0.9250        73.05
      0.9260        73.07
      0.9270        73.48
      0.9280        73.89
      0.9290        74.18
      0.9300        74.40
      0.9310        74.59
      0.9320        74.76
      0.9330        75.13
      0.9340        75.26
      0.9350        75.39
      0.9360        75.61
      0.9370        75.79
      0.9380        75.85
      0.9390        75.98
      0.9400        76.12
      0.9410        76.03
      0.9420        76.22
      0.9430        76.37
      0.9440        76.41
      0.9450        76.55
      0.9460        76.63
      0.9470        76.61
      0.9480        76.61
      0.9490        76.51
      0.9500        76.57
      0.9510        76.38
      0.9520        76.58
      0.9530        76.49
      0.9540        76.47
      0.9550        76.67
      0.9560        76.75
      0.9570        76.52
      0.9580        76.75
      0.9590        76.73
      0.9600        76.85
      0.9610        76.87
      0.9620        76.79
      0.9630        76.79
      0.9640        76.75
      0.9650        76.94
      0.9660        77.19
      0.9670        77.26
      0.9680        77.22
      0.9690        77.43
      0.9700        77.35
      0.9710        77.62
      0.9720        77.76
      0.9730        77.88
      0.9740        78.07
      0.9750        78.07
      0.9760        78.10
      0.9770        78.53
      0.9780        78.56
      0.9790        78.68
      0.9800        78.71
      0.9810        78.87
      0.9820        79.20
      0.9830        79.42
      0.9840        79.71
      0.9850        79.63
      0.9860        79.63
      0.9870        79.78
      0.9880        79.82
      0.9890        79.78
      0.9900        79.80
      0.9910        79.95
      0.9920        79.89
      0.9930        80.01
      0.9940        80.04
      0.9950        80.17
      0.9960        80.18
      0.9970        80.12
      0.9980        80.16
      0.9990        80.19
      1.0000        80.22
      1.0010        80.33
      1.0020        80.24
      1.0030        80.24
      1.0040        80.18
      1.0050        80.40
      1.0060        80.36
      1.0070        80.27
      1.0080        80.52
      1.0090        80.44
      1.0100        80.53
      1.0110        80.54
      1.0120        80.63
      1.0130        80.63
      1.0140        80.65
      1.0150        80.53
      1.0160        80.61
      1.0170        80.47
      1.0180        80.49
      1.0190        80.40
      1.0200        80.32
      1.0210        80.28
      1.0220        80.18
      1.0230        80.13
      1.0240        80.06
      1.0250        79.79
      1.0260        79.82
      1.0270        79.74
      1.0280        79.53
      1.0290        79.52
      1.0300        79.52
      1.0310        79.43
      1.0320        79.29
      1.0330        79.17
      1.0340        79.11
      1.0350        79.05
      1.0360        78.88
      1.0370        78.99
      1.0380        78.87
      1.0390        78.88
      1.0400        78.95
      1.0410        78.91
      1.0420        78.90
      1.0430        78.99
      1.0440        79.14
      1.0450        79.33
      1.0460        79.51
      1.0470        79.60
      1.0480        79.72
      1.0490        80.05
      1.0500        80.41
      1.0510        80.49
      1.0520        80.73
      1.0530        80.95
      1.0540        81.26
      1.0550        81.72
      1.0560        82.16
      1.0570        82.40
      1.0580        82.66
      1.0590        82.99
      1.0600        83.35
      1.0610        83.64
      1.0620        84.19
      1.0630        84.35
      1.0640        84.43
      1.0650        84.68
      1.0660        84.86
      1.0670        85.15
      1.0680        85.42
      1.0690        85.66
      1.0700        85.49
      1.0710        85.67
      1.0720        85.82
      1.0730        86.06
      1.0740        86.00
      1.0750        85.93
      1.0760        85.85
      1.0770        85.91
      1.0780        85.89
      1.0790        85.68
      1.0800        85.61
      1.0810        85.61
      1.0820        85.26
      1.0830        85.26
      1.0840        85.38
      1.0850        85.22
      1.0860        85.14
      1.0870        85.01
      1.0880        84.88
      1.0890        84.62
      1.0900        84.76
      1.0910        84.84
      1.0920        84.75
      1.0930        84.68
      1.0940        84.73
      1.0950        84.59
      1.0960        84.53
      1.0970        84.56
      1.0980        84.69
      1.0990        84.90
      1.1000        84.83
      1.1010        84.88
      1.1020        84.96
      1.1030        84.88
      1.1040        84.83
      1.1050        84.92
      1.1060        84.83
      1.1070        84.97
      1.1080        85.01
      1.1090        85.06
      1.1100        84.93
      1.1110        84.82
      1.1120        84.79
      1.1130        84.78
      1.1140        84.86
      1.1150        85.14
      1.1160        85.10
      1.1170        85.05
      1.1180        85.18
      1.1190        85.22
      1.1200        85.36
      1.1210        85.44
      1.1220        85.53
      1.1230        85.73
      1.1240        85.86
      1.1250        85.96
      1.1260        86.12
      1.1270        86.18
      1.1280        86.30
      1.1290        86.44
      1.1300        86.79
      1.1310        86.95
      1.1320        87.16
      1.1330        87.30
      1.1340        87.28
      1.1350        87.36
      1.1360        87.56
      1.1370        87.63
      1.1380        87.51
      1.1390        87.58
      1.1400        87.75
      1.1410        87.72
      1.1420        87.75
      1.1430        87.74
      1.1440        87.77
      1.1450        87.83
      1.1460        87.85
      1.1470        87.83
      1.1480        87.73
      1.1490        87.65
      1.1500        87.40
      1.1510        87.43
      1.1520        87.26
      1.1530        87.11
      1.1540        87.02
      1.1550        86.71
      1.1560        86.55
      1.1570        86.49
      1.1580        86.32
      1.1590        86.13
      1.1600        85.84
      1.1610        85.58
      1.1620        85.38
      1.1630        85.25
      1.1640        85.06
      1.1650        84.86
      1.1660        84.70
      1.1670        84.43
      1.1680        84.41
      1.1690        84.37
      1.1700        84.21
      1.1710        84.05
      1.1720        84.00
      1.1730        83.81
      1.1740        83.71
      1.1750        83.72
      1.1760        83.63
      1.1770        83.49
      1.1780        83.56
      1.1790        83.60
      1.1800        83.69
      1.1810        83.80
      1.1820        83.87
      1.1830        83.84
      1.1840        83.71
      1.1850        83.66
      1.1860        83.63
      1.1870        83.76
      1.1880        83.56
      1.1890        83.43
      1.1900        83.33
      1.1910        83.25
      1.1920        83.11
      1.1930        83.09
      1.1940        83.03
      1.1950        83.03
      1.1960        83.00
      1.1970        82.85
      1.1980        82.45
      1.1990        82.14
      1.2000        81.86
      1.2010        81.66
      1.2020        81.54
      1.2030        81.35
      1.2040        81.28
      1.2050        81.13
      1.2060        80.96
      1.2070        80.76
      1.2080        80.64
      1.2090        80.68
      1.2100        80.62
      1.2110        80.52
      1.2120        80.45
      1.2130        80.35
      1.2140        80.29
      1.2150        80.13
      1.2160        79.99
      1.2170        79.90
      1.2180        80.15
      1.2190        80.26
      1.2200        80.26
      1.2210        80.24
      1.2220        80.12
      1.2230        80.09
      1.2240        80.15
      1.2250        80.18
      1.2260        80.19
      1.2270        80.04
      1.2280        80.03
      1.2290        79.82
      1.2300        79.89
      1.2310        79.73
      1.2320        79.73
      1.2330        79.57
      1.2340        79.50
      1.2350        79.36
      1.2360        79.16
      1.2370        79.28
      1.2380        79.13
      1.2390        78.97
      1.2400        78.87
      1.2410        78.73
      1.2420        78.62
      1.2430        78.51
      1.2440        78.32
      1.2450        78.20
      1.2460        78.10
      1.2470        78.04
      1.2480        77.91
      1.2490        77.89
      1.2500        77.75
      1.2510        77.64
      1.2520        77.43
      1.2530        77.41
      1.2540        77.34
      1.2550        77.36
      1.2560        77.52
      1.2570        77.30
      1.2580        77.21
      1.2590        77.13
      1.2600        76.99
      1.2610        76.97
      1.2620        76.94
      1.2630        76.86
      1.2640        76.71
      1.2650        76.51
      1.2660        76.31
      1.2670        76.19
      1.2680        76.08
      1.2690        75.90
      1.2700        75.65
      1.2710        75.58
      1.2720        75.62
      1.2730        75.57
      1.2740        75.39
      1.2750        75.35
      1.2760        75.18
      1.2770        74.95
      1.2780        74.80
      1.2790        74.70
      1.2800        74.53
      1.2810        74.25
      1.2820        74.09
      1.2830        73.92
      1.2840        73.76
      1.2850        73.62
      1.2860        73.70
      1.2870        73.58
      1.2880        73.47
      1.2890        73.27
      1.2900        73.18
      1.2910        72.96
      1.2920        72.75
      1.2930        72.59
      1.2940        72.40
      1.2950        72.24
      1.2960        72.05
      1.2970        72.04
      1.2980        71.88
      1.2990        71.71
      1.3000        71.65
      1.3010        71.62
      1.3020        71.58
      1.3030        71.62
      1.3040        71.61
      1.3050        71.78
      1.3060        71.58
      1.3070        71.52
      1.3080        71.55
      1.3090        71.55
      1.3100        71.49
      1.3110        71.52
      1.3120        71.52
      1.3130        71.57
      1.3140        71.55
      1.3150        71.52
      1.3160        71.60
      1.3170        71.58
      1.3180        71.50
      1.3190        71.52
      1.3200        71.40
      1.3210        71.41
      1.3220        71.28
      1.3230        71.13
      1.3240        71.06
      1.3250        70.70
      1.3260        70.61
      1.3270        70.46
      1.3280        70.41
      1.3290        70.29
      1.3300        70.13
      1.3310        70.01
      1.3320        69.82
      1.3330        69.59
      1.3340        69.48
      1.3350        69.22
      1.3360        68.95
      1.3370        68.80
      1.3380        68.64
      1.3390        68.44
      1.3400        68.36
      1.3410        68.14
      1.3420        68.01
      1.3430        67.94
      1.3440        67.78
      1.3450        67.68
      1.3460        67.54
      1.3470        67.51
      1.3480        67.24
      1.3490        67.13
      1.3500        67.07
      1.3510        66.98
      1.3520        66.83
      1.3530        66.75
      1.3540        66.71
      1.3550        66.66
      1.3560        66.44
      1.3570        66.21
      1.3580        66.17
      1.3590        66.00
      1.3600        65.65
      1.3610        65.50
      1.3620        65.17
      1.3630        64.83
      1.3640        64.55
      1.3650        64.48
      1.3660        64.24
      1.3670        63.97
      1.3680        63.80
      1.3690        63.58
      1.3700        63.34
      1.3710        63.02
      1.3720        62.87
      1.3730        62.48
      1.3740        62.14
      1.3750        61.77
      1.3760        61.54
      1.3770        61.37
      1.3780        61.06
      1.3790        60.83
      1.3800        60.85
      1.3810        60.59
      1.3820        60.59
      1.3830        60.46
      1.3840        60.35
      1.3850        59.91
      1.3860        59.77
      1.3870        59.44
      1.3880        59.20
      1.3890        58.91
      1.3900        58.83
      1.3910        58.70
      1.3920        58.38
      1.3930        58.31
      1.3940        58.15
      1.3950        58.08
      1.3960        58.05
      1.3970        57.85
      1.3980        57.50
      1.3990        57.32
      1.4000        57.05
      1.4010        56.93
      1.4020        56.60
      1.4030        56.22
      1.4040        55.94
      1.4050        55.85
      1.4060        55.60
      1.4070        55.60
      1.4080        55.32
      1.4090        55.12
      1.4100        54.77
      1.4110        54.44
      1.4120        54.32
      1.4130        53.90
      1.4140        53.53
      1.4150        53.39
      1.4160        53.05
      1.4170        52.64
      1.4180        52.64
      1.4190        52.39
      1.4200        52.20
      1.4210        51.98
      1.4220        51.90
      1.4230        51.87
      1.4240        51.86
      1.4250        51.63
      1.4260        51.51
      1.4270        51.38
      1.4280        51.47
      1.4290        51.38
      1.4300        51.33
      1.4310        51.43
      1.4320        51.33
      1.4330        51.38
      1.4340        51.42
      1.4350        51.19
      1.4360        51.03
      1.4370        50.97
      1.4380        50.83
      1.4390        50.66
      1.4400        50.49
      1.4410        50.34
      1.4420        50.25
      1.4430        50.07
      1.4440        49.83
      1.4450        49.87
      1.4460        49.60
      1.4470        49.40
      1.4480        49.13
      1.4490        48.87
      1.4500        48.62
      1.4510        48.19
      1.4520        47.91
      1.4530        47.60
      1.4540        47.44
      1.4550        47.12
      1.4560        47.13
      1.4570        46.94
      1.4580        46.77
      1.4590        46.74
      1.4600        46.71
      1.4610        46.54
      1.4620        46.27
      1.4630        46.01
      1.4640        45.80
      1.4650        45.50
      1.4660        45.42
      1.4670        45.25
      1.4680        45.11
      1.4690        45.14
      1.4700        45.09
      1.4710        45.25
      1.4720        45.13
      1.4730        45.29
      1.4740        45.12
      1.4750        45.10
      1.4760        44.91
      1.4770        45.01
      1.4780        44.99
      1.4790        44.86
      1.4800        44.71
      1.4810        44.68
      1.4820        44.58
      1.4830        44.51
      1.4840        44.46
      1.4850        44.40
      1.4860        44.34
      1.4870        44.28
      1.4880        44.14
      1.4890        43.96
      1.4900        43.70
      1.4910        43.30
      1.4920        43.22
      1.4930        42.89
      1.4940        42.75
      1.4950        42.67
      1.4960        42.39
      1.4970        42.14
      1.4980        41.96
      1.4990        41.71
      1.5000        41.40
      1.5010        41.10
      1.5020        40.98
      1.5030        40.78
      1.5040        40.54
      1.5050        40.30
      1.5060        39.95
      1.5070        39.60
      1.5080        39.46
      1.5090        39.26
      1.5100        39.29
      1.5110        39.18
      1.5120        39.00
      1.5130        38.83
      1.5140        38.68
      1.5150        38.37
      1.5160        38.25
      1.5170        37.98
      1.5180        37.69
      1.5190        37.47
      1.5200        37.24
      1.5210        36.92
      1.5220        36.63
      1.5230        36.48
      1.5240        36.52
      1.5250        36.33
      1.5260        36.28
      1.5270        36.11
      1.5280        35.94
      1.5290        35.73
      1.5300        35.41
      1.5310        35.16
      1.5320        35.00
      1.5330        34.88
      1.5340        34.49
      1.5350        34.37
      1.5360        34.18
      1.5370        34.05
      1.5380        33.85
      1.5390        33.90
      1.5400        33.83
      1.5410        33.93
      1.5420        33.86
      1.5430        33.65
      1.5440        33.20
      1.5450        33.22
      1.5460        33.08
      1.5470        33.08
      1.5480        32.81
      1.5490        32.77
      1.5500        32.82
      1.5510        32.94
      1.5520        32.90
      1.5530        32.70
      1.5540        32.73
      1.5550        32.75
      1.5560        32.74
      1.5570        32.58
      1.5580        32.54
      1.5590        32.35
      1.5600        32.37
      1.5610        32.15
      1.5620        32.07
      1.5630        31.97
      1.5640        31.93
      1.5650        31.72
      1.5660        31.50
      1.5670        31.25
      1.5680        31.00
      1.5690        30.78
      1.5700        30.28
      1.5710        29.84
      1.5720        29.50
      1.5730        29.38
      1.5740        29.19
      1.5750        28.78
      1.5760        28.61
      1.5770        28.40
      1.5780        28.00
      1.5790        27.74
      1.5800        27.41
      1.5810        27.36
      1.5820        27.01
      1.5830        26.84
      1.5840        26.67
      1.5850        26.34
      1.5860        26.22
      1.5870        26.07
      1.5880        26.08
      1.5890        25.87
      1.5900        25.87
      1.5910        25.72
      1.5920        25.62
      1.5930        25.49
      1.5940        25.52
      1.5950        25.61
      1.5960        25.43
      1.5970        25.53
      1.5980        25.68
      1.5990        25.55
      1.6000        25.65
      1.6010        25.58
      1.6020        25.73
      1.6030        25.82
      1.6040        25.77
      1.6050        25.86
      1.6060        25.86
      1.6070        25.98
      1.6080        25.80
      1.6090        25.80
      1.6100        25.90
      1.6110        26.00
      1.6120        25.96
      1.6130        25.88
      1.6140        25.73
      1.6150        25.69
      1.6160        25.54
      1.6170        25.54
      1.6180        25.46
      1.6190        25.45
      1.6200        25.30
      1.6210        24.99
      1.6220        24.83
      1.6230        24.64
      1.6240        24.60
      1.6250        24.48
      1.6260        24.43
      1.6270        24.27
      1.6280        24.32
      1.6290        24.18
      1.6300        24.09
      1.6310        24.07
      1.6320        24.01
      1.6330        23.88
      1.6340        23.82
      1.6350        23.65
      1.6360        23.70
      1.6370        23.57
      1.6380        23.42
      1.6390        23.34
      1.6400        23.11
      1.6410        23.19
      1.6420        23.04
      1.6430        22.92
      1.6440        22.89
      1.6450        22.80
      1.6460        22.62
      1.6470        22.36
      1.6480        22.12
      1.6490        22.09
      1.6500        21.60
      1.6510        21.41
      1.6520        21.28
      1.6530        21.01
      1.6540        20.73
      1.6550        20.39
      1.6560        20.11
      1.6570        19.72
      1.6580        19.51
      1.6590        19.12
      1.6600        19.03
      1.6610        18.70
      1.6620        18.47
      1.6630        18.17
      1.6640        17.72
      1.6650        17.50
      1.6660        17.26
      1.6670        17.03
      1.6680        16.96
      1.6690        16.73
      1.6700        16.72
      1.6710        16.54
      1.6720        16.24
      1.6730        16.21
      1.6740        15.98
      1.6750        15.93
      1.6760        15.77
      1.6770        15.67
      1.6780        15.58
      1.6790        15.57
      1.6800        15.38
      1.6810        15.18
      1.6820        15.05
      1.6830        14.94
      1.6840        14.96
      1.6850        14.83
      1.6860        14.70
      1.6870        14.53
      1.6880        14.32
      1.6890        14.10
      1.6900        13.92
      1.6910        13.59
      1.6920        13.49
      1.6930        13.28
      1.6940        13.10
      1.6950        12.79
      1.6960        12.69
      1.6970        12.58
      1.6980        12.43
      1.6990        12.25
      1.7000        12.05
      1.7010        11.81
      1.7020        11.54
      1.7030        11.44
      1.7040        11.08
      1.7050        10.89
      1.7060        10.68
      1.7070        10.63
      1.7080        10.48
      1.7090        10.39
      1.7100        10.33
      1.7110        10.31
      1.7120        10.32
      1.7130        10.18
      1.7140        10.24
      1.7150        10.35
      1.7160        10.21
      1.7170        10.16
      1.7180        10.21
      1.7190        10.16
      1.7200        10.09
      1.7210        10.29
      1.7220        10.25
      1.7230        10.22
      1.7240        10.30
      1.7250        10.17
      1.7260        10.16
      1.7270        10.12
      1.7280        10.12
      1.7290        10.00
      1.7300         9.90
      1.7310         9.74
      1.7320         9.47
      1.7330         9.44
      1.7340         9.20
      1.7350         9.03
      1.7360         8.96
      1.7370         8.66
      1.7380         8.30
      1.7390         8.25
      1.7400         8.25
      1.7410         8.02
      1.7420         8.06
      1.7430         7.99
      1.7440         7.84
      1.7450         7.86
      1.7460         7.80
      1.7470         7.52
      1.7480         7.24
      1.7490         7.14
      1.7500         7.04
      1.7510         6.99
      1.7520         7.07
      1.7530         7.17
      1.7540         7.30
      1.7550         7.24
      1.7560         7.09
      1.7570         7.12
      1.7580         7.28
      1.7590         7.17
      1.7600         6.97
      1.7610         6.98
      1.7620         6.91
      1.7630         6.78
      1.7640         6.86
      1.7650         6.76
      1.7660         6.76
      1.7670         6.73
      1.7680         6.82
      1.7690         6.86
      1.7700         6.70
      1.7710         6.70
      1.7720         6.66
      1.7730         6.38
      1.7740         6.12
      1.7750         5.99
      1.7760         5.82
      1.7770         5.81
      1.7780         5.57
      1.7790         5.33
      1.7800         5.18
      1.7810         4.96
      1.7820         4.78
      1.7830         4.62
      1.7840         4.47
      1.7850         4.39
      1.7860         4.23
      1.7870         4.12
      1.7880         3.82
      1.7890         3.05
      1.7900         3.11
      1.7910         2.97
      1.7920         2.64
      1.7930         2.42
      1.7940         2.32
      1.7950         2.22
      1.7960         2.24
      1.7970         2.14
      1.7980         2.06
      1.7990         1.98
      1.8000         2.53
      1.8010         2.54
      1.8020         2.51
      1.8030         2.37
      1.8040         1.24
      1.8050         1.19
      1.8060         1.21
      1.8070         1.09
      1.8080         1.00
      1.8090         1.14
      1.8100         1.00
      1.8110         1.00
      1.8120         1.00
      1.8130         1.00
      1.8140         1.00
      1.8150         1.00
      1.8160         1.00
      1.8170         1.00
      1.8180         1.00
      1.8190         1.00
      1.8200         1.00
      1.8210         1.00
      1.8220         1.00
      1.8230         1.00
      1.8240         1.00
      1.8250         1.00
      1.8260         1.00
      1.8270         1.00
      1.8280         1.00
      1.8290         1.00
      1.8300         1.00
      1.8310         1.00
      1.8320         1.00
      1.8330         1.00
      1.8340         1.00
      1.8350         1.00
      1.8360         1.00
      1.8370         1.00
      1.8380         1.00
      1.8390         1.00
      1.8400         1.00
      1.8410         1.00
      1.8420         1.00
      1.8430         1.00
      1.8440         1.00
      1.8450         1.00
      1.8460         1.00
      1.8470         1.00
      1.8480         1.00
      1.8490         1.00
      1.8500         1.00
      1.8510         1.00
      1.8520         1.00
      1.8530         1.00
      1.8540         1.00
      1.8550         1.00
      1.8560         1.00
      1.8570         1.00
      1.8580         1.00
      1.8590         1.00
      1.8600         1.00
      1.8610         1.00
      1.8620         1.00
      1.8630         1.00
      1.8640         1.00
      1.8650         1.00
      1.8660         1.00
      1.8670         1.00
      1.8680         1.00
      1.8690         1.00
      1.8700         1.00
      1.8710         1.00
      1.8720         1.00
      1.8730         1.00
      1.8740         1.00
      1.8750         1.00
      1.8760         1.00
      1.8770         1.00
      1.8780         1.00
      1.8790         1.00
      1.8800         1.00
      1.8810         1.00
      1.8820         1.00
      1.8830         1.00
      1.8840         1.00
      1.8850         1.00
      1.8860         1.00
      1.8870         1.00
      1.8880         1.00
      1.8890         1.00
      1.8900         1.00
      1.8910         1.00
      1.8920         1.00
      1.8930         1.00
      1.8940         1.00
      1.8950         1.00
      1.8960         1.00
      1.8970         1.00
      1.8980         1.00
      1.8990         1.00
      1.9000         1.00
      1.9010         1.00
      1.9020         1.00
      1.9030         1.00
      1.9040         1.00
      1.9050         1.00
      1.9060         1.00
      1.9070         1.00
      1.9080         1.00
      1.9090         1.00
      1.9100         1.00
      1.9110         1.00
      1.9120         1.00
      1.9130         1.00
      1.9140         1.00
      1.9150         1.00
      1.9160         1.00
      1.9170         1.00
      1.9180         1.00
      1.9190         1.00
      1.9200         1.00
      1.9210         1.00
      1.9220         1.00
      1.9230         1.00
      1.9240         1.00
      1.9250         1.00
      1.9260         1.00
      1.9270         1.00
      1.9280         1.00
      1.9290         1.00
      1.9300         1.00
      1.9310         1.00
      1.9320         1.00
      1.9330         1.00
      1.9340         1.00
      1.9350         1.00
      1.9360         1.00
      1.9370         1.00
      1.9380         1.00
      1.9390         1.00
      1.9400         1.00
      1.9410         1.00
      1.9420         1.00
      1.9430         1.00
      1.9440         1.00
      1.9450         1.00
      1.9460         1.00
      1.9470         1.00
      1.9480         1.00
      1.9490         1.00
      1.9500         1.00
      1.9510         1.00
      1.9520         1.00
      1.9530         1.00
      1.9540         1.00
      1.9550         1.00
      1.9560         1.00
      1.9570         1.00
      1.9580         1.00
      1.9590         1.00
      1.9600         1.00
      1.9610         1.00
      1.9620         1.00
      1.9630         1.00
      1.9640         1.00
      1.9650         1.00
      1.9660         1.00
      1.9670         1.00
      1.9680         1.00
      1.9690         1.00
      1.9700         1.00
      1.9710         1.00
      1.9720         1.00
      1.9730         1.00
      1.9740         1.00
      1.9750         1.00
      1.9760         1.00
      1.9770         1.00
      1.9780         1.00
      1.9790         1.00
      1.9800         1.00
      1.9810         1.00
      1.9820         1.00
      1.9830         1.00
      1.9840         1.00
      1.9850         1.00
      1.9860         1.00
      1.9870         1.00
      1.9880         1.00
      1.9890         1.00
      1.9900         1.00
      1.9910         1.00
      1.9920         1.00
      1.9930         1.00
      1.9940         1.00
      1.9950         1.00
      1.9960         1.00
      1.9970         1.00
      1.9980         1.00
      1.9990         1.00
      2.0000         1.00
      2.0010         1.00
      2.0020         1.00
      2.0030         1.00
      2.0040         1.00
      2.0050         1.00
      2.0060         1.00
      2.0070         1.00
      2.0080         1.00
      2.0090         1.00
      2.0100         1.00
      2.0110         1.00
      2.0120         1.00
      2.0130         1.00
      2.0140         1.00
      2.0150         1.00
      2.0160         1.00
      2.0170         1.00
      2.0180         1.00
      2.0190         1.00
      2.0200         1.00
      2.0210         1.00
      2.0220         1.00
      2.0230         1.00
      2.0240         1.00
      2.0250         1.00
      2.0260         1.00
      2.0270         1.00
      2.0280         1.00
      2.0290         1.00
      2.0300         1.00
      2.0310         1.00
      2.0320         1.00
      2.0330         1.00
      2.0340         1.00
      2.0350         1.00
      2.0360         1.00
      2.0370         1.00
      2.0380         1.00
      2.0390         1.00
      2.0400         1.00
      2.0410         1.00
      2.0420         1.00
      2.0430         1.00
      2.0440         1.00
      2.0450         1.00
      2.0460         1.00
      2.0470         1.00
      2.0480         1.00
      2.0490         1.00
      2.0500         1.00
      2.0510         1.00
      2.0520         1.00
      2.0530         1.00
      2.0540         1.00
      2.0550         1.00
      2.0560         1.00
      2.0570         1.00
      2.0580         1.00
      2.0590         1.00
      2.0600         1.00
      2.0610         1.00
      2.0620         1.00
      2.0630         1.00
      2.0640         1.00
      2.0650         1.00
      2.0660         1.00
      2.0670         1.00
      2.0680         1.00
      2.0690         1.00
      2.0700         1.00
      2.0710         1.00
      2.0720         1.00
      2.0730         1.00
      2.0740         1.00
      2.0750         1.00
      2.0760         1.00
      2.0770         1.00
      2.0780         1.00
      2.0790         1.00
      2.0800         1.00
      2.0810         1.00
      2.0820         1.00
      2.0830         1.00
      2.0840         1.00
      2.0850         1.00
      2.0860         1.00
      2.0870         1.00
      2.0880         1.00
      2.0890         1.00
      2.0900         1.00
      2.0910         1.00
      2.0920         1.00
      2.0930         1.00
      2.0940         1.00
      2.0950         1.00
      2.0960         1.00
      2.0970         1.00
      2.0980         1.00
      2.0990         1.00
      2.1000         1.00
      2.1010         1.00
      2.1020         1.00
      2.1030         1.00
      2.1040         1.00
      2.1050         1.00
      2.1060         1.00
      2.1070         1.00
      2.1080         1.00
      2.1090         1.00
      2.1100         1.00
      2.1110         1.00
      2.1120         1.00
      2.1130         1.00
      2.1140         1.00
      2.1150         1.00
      2.1160         1.00
      2.1170         1.00
      2.1180         1.00
      2.1190         1.00
      2.1200         1.00
      2.1210         1.00
      2.1220         1.00
      2.1230         1.00
      2.1240         1.00
      2.1250         1.00
      2.1260         1.00
      2.1270         1.00
      2.1280         1.00
      2.1290         1.00
      2.1300         1.00
      2.1310         1.00
      2.1320         1.00
      2.1330         1.00
      2.1340         1.00
      2.1350         1.00
      2.1360         1.00
      2.1370         1.00
      2.1380         1.00
      2.1390         1.00
      2.1400         1.00
      2.1410         1.00
      2.1420         1.00
      2.1430         1.00
      2.1440         1.00
      2.1450         1.00
      2.1460         1.00
      2.1470         1.00
      2.1480         1.00
      2.1490         1.00
      2.1500         1.00
      2.1510         1.00
      2.1520         1.00
      2.1530         1.00
      2.1540         1.00
      2.1550         1.00
      2.1560         1.00
      2.1570         1.00
      2.1580         1.00
      2.1590         1.00
      2.1600         1.00
      2.1610         1.00
      2.1620         1.00
      2.1630         1.00
      2.1640         1.00
      2.1650         1.00
      2.1660         1.00
      2.1670         1.00
      2.1680         1.00
      2.1690         1.00
      2.1700         1.00
      2.1710         1.00
      2.1720         1.00
      2.1730         1.00
      2.1740         1.00
      2.1750         1.00
      2.1760         1.00
      2.1770         1.00
      2.1780         1.00
      2.1790         1.00
      2.1800         1.00
      2.1810         1.00
      2.1820         1.00
      2.1830         1.00
      2.1840         1.00
      2.1850         1.00
      2.1860         1.00
      2.1870         1.00
      2.1880         1.00
      2.1890         1.00
      2.1900         1.00
      2.1910         1.00
      2.1920         1.00
      2.1930         1.00
      2.1940         1.00
      2.1950         1.00
      2.1960         1.00
      2.1970         1.00
      2.1980         1.00
      2.1990         1.00
      2.2000         1.00
      2.2010         1.00
      2.2020         1.00
      2.2030         1.00
      2.2040         1.00
      2.2050         1.00
      2.2060         1.00
      2.2070         1.00
      2.2080         1.00
      2.2090         1.00
      2.2100         1.00
      2.2110         1.00
      2.2120         1.00
      2.2130         1.00
      2.2140         1.00
      2.2150         1.00
      2.2160         1.00
      2.2170         1.00
      2.2180         1.00
      2.2190         1.00
      2.2200         1.00
      2.2210         1.00
      2.2220         1.00
      2.2230         1.00
      2.2240         1.00
      2.2250         1.00
      2.2260         1.00
      2.2270         1.00
      2.2280         1.00
      2.2290         1.00
      2.2300         1.00
      2.2310         1.00
      2.2320         1.00
      2.2330         1.00
      2.2340         1.00
      2.2350         1.00
      2.2360         1.00
      2.2370         1.00
      2.2380         1.00
      2.2390         1.00
      2.2400         1.00
      2.2410         1.00
      2.2420         1.00
      2.2430         1.00
      2.2440         1.00
      2.2450         1.00
      2.2460         1.00
      2.2470         1.00
      2.2480         1.00
      2.2490         1.00
      2.2500         1.00
      2.2510         1.00
      2.2520         1.00
      2.2530         1.00
      2.2540         1.00
      2.2550         1.00
      2.2560         1.00
      2.2570         1.00
      2.2580         1.00
      2.2590         1.00
      2.2600         1.00
      2.2610         1.00
      2.2620         1.00
      2.2630         1.00
      2.2640         1.00
      2.2650         1.00
      2.2660         1.00
      2.2670         1.00
      2.2680         1.00
      2.2690         1.00
      2.2700         1.00
      2.2710         1.00
      2.2720         1.00
      2.2730         1.00
      2.2740         1.00
      2.2750         1.00
      2.2760         1.00
      2.2770         1.00
      2.2780         1.00
      2.2790         1.00
      2.2800         1.00
      2.2810         1.00
      2.2820         1.00
      2.2830         1.00
      2.2840         1.00
      2.2850         1.00
      2.2860         1.00
      2.2870         1.00
      2.2880         1.00
      2.2890         1.00
      2.2900         1.00
      2.2910         1.00
      2.2920         1.00
      2.2930         1.00
      2.2940         1.00
      2.2950         1.00
      2.2960         1.00
      2.2970         1.00
      2.2980         1.00
      2.2990         1.00
      2.3000         1.00
      2.3010         1.00
      2.3020         1.00
      2.3030         1.00
      2.3040         1.00
      2.3050         1.00
      2.3060         1.00
      2.3070         1.00
      2.3080         1.00
      2.3090         1.00
      2.3100         1.00
      2.3110         1.00
      2.3120         1.00
      2.3130         1.00
      2.3140         1.00
      2.3150         1.00
      2.3160         1.00
      2.3170         1.00
      2.3180         1.00
      2.3190         1.00
      2.3200         1.00
      2.3210         1.00
      2.3220         1.00
      2.3230         1.00
      2.3240         1.00
      2.3250         1.00
      2.3260         1.00
      2.3270         1.00
      2.3280         1.00
      2.3290         1.00
      2.3300         1.00
      2.3310         1.00
      2.3320         1.00
      2.3330         1.00
      2.3340         1.00
      2.3350         1.00
      2.3360         1.00
      2.3370         1.00
      2.3380         1.00
      2.3390         1.00
      2.3400         1.00
      2.3410         1.00
      2.3420         1.00
      2.3430         1.00
      2.3440         1.00
      2.3450         1.00
      2.3460         1.00
      2.3470         1.00
      2.3480         1.00
      2.3490         1.00
      2.3500         1.00
      2.3510         1.00
      2.3520         1.00
      2.3530         1.00
      2.3540         1.00
      2.3550         1.00
      2.3560         1.00
      2.3570         1.00
      2.3580         1.00
      2.3590         1.00
      2.3600         1.00
      2.3610         1.00
      2.3620         1.00
      2.3630         1.00
      2.3640         1.00
      2.3650         1.00
      2.3660         1.00
      2.3670         1.00
      2.3680         1.00
      2.3690         1.00
      2.3700         1.00
      2.3710         1.00
      2.3720         1.00
      2.3730         1.00
      2.3740         1.00
      2.3750         1.00
      2.3760         1.00
      2.3770         1.00
      2.3780         1.00
      2.3790         1.00
      2.3800         1.00
      2.3810         1.00
      2.3820         1.00
      2.3830         1.00
      2.3840         1.00
      2.3850         1.00
      2.3860         1.00
      2.3870         1.00
      2.3880         1.00
      2.3890         1.00
      2.3900         1.00
      2.3910         1.00
      2.3920         1.00
      2.3930         1.00
      2.3940         1.00
      2.3950         1.00
      2.3960         1.00
      2.3970         1.00
      2.3980         1.00
      2.3990         1.00
      2.4000         1.00
      2.4010         1.00
      2.4020         1.00
      2.4030         1.00
      2.4040         1.00
      2.4050         1.00
      2.4060         1.00
      2.4070         1.00
      2.4080         1.00
      2.4090         1.00
      2.4100         1.00
      2.4110         1.00
      2.4120         1.00
      2.4130         1.00
      2.4140         1.00
      2.4150         1.00
      2.4160         1.00
      2.4170         1.00
      2.4180         1.00
      2.4190         1.00
      2.4200         1.00
      2.4210         1.00
      2.4220         1.00
      2.4230         1.00
      2.4240         1.00
      2.4250         1.00
      2.4260         1.00
      2.4270         1.00
      2.4280         1.00
      2.4290         1.00
      2.4300         1.00
      2.4310         1.00
      2.4320         1.00
      2.4330         1.00
      2.4340         1.00
      2.4350         1.00
      2.4360         1.00
      2.4370         1.00
      2.4380         1.00
      2.4390         1.00
      2.4400         1.00
      2.4410         1.00
      2.4420         1.00
      2.4430         1.00
      2.4440         1.00
      2.4450         1.00
      2.4460         1.00
      2.4470         1.00
      2.4480         1.00
      2.4490         1.00
      2.4500         1.00
      2.4510         1.00
      2.4520         1.00
      2.4530         1.00
      2.4540         1.00
      2.4550         1.00
      2.4560         1.00
      2.4570         1.00
      2.4580         1.00
      2.4590         1.00
      2.4600         1.00
      2.4610         1.00
      2.4620         1.00
      2.4630         1.00
      2.4640         1.00
      2.4650         1.00
      2.4660         1.00
      2.4670         1.00
      2.4680         1.00
      2.4690         1.00
      2.4700         1.00
      2.4710         1.00
      2.4720         1.00
      2.4730         1.00
      2.4740         1.00
      2.4750         1.00
      2.4760         1.00
      2.4770         1.00
      2.4780         1.00
      2.4790         1.00
      2.4800         1.00
      2.4810         1.00
      2.4820         1.00
      2.4830         1.00
      2.4840         1.00
      2.4850         1.00
      2.4860         1.00
      2.4870         1.00
      2.4880         1.00
      2.4890         1.00
      2.4900         1.00
      2.4910         1.00
      2.4920         1.00
      2.4930         1.00
      2.4940         1.00
      2.4950         1.00
      2.4960         1.00
      2.4970         1.00
      2.4980         1.00
      2.4990         1.00
      2.5000         1.00
      2.5010         1.00
      2.5020         1.00
      2.5030         1.00
      2.5040         1.00
      2.5050         1.00
      2.5060         1.00
      2.5070         1.00
      2.5080         1.00
      2.5090         1.00
      2.5100         1.00
      2.5110         1.00
      2.5120         1.00
      2.5130         1.00
      2.5140         1.00
      2.5150         1.00
      2.5160         1.00
      2.5170         1.00
      2.5180         1.00
      2.5190         1.00
      2.5200         1.00
      2.5210         1.00
      2.5220         1.00
      2.5230         1.00
      2.5240         1.00
      2.5250         1.00
      2.5260         1.00
      2.5270         1.00
      2.5280         1.00
      2.5290         1.00
      2.5300         1.00
      2.5310         1.00
      2.5320         1.00
      2.5330         1.00
      2.5340         1.00
      2.5350         1.00
      2.5360         1.00
      2.5370         1.00
      2.5380         1.00
      2.5390         1.00
      2.5400         1.00
      2.5410         1.00
      2.5420         1.00
      2.5430         1.00
      2.5440         1.00
      2.5450         1.00
      2.5460         1.00
      2.5470         1.00
      2.5480         1.00
      2.5490         1.00
      2.5500         1.00
      2.5510         1.00
      2.5520         1.00
      2.5530         1.00
      2.5540         1.00
      2.5550         1.00
      2.5560         1.00
      2.5570         1.00
      2.5580         1.00
      2.5590         1.00
      2.5600         1.00
      2.5610         1.00
      2.5620         1.00
      2.5630         1.00
      2.5640         1.00
      2.5650         1.00
      2.5660         1.00
      2.5670         1.00
      2.5680         1.00
      2.5690         1.00
      2.5700         1.00
      2.5710         1.00
      2.5720         1.00
      2.5730         1.00
      2.5740         1.00
      2.5750         1.00
      2.5760         1.00
      2.5770         1.00
      2.5780         1.00
      2.5790         1.00
      2.5800         1.00
      2.5810         1.00
      2.5820         1.00
      2.5830         1.00
      2.5840         1.00
      2.5850         1.00
      2.5860         1.00
      2.5870         1.00
      2.5880         1.00
      2.5890         1.00
      2.5900         1.00
      2.5910         1.00
      2.5920         1.00
      2.5930         1.00
      2.5940         1.00
      2.5950         1.00
      2.5960         1.00
      2.5970         1.00
      2.5980         1.00
      2.5990         1.00
      2.6000         1.00
      2.6010         1.00
      2.6020         1.00
      2.6030         1.00
      2.6040         1.00
      2.6050         1.00
      2.6060         1.00
      2.6070         1.00
      2.6080         1.00
      2.6090         1.00
      2.6100         1.00
      2.6110         1.00
      2.6120         1.00
      2.6130         1.00
      2.6140         1.00
      2.6150         1.00
      2.6160         1.00
      2.6170         1.00
      2.6180         1.00
      2.6190         1.00
      2.6200         1.00
      2.6210         1.00
      2.6220         1.00
      2.6230         1.00
      2.6240         1.00
      2.6250         1.00
      2.6260         1.00
      2.6270         1.00
      2.6280         1.00
      2.6290         1.00
      2.6300         1.00
      2.6310         1.00
      2.6320         1.00
      2.6330         1.00
      2.6340         1.00
      2.6350         1.00
      2.6360         1.00
      2.6370         1.00
      2.6380         1.00
      2.6390         1.00
      2.6400         1.00
      2.6410         1.00
      2.6420         1.00
      2.6430         1.00
      2.6440         1.00
      2.6450         1.00
      2.6460         1.00
      2.6470         1.00
      2.6480         1.00
      2.6490         1.00
      2.6500         1.00
      2.6510         1.00
      2.6520         1.00
      2.6530         1.00
      2.6540         1.00
      2.6550         1.00
      2.6560         1.00
      2.6570         1.00
      2.6580         1.00
      2.6590         1.00
      2.6600         1.00
      2.6610         1.00
      2.6620         1.00
      2.6630         1.00
      2.6640         1.00
      2.6650         1.00
      2.6660         1.00
      2.6670         1.00
      2.6680         1.00
      2.6690         1.00
      2.6700         1.00
      2.6710         1.00
      2.6720         1.00
      2.6730         1.00
      2.6740         1.00
      2.6750         1.00
      2.6760         1.00
      2.6770         1.00
      2.6780         1.00
      2.6790         1.00
      2.6800         1.00
      2.6810         1.00
      2.6820         1.00
      2.6830         1.00
      2.6840         1.00
      2.6850         1.00
      2.6860         1.00
      2.6870         1.00
      2.6880         1.00
      2.6890         1.00
      2.6900         1.00
      2.6910         1.00
      2.6920         1.00
      2.6930         1.00
      2.6940         1.00
      2.6950         1.00
      2.6960         1.00
      2.6970         1.00
      2.6980         1.00
      2.6990         1.00
      2.7000         1.00
      2.7010         1.00
      2.7020         1.00
      2.7030         1.00
      2.7040         1.00
      2.7050         1.00
      2.7060         1.00
      2.7070         1.00
      2.7080         1.00
      2.7090         1.00
      2.7100         1.00
      2.7110         1.00
      2.7120         1.00
      2.7130         1.00
      2.7140         1.00
      2.7150         1.00
      2.7160         1.00
      2.7170         1.00
      2.7180         1.00
      2.7190         1.00
      2.7200         1.00
      2.7210         1.00
      2.7220         1.00
      2.7230         1.00
      2.7240         1.00
      2.7250         1.00
      2.7260         1.00
      2.7270         1.00
      2.7280         1.00
      2.7290         1.00
      2.7300         1.00
      2.7310         1.00
      2.7320         1.00
      2.7330         1.00
      2.7340         1.00
      2.7350         1.00
      2.7360         1.00
      2.7370         1.00
      2.7380         1.00
      2.7390         1.00
      2.7400         1.00
      2.7410         1.00
      2.7420         1.00
      2.7430         1.00
      2.7440         1.00
      2.7450         1.00
      2.7460         1.00
      2.7470         1.00
      2.7480         1.00
      2.7490         1.00
      2.7500         1.00
      2.7510         1.00
      2.7520         1.00
      2.7530         1.00
      2.7540         1.00
      2.7550         1.00
      2.7560         1.00
      2.7570         1.00
      2.7580         1.00
      2.7590         1.00
      2.7600         1.00
      2.7610         1.00
      2.7620         1.00
      2.7630         1.00
      2.7640         1.00
      2.7650         1.00
      2.7660         1.00
      2.7670         1.00
      2.7680         1.00
      2.7690         1.00
      2.7700         1.00
      2.7710         1.00
      2.7720         1.00
      2.7730         1.00
      2.7740         1.00
      2.7750         1.00
      2.7760         1.00
      2.7770         1.00
      2.7780         1.00
      2.7790         1.00
      2.7800         1.00
      2.7810         1.00
      2.7820         1.00
      2.7830         1.00
      2.7840         1.00
      2.7850         1.00
      2.7860         1.00
      2.7870         1.00
      2.7880         1.00
      2.7890         1.00
      2.7900         1.00
      2.7910         1.00
      2.7920         1.00
      2.7930         1.00
      2.7940         1.00
      2.7950         1.00
      2.7960         1.00
      2.7970         1.00
      2.7980         1.00
      2.7990         1.00
      2.8000         1.00
      2.8010         1.00
      2.8020         1.00
      2.8030         1.00
      2.8040         1.00
      2.8050         1.00
      2.8060         1.00
      2.8070         1.00
      2.8080         1.00
      2.8090         1.00
      2.8100         1.00
      2.8110         1.00
      2.8120         1.00
      2.8130         1.00
      2.8140         1.00
      2.8150         1.00
      2.8160         1.00
      2.8170         1.00
      2.8180         1.00
      2.8190         1.00
      2.8200         1.00
      2.8210         1.00
      2.8220         1.00
      2.8230         1.00
      2.8240         1.00
      2.8250         1.00
      2.8260         1.00
      2.8270         1.00
      2.8280         1.00
      2.8290         1.00
      2.8300         1.00
      2.8310         1.00
      2.8320         1.00
      2.8330         1.00
      2.8340         1.00
      2.8350         1.00
      2.8360         1.00
      2.8370         1.00
      2.8380         1.00
      2.8390         1.00
      2.8400         1.00
      2.8410         1.00
      2.8420         1.00
      2.8430         1.00
      2.8440         1.00
      2.8450         1.00
      2.8460         1.00
      2.8470         1.00
      2.8480         1.00
      2.8490         1.00
      2.8500         1.00
      2.8510         1.00
      2.8520         1.00
      2.8530         1.00
      2.8540         1.00
      2.8550         1.00
      2.8560         1.00
      2.8570         1.00
      2.8580         1.00
      2.8590         1.00
      2.8600         1.00
      2.8610         1.00
      2.8620         1.00
      2.8630         1.00
      2.8640         1.00
      2.8650         1.00
      2.8660         1.00
      2.8670         1.00
      2.8680         1.00
      2.8690         1.00
      2.8700         1.00
      2.8710         1.00
      2.8720         1.00
      2.8730         1.00
      2.8740         1.00
      2.8750         1.00
      2.8760         1.00
      2.8770         1.00
      2.8780         1.00
      2.8790         1.00
      2.8800         1.00
      2.8810         1.00
      2.8820         1.00
      2.8830         1.00
      2.8840         1.00
      2.8850         1.00
      2.8860         1.00
      2.8870         1.00
      2.8880         1.00
      2.8890         1.00
      2.8900         1.00
      2.8910         1.00
      2.8920         1.00
      2.8930         1.00
      2.8940         1.00
      2.8950         1.00
      2.8960         1.00
      2.8970         1.00
      2.8980         1.00
      2.8990         1.00
      2.9000         1.00
      2.9010         1.00
      2.9020         1.00
      2.9030         1.00
      2.9040         1.00
      2.9050         1.00
      2.9060         1.00
      2.9070         1.00
      2.9080         1.00
      2.9090         1.00
      2.9100         1.00
      2.9110         1.00
      2.9120         1.00
      2.9130         1.00
      2.9140         1.00
      2.9150         1.00
      2.9160         1.00
      2.9170         1.00
      2.9180         1.00
      2.9190         1.00
      2.9200         1.00
      2.9210         1.00
      2.9220         1.00
      2.9230         1.00
      2.9240         1.00
      2.9250         1.00
      2.9260         1.00
      2.9270         1.00
      2.9280         1.00
      2.9290         1.00
      2.9300         1.00
      2.9310         1.00
      2.9320         1.00
      2.9330         1.00
      2.9340         1.00
      2.9350         1.00
      2.9360         1.00
      2.9370         1.00
      2.9380         1.00
      2.9390         1.00
      2.9400         1.00
      2.9410         1.00
      2.9420         1.00
      2.9430         1.00
      2.9440         1.00
      2.9450         1.00
      2.9460         1.00
      2.9470         1.00
      2.9480         1.00
      2.9490         1.00
      2.9500         1.00
      2.9510         1.00
      2.9520         1.00
      2.9530         1.00
      2.9540         1.00
      2.9550         1.00
      2.9560         1.00
      2.9570         1.00
      2.9580         1.00
      2.9590         1.00
      2.9600         1.00
      2.9610         1.00
      2.9620         1.00
      2.9630         1.00
      2.9640         1.00
      2.9650         1.00
      2.9660         1.00
      2.9670         1.00
      2.9680         1.00
      2.9690         1.00
      2.9700         1.00
      2.9710         1.00
      2.9720         1.00
      2.9730         1.00
      2.9740         1.00
      2.9750         1.00
      2.9760         1.00
      2.9770         1.00
      2.9780         1.00
      2.9790         1.00
      2.9800         1.00
      2.9810         1.00
      2.9820         1.00
      2.9830         1.00
      2.9840         1.00
      2.9850         1.00
      2.9860         1.00
      2.9870         1.00
      2.9880         1.00
      2.9890         1.00
      2.9900         1.00
      2.9910         1.00
      2.9920         1.00
      2.9930         1.00
      2.9940         1.00
      2.9950         1.00
      2.9960         1.00
      2.9970         1.00
      2.9980         1.00
      2.9990         1.00
