        Time   Palpation Force
      0.0000         1.00
      0.0010         1.00
      0.0020         1.00
      0.0030         1.00
      0.0040         1.00
      0.0050         1.00
      0.0060         1.00
      0.0070         1.00
      0.0080         1.00
      0.0090         1.00
      0.0100         1.00
      0.0110         1.00
      0.0120         1.00
      0.0130         1.00
      0.0140         1.00
      0.0150         1.00
      0.0160         1.00
      0.0170         1.00
      0.0180         1.00
      0.0190         1.00
      0.0200         1.00
      0.0210         1.00
      0.0220         1.00
      0.0230         1.00
      0.0240         1.00
      0.0250         1.00
      0.0260         1.00
      0.0270         1.00
      0.0280         1.00
      0.0290         1.00
      0.0300         1.00
      0.0310         1.00
      0.0320         1.00
      0.0330         1.00
      0.0340         1.00
      0.0350         1.00
      0.0360         1.00
      0.0370         1.00
      0.0380         1.00
      0.0390         1.00
      0.0400         1.00
      0.0410         1.00
      0.0420         1.00
      0.0430         1.00
      0.0440         1.00
      0.0450         1.00
      0.0460         1.00
      0.0470         1.00
      0.0480         1.00
      0.0490         1.00
      0.0500         1.00
      0.0510         1.00
      0.0520         1.00
      0.0530         1.00
      0.0540         1.00
      0.0550         1.00
      0.0560         1.00
      0.0570         1.00
      0.0580         1.00
      0.0590         1.00
      0.0600         1.00
      0.0610         1.00
      0.0620         1.00
      0.0630         1.00
      0.0640         1.00
      0.0650         1.00
      0.0660         1.00
      0.0670         1.00
      0.0680         1.00
      0.0690         1.00
      0.0700         1.00
      0.0710         1.00
      0.0720         1.00
      0.0730         1.00
      0.0740         1.00
      0.0750         1.00
      0.0760         1.00
      0.0770         1.00
      0.0780         1.00
      0.0790         1.00
      0.0800         1.00
      0.0810         1.00
      0.0820         1.00
      0.0830         1.00
      0.0840         1.00
      0.0850         1.00
      0.0860         1.00
      0.0870         1.00
      0.0880         1.00
      0.0890         1.00
      0.0900         1.00
      0.0910         1.00
      0.0920         1.00
      0.0930         1.00
      0.0940         1.00
      0.0950         1.00
      0.0960         1.00
      0.0970         1.00
      0.0980         1.00
      0.0990         1.00
      0.1000         1.00
      0.1010         1.00
      0.1020         1.00
      0.1030         1.00
      0.1040         1.00
      0.1050         1.00
      0.1060         1.00
      0.1070         1.00
      0.1080         1.00
      0.1090         1.00
      0.1100         1.00
      0.1110         1.00
      0.1120         1.00
      0.1130         1.00
      0.1140         1.00
      0.1150         1.00
      0.1160         1.00
      0.1170         1.00
      0.1180         1.00
      0.1190         1.00
      0.1200         1.00
      0.1210         1.00
      0.1220         1.00
      0.1230         1.00
      0.1240         1.00
      0.1250         1.00
      0.1260         1.00
      0.1270         1.00
      0.1280         1.00
      0.1290         1.00
      0.1300         1.00
      0.1310         1.00
      0.1320         1.00
      0.1330         1.00
      0.1340         1.00
      0.1350         1.00
      0.1360         1.00
      0.1370         1.00
      0.1380         1.00
      0.1390         1.00
      0.1400         1.00
      0.1410         1.00
      0.1420         1.00
      0.1430         1.00
      0.1440         1.00
      0.1450         1.00
      0.1460         1.00
      0.1470         1.00
      0.1480         1.00
      0.1490         1.00
      0.1500         1.00
      0.1510         1.00
      0.1520         1.00
      0.1530         1.00
      0.1540         1.00
      0.1550         1.00
      0.1560         1.00
      0.1570         1.00
      0.1580         1.00
      0.1590         1.00
      0.1600         1.00
      0.1610         1.00
      0.1620         1.00
      0.1630         1.00
      0.1640         1.00
      0.1650         1.00
      0.1660         1.00
      0.1670         1.00
      0.1680         1.00
      0.1690         1.00
      0.1700         1.00
      0.1710         1.00
      0.1720         1.00
      0.1730         1.00
      0.1740         1.00
      0.1750         1.00
      0.1760         1.00
      0.1770         1.00
      0.1780         1.00
      0.1790         1.00
      0.1800         1.00
      0.1810         1.00
      0.1820         1.00
      0.1830         1.00
      0.1840         1.00
      0.1850         1.00
      0.1860         1.00
      0.1870         1.00
      0.1880         1.00
      0.1890         1.00
      0.1900         1.00
      0.1910         1.00
      0.1920         1.00
      0.1930         1.00
      0.1940         1.00
      0.1950         1.00
      0.1960         1.00
      0.1970         1.00
      0.1980         1.00
      0.1990         1.00
      0.2000         1.00
      0.2010         1.00
      0.2020         1.00
      0.2030         1.00
      0.2040         1.00
      0.2050         1.00
      0.2060         1.00
      0.2070         1.00
      0.2080         1.00
      0.2090         1.00
      0.2100         1.00
      0.2110         1.00
      0.2120         1.00
      0.2130         1.00
      0.2140         1.00
      0.2150         1.00
      0.2160         1.00
      0.2170         1.00
      0.2180         1.00
      0.2190         1.00
      0.2200         1.00
      0.2210         1.00
      0.2220         1.00
      0.2230         1.00
      0.2240         1.00
      0.2250         1.00
      0.2260         1.00
      0.2270         1.00
      0.2280         1.00
      0.2290         1.00
      0.2300         1.00
      0.2310         1.00
      0.2320         1.00
      0.2330         1.00
      0.2340         1.00
      0.2350         1.00
      0.2360         1.00
      0.2370         1.00
      0.2380         1.00
      0.2390         1.00
      0.2400         1.00
      0.2410         1.00
      0.2420         1.00
      0.2430         1.00
      0.2440         1.00
      0.2450         1.00
      0.2460         1.00
      0.2470         1.00
      0.2480         1.00
      0.2490         1.00
      0.2500         1.00
      0.2510         1.00
      0.2520         1.00
      0.2530         1.00
      0.2540         1.00
      0.2550         1.00
      0.2560         1.00
      0.2570         1.00
      0.2580         1.00
      0.2590         1.00
      0.2600         1.00
      0.2610         1.00
      0.2620         1.00
      0.2630         1.00
      0.2640         1.00
      0.2650         1.00
      0.2660         1.00
      0.2670         1.00
      0.2680         1.00
      0.2690         1.00
      0.2700         1.00
      0.2710         1.00
      0.2720         1.00
      0.2730         1.00
      0.2740         1.00
      0.2750         1.00
      0.2760         1.00
      0.2770         1.00
      0.2780         1.00
      0.2790         1.00
      0.2800         1.00
      0.2810         1.00
      0.2820         1.00
      0.2830         1.00
      0.2840         1.00
      0.2850         1.00
      0.2860         1.00
      0.2870         1.00
      0.2880         1.00
      0.2890         1.00
      0.2900         1.00
      0.2910         1.00
      0.2920         1.00
      0.2930         1.00
      0.2940         1.00
      0.2950         1.00
      0.2960         1.00
      0.2970         1.00
      0.2980         1.00
      0.2990         1.00
      0.3000         1.00
      0.3010         1.00
      0.3020         1.00
      0.3030         1.00
      0.3040         1.00
      0.3050         1.00
      0.3060         1.00
      0.3070         1.00
      0.3080         1.00
      0.3090         1.00
      0.3100         1.00
      0.3110         1.00
      0.3120         1.00
      0.3130         1.00
      0.3140         1.00
      0.3150         1.00
      0.3160         1.00
      0.3170         1.00
      0.3180         1.00
      0.3190         1.00
      0.3200         1.00
      0.3210         1.00
      0.3220         1.00
      0.3230         1.00
      0.3240         1.00
      0.3250         1.00
      0.3260         1.00
      0.3270         1.00
      0.3280         1.00
      0.3290         1.00
      0.3300         1.00
      0.3310         1.00
      0.3320         1.00
      0.3330         1.00
      0.3340         1.00
      0.3350         1.00
      0.3360         1.00
      0.3370         1.00
      0.3380         1.00
      0.3390         1.00
      0.3400         1.00
      0.3410         1.00
      0.3420         1.00
      0.3430         1.00
      0.3440         1.00
      0.3450         1.00
      0.3460         1.00
      0.3470         1.00
      0.3480         1.00
      0.3490         1.00
      0.3500         1.00
      0.3510         1.00
      0.3520         1.00
      0.3530         1.00
      0.3540         1.00
      0.3550         1.00
      0.3560         1.00
      0.3570         1.00
      0.3580         1.00
      0.3590         1.00
      0.3600         1.00
      0.3610         1.00
      0.3620         1.00
      0.3630         1.00
      0.3640         1.00
      0.3650         1.00
      0.3660         1.00
      0.3670         1.00
      0.3680         1.00
      0.3690         1.00
      0.3700         1.00
      0.3710         1.00
      0.3720         1.00
      0.3730         1.00
      0.3740         1.00
      0.3750         1.00
      0.3760         1.00
      0.3770         1.00
      0.3780         1.00
      0.3790         1.00
      0.3800         1.00
      0.3810         1.00
      0.3820         1.00
      0.3830         1.00
      0.3840         1.00
      0.3850         1.00
      0.3860         1.00
      0.3870         1.00
      0.3880         1.00
      0.3890         1.00
      0.3900         1.00
      0.3910         1.00
      0.3920         1.00
      0.3930         1.00
      0.3940         1.00
      0.3950         1.00
      0.3960         1.00
      0.3970         1.00
      0.3980         1.00
      0.3990         1.00
      0.4000         1.00
      0.4010         1.00
      0.4020         1.00
      0.4030         1.00
      0.4040         1.00
      0.4050         1.00
      0.4060         1.00
      0.4070         1.00
      0.4080         1.00
      0.4090         1.00
      0.4100         1.00
      0.4110         1.00
      0.4120         1.00
      0.4130         1.00
      0.4140         1.00
      0.4150         1.00
      0.4160         1.00
      0.4170         1.00
      0.4180         1.00
      0.4190         1.00
      0.4200         1.00
      0.4210         1.00
      0.4220         1.00
      0.4230         1.00
      0.4240         1.00
      0.4250         1.00
      0.4260         1.00
      0.4270         1.00
      0.4280         1.00
      0.4290         1.00
      0.4300         1.00
      0.4310         1.00
      0.4320         1.00
      0.4330         1.00
      0.4340         1.00
      0.4350         1.00
      0.4360         1.00
      0.4370         1.00
      0.4380         1.00
      0.4390         1.00
      0.4400         1.00
      0.4410         1.00
      0.4420         1.00
      0.4430         1.00
      0.4440         1.00
      0.4450         1.00
      0.4460         1.00
      0.4470         1.00
      0.4480         1.00
      0.4490         1.00
      0.4500         1.00
      0.4510         1.00
      0.4520         1.00
      0.4530         1.00
      0.4540         1.00
      0.4550         1.00
      0.4560         1.00
      0.4570         1.00
      0.4580         1.00
      0.4590         1.00
      0.4600         1.00
      0.4610         1.00
      0.4620         1.00
      0.4630         1.00
      0.4640         1.00
      0.4650         1.00
      0.4660         1.00
      0.4670         1.00
      0.4680         1.00
      0.4690         1.00
      0.4700         1.00
      0.4710         1.00
      0.4720         1.00
      0.4730         1.00
      0.4740         1.00
      0.4750         1.00
      0.4760         1.00
      0.4770         1.00
      0.4780         1.00
      0.4790         1.00
      0.4800         1.00
      0.4810         1.00
      0.4820         1.00
      0.4830         1.00
      0.4840         1.00
      0.4850         1.00
      0.4860         1.00
      0.4870         1.00
      0.4880         1.00
      0.4890         1.00
      0.4900         1.00
      0.4910         1.00
      0.4920         1.00
      0.4930         1.00
      0.4940         1.00
      0.4950         1.00
      0.4960         1.00
      0.4970         1.00
      0.4980         1.00
      0.4990         1.00
      0.5000         1.00
      0.5010         1.00
      0.5020         1.00
      0.5030         1.00
      0.5040         1.00
      0.5050         1.00
      0.5060         1.00
      0.5070         1.00
      0.5080         1.00
      0.5090         1.00
      0.5100         1.00
      0.5110         1.00
      0.5120         1.00
      0.5130         1.00
      0.5140         1.00
      0.5150         1.00
      0.5160         1.00
      0.5170         1.00
      0.5180         1.00
      0.5190         1.00
      0.5200         1.00
      0.5210         1.00
      0.5220         1.00
      0.5230         1.00
      0.5240         1.00
      0.5250         1.00
      0.5260         1.00
      0.5270         1.00
      0.5280         1.00
      0.5290         1.00
      0.5300         1.00
      0.5310         1.00
      0.5320         1.00
      0.5330         1.00
      0.5340         1.00
      0.5350         1.00
      0.5360         1.00
      0.5370         1.00
      0.5380         1.00
      0.5390         1.00
      0.5400         1.00
      0.5410         1.00
      0.5420         1.00
      0.5430         1.00
      0.5440         1.00
      0.5450         1.00
      0.5460         1.00
      0.5470         1.00
      0.5480         1.00
      0.5490         1.00
      0.5500         1.00
      0.5510         1.00
      0.5520         1.00
      0.5530         1.00
      0.5540         1.00
      0.5550         1.00
      0.5560         1.00
      0.5570         1.00
      0.5580         1.00
      0.5590         1.00
      0.5600         1.00
      0.5610         1.00
      0.5620         1.00
      0.5630         1.00
      0.5640         1.00
      0.5650         1.00
      0.5660         1.00
      0.5670         1.00
      0.5680         1.00
      0.5690         1.00
      0.5700         1.00
      0.5710         1.00
      0.5720         1.00
      0.5730         1.00
      0.5740         1.00
      0.5750         1.00
      0.5760         1.00
      0.5770         1.00
      0.5780         1.00
      0.5790         1.00
      0.5800         1.00
      0.5810         1.00
      0.5820         1.00
      0.5830         1.00
      0.5840         1.00
      0.5850         1.00
      0.5860         1.00
      0.5870         1.00
      0.5880         1.00
      0.5890         1.00
      0.5900         1.00
      0.5910         1.00
      0.5920         1.00
      0.5930         1.00
      0.5940         1.00
      0.5950         1.00
      0.5960         1.00
      0.5970         1.00
      0.5980         1.00
      0.5990         1.00
      0.6000         1.00
      0.6010         1.00
      0.6020         1.00
      0.6030         1.00
      0.6040         1.00
      0.6050         1.00
      0.6060         1.00
      0.6070         1.00
      0.6080         1.00
      0.6090         1.00
      0.6100         1.00
      0.6110         1.00
      0.6120         1.00
      0.6130         1.00
      0.6140         1.00
      0.6150         1.00
      0.6160         1.00
      0.6170         1.00
      0.6180         1.00
      0.6190         1.00
      0.6200         1.00
      0.6210         1.00
      0.6220         1.00
      0.6230         1.00
      0.6240         1.00
      0.6250         1.00
      0.6260         1.00
      0.6270         1.00
      0.6280         1.00
      0.6290         1.00
      0.6300         1.00
      0.6310         1.00
      0.6320         1.00
      0.6330         1.00
      0.6340         1.00
      0.6350         1.00
      0.6360         1.00
      0.6370         1.00
      0.6380         1.00
      0.6390         1.00
      0.6400         1.00
      0.6410         1.00
      0.6420         1.00
      0.6430         1.00
      0.6440         1.00
      0.6450         1.00
      0.6460         1.00
      0.6470         1.00
      0.6480         1.00
      0.6490         1.00
      0.6500         1.00
      0.6510         1.00
      0.6520         1.00
      0.6530         1.00
      0.6540         1.00
      0.6550         1.00
      0.6560         1.00
      0.6570         1.00
      0.6580         1.00
      0.6590         1.00
      0.6600         1.00
      0.6610         1.00
      0.6620         1.00
      0.6630         1.00
      0.6640         1.00
      0.6650         1.00
      0.6660         1.00
      0.6670         1.00
      0.6680         1.00
      0.6690         1.00
      0.6700         1.00
      0.6710         1.00
      0.6720         1.00
      0.6730         1.00
      0.6740         1.00
      0.6750         1.00
      0.6760         1.00
      0.6770         1.00
      0.6780         1.00
      0.6790         1.00
      0.6800         1.00
      0.6810         1.00
      0.6820         1.00
      0.6830         1.00
      0.6840         1.00
      0.6850         1.00
      0.6860         1.00
      0.6870         1.00
      0.6880         1.00
      0.6890         1.00
      0.6900         1.00
      0.6910         1.00
      0.6920         1.00
      0.6930         1.00
      0.6940         1.00
      0.6950         1.00
      0.6960         1.00
      0.6970         1.00
      0.6980         1.00
      0.6990         1.00
      0.7000         1.00
      0.7010         1.00
      0.7020         1.00
      0.7030         1.00
      0.7040         1.00
      0.7050         1.00
      0.7060         1.00
      0.7070         1.00
      0.7080         1.00
      0.7090         1.00
      0.7100         1.00
      0.7110         1.00
      0.7120         1.00
      0.7130         1.00
      0.7140         1.00
      0.7150         1.00
      0.7160         1.00
      0.7170         1.00
      0.7180         1.00
      0.7190         1.00
      0.7200         1.00
      0.7210         1.00
      0.7220         1.00
      0.7230         1.00
      0.7240         1.00
      0.7250         1.00
      0.7260         1.00
      0.7270         1.00
      0.7280         1.00
      0.7290         1.00
      0.7300         1.00
      0.7310         1.00
      0.7320         1.00
      0.7330         1.00
      0.7340         1.00
      0.7350         1.00
      0.7360         1.00
      0.7370         1.00
      0.7380         1.00
      0.7390         1.00
      0.7400         1.00
      0.7410         1.00
      0.7420         1.00
      0.7430         1.00
      0.7440         1.00
      0.7450         1.00
      0.7460         1.00
      0.7470         1.00
      0.7480         1.00
      0.7490         1.00
      0.7500         1.00
      0.7510         1.00
      0.7520         1.00
      0.7530         1.00
      0.7540         1.00
      0.7550         1.00
      0.7560         1.00
      0.7570         1.00
      0.7580         1.00
      0.7590         1.00
      0.7600         1.00
      0.7610         1.00
      0.7620         1.00
      0.7630         1.00
      0.7640         1.00
      0.7650         1.00
      0.7660         1.00
      0.7670         1.00
      0.7680         1.00
      0.7690         1.00
      0.7700         1.00
      0.7710         1.00
      0.7720         1.00
      0.7730         1.00
      0.7740         1.00
      0.7750         1.00
      0.7760         1.00
      0.7770         1.00
      0.7780         1.00
      0.7790         1.00
      0.7800         1.00
      0.7810         1.00
      0.7820         1.00
      0.7830         1.00
      0.7840         1.00
      0.7850         1.00
      0.7860         1.00
      0.7870         1.00
      0.7880         1.00
      0.7890         1.00
      0.7900         1.00
      0.7910         1.00
      0.7920         1.00
      0.7930         1.00
      0.7940         1.00
      0.7950         1.00
      0.7960         1.00
      0.7970         1.00
      0.7980         1.00
      0.7990         1.00
      0.8000         1.00
      0.8010         1.00
      0.8020         1.00
      0.8030         1.00
      0.8040         1.00
      0.8050         1.00
      0.8060         1.00
      0.8070         1.00
      0.8080         1.00
      0.8090         1.00
      0.8100         1.00
      0.8110         1.00
      0.8120         1.00
      0.8130         1.00
      0.8140         1.00
      0.8150         1.00
      0.8160         1.00
      0.8170         1.00
      0.8180         1.00
      0.8190         1.00
      0.8200         1.00
      0.8210         1.00
      0.8220         1.00
      0.8230         1.00
      0.8240         1.00
      0.8250         1.00
      0.8260         1.00
      0.8270         1.00
      0.8280         1.00
      0.8290         1.00
      0.8300         1.00
      0.8310         1.00
      0.8320         1.00
      0.8330         1.00
      0.8340         1.00
      0.8350         1.00
      0.8360         1.00
      0.8370         1.00
      0.8380         1.00
      0.8390         1.00
      0.8400         1.00
      0.8410         1.00
      0.8420         1.00
      0.8430         1.00
      0.8440         1.00
      0.8450         1.00
      0.8460         1.00
      0.8470         1.00
      0.8480         1.00
      0.8490         1.00
      0.8500         1.00
      0.8510         1.00
      0.8520         1.00
      0.8530         1.00
      0.8540         1.00
      0.8550         1.00
      0.8560         1.00
      0.8570         1.00
      0.8580         1.00
      0.8590         1.00
      0.8600         1.00
      0.8610         1.00
      0.8620         1.00
      0.8630         1.00
      0.8640         1.00
      0.8650         1.00
      0.8660         1.00
      0.8670         1.00
      0.8680         1.00
      0.8690         1.00
      0.8700         1.00
      0.8710         1.00
      0.8720         1.00
      0.8730         1.00
      0.8740         1.00
      0.8750         1.00
      0.8760         1.00
      0.8770         1.00
      0.8780         1.00
      0.8790         1.00
      0.8800         1.00
      0.8810         1.00
      0.8820         1.00
      0.8830         1.00
      0.8840         1.00
      0.8850         1.00
      0.8860         1.00
      0.8870         1.00
      0.8880         1.00
      0.8890         1.00
      0.8900         1.00
      0.8910         1.00
      0.8920         1.00
      0.8930         1.00
      0.8940         1.00
      0.8950         1.00
      0.8960         1.00
      0.8970         1.00
      0.8980         1.00
      0.8990         1.00
      0.9000         1.00
      0.9010         1.00
      0.9020         1.00
      0.9030         1.00
      0.9040         1.00
      0.9050         1.00
      0.9060         1.00
      0.9070         1.00
      0.9080         1.00
      0.9090         1.00
      0.9100         1.00
      0.9110         1.00
      0.9120         1.00
      0.9130         1.00
      0.9140         1.00
      0.9150         1.00
      0.9160         1.00
      0.9170         1.00
      0.9180         1.00
      0.9190         1.00
      0.9200         1.00
      0.9210         1.00
      0.9220         1.00
      0.9230         1.00
      0.9240         1.00
      0.9250         1.00
      0.9260         1.00
      0.9270         1.00
      0.9280         1.00
      0.9290         1.00
      0.9300         1.00
      0.9310         1.00
      0.9320         1.00
      0.9330         1.00
      0.9340         1.00
      0.9350         1.21
      0.9360         1.24
      0.9370         1.50
      0.9380         2.28
      0.9390         2.59
      0.9400         2.95
      0.9410         3.27
      0.9420         3.52
      0.9430         4.50
      0.9440         4.74
      0.9450         5.28
      0.9460         5.73
      0.9470         6.30
      0.9480         6.78
      0.9490         7.21
      0.9500         7.52
      0.9510         8.10
      0.9520         8.49
      0.9530         8.90
      0.9540         9.46
      0.9550         9.95
      0.9560        10.40
      0.9570        10.83
      0.9580        11.25
      0.9590        11.62
      0.9600        11.80
      0.9610        12.28
      0.9620        12.60
      0.9630        12.93
      0.9640        13.27
      0.9650        13.48
      0.9660        13.84
      0.9670        14.04
      0.9680        14.06
      0.9690        14.21
      0.9700        14.44
      0.9710        14.44
      0.9720        14.58
      0.9730        14.69
      0.9740        14.73
      0.9750        14.82
      0.9760        14.97
      0.9770        15.00
      0.9780        15.10
      0.9790        15.20
      0.9800        15.31
      0.9810        15.42
      0.9820        15.81
      0.9830        15.85
      0.9840        16.00
      0.9850        16.24
      0.9860        16.46
      0.9870        16.55
      0.9880        16.86
      0.9890        17.25
      0.9900        17.61
      0.9910        17.91
      0.9920        18.23
      0.9930        18.49
      0.9940        18.80
      0.9950        19.24
      0.9960        19.49
      0.9970        19.88
      0.9980        20.26
      0.9990        20.59
      1.0000        21.26
      1.0010        21.78
      1.0020        22.04
      1.0030        22.35
      1.0040        22.75
      1.0050        22.99
      1.0060        23.25
      1.0070        23.69
      1.0080        24.13
      1.0090        24.50
      1.0100        24.83
      1.0110        25.15
      1.0120        25.57
      1.0130        26.08
      1.0140        26.64
      1.0150        26.93
      1.0160        27.34
      1.0170        27.62
      1.0180        27.93
      1.0190        28.22
      1.0200        28.49
      1.0210        28.56
      1.0220        28.84
      1.0230        29.19
      1.0240        29.58
      1.0250        29.92
      1.0260        30.32
      1.0270        30.74
      1.0280        31.06
      1.0290        31.27
      1.0300        31.65
      1.0310        32.05
      1.0320        32.41
      1.0330        32.60
      1.0340        32.76
      1.0350        33.10
      1.0360        33.63
      1.0370        34.17
      1.0380        34.52
      1.0390        35.02
      1.0400        35.39
      1.0410        35.82
      1.0420        36.22
      1.0430        36.69
      1.0440        37.08
      1.0450        37.47
      1.0460        37.93
      1.0470        38.16
      1.0480        38.76
      1.0490        39.14
      1.0500        39.34
      1.0510        39.65
      1.0520        39.85
      1.0530        40.24
      1.0540        40.49
      1.0550        40.84
      1.0560        40.94
      1.0570        41.20
      1.0580        41.41
      1.0590        41.76
      1.0600        41.92
      1.0610        42.23
      1.0620        42.59
      1.0630        42.91
      1.0640        43.09
      1.0650        43.46
      1.0660        43.67
      1.0670        44.06
      1.0680        44.08
      1.0690        44.53
      1.0700        44.95
      1.0710        45.33
      1.0720        45.75
      1.0730        46.12
      1.0740        46.52
      1.0750        46.99
      1.0760        47.42
      1.0770        47.77
      1.0780        48.36
      1.0790        48.72
      1.0800        49.23
      1.0810        49.73
      1.0820        50.27
      1.0830        50.76
      1.0840        51.38
      1.0850        51.99
      1.0860        52.51
      1.0870        52.81
      1.0880        53.53
      1.0890        53.86
      1.0900        54.32
      1.0910        54.71
      1.0920        55.17
      1.0930        55.52
      1.0940        55.95
      1.0950        56.25
      1.0960        56.62
      1.0970        56.87
      1.0980        57.04
      1.0990        57.42
      1.1000        57.65
      1.1010        57.90
      1.1020        57.96
      1.1030        58.04
      1.1040        58.05
      1.1050        58.10
      1.1060        58.29
      1.1070        58.57
      1.1080        58.45
      1.1090        58.53
      1.1100        58.55
      1.1110        58.81
      1.1120        58.89
      1.1130        59.10
      1.1140        59.28
      1.1150        59.45
      1.1160        59.53
      1.1170        59.84
      1.1180        59.96
      1.1190        60.06
      1.1200        60.25
      1.1210        60.44
      1.1220        60.70
      1.1230        61.03
      1.1240        61.33
      1.1250        61.52
      1.1260        61.69
      1.1270        62.08
      1.1280        62.40
      1.1290        62.74
      1.1300        63.15
      1.1310        63.46
      1.1320        63.70
      1.1330        63.98
      1.1340        64.37
      1.1350        64.68
      1.1360        65.23
      1.1370        65.44
      1.1380        65.83
      1.1390        66.15
      1.1400        66.60
      1.1410        66.92
      1.1420        67.25
      1.1430        67.64
      1.1440        68.09
      1.1450        68.66
      1.1460        68.92
      1.1470        69.28
      1.1480        69.56
      1.1490        69.86
      1.1500        70.18
      1.1510        70.62
      1.1520        70.89
      1.1530        71.13
      1.1540        71.43
      1.1550        71.79
      1.1560        71.90
      1.1570        72.28
      1.1580        72.64
      1.1590        73.09
      1.1600        73.35
      1.1610        73.59
      1.1620        73.85
      1.1630        74.15
      1.1640        74.36
      1.1650        74.38
      1.1660        74.76
      1.1670        75.00
      1.1680        75.42
      1.1690        75.77
      1.1700        76.04
      1.1710        76.05
      1.1720        76.33
      1.1730        76.58
      1.1740        76.65
      1.1750        76.77
      1.1760        76.85
      1.1770        76.83
      1.1780        76.70
      1.1790        76.57
      1.1800        76.45
      1.1810        76.42
      1.1820        76.45
      1.1830        76.30
      1.1840        76.06
      1.1850        75.94
      1.1860        75.78
      1.1870        75.46
      1.1880        75.08
      1.1890        74.79
      1.1900        74.53
      1.1910        74.43
      1.1920        74.35
      1.1930        74.15
      1.1940        74.04
      1.1950        73.92
      1.1960        73.91
      1.1970        73.80
      1.1980        73.88
      1.1990        73.91
      1.2000        73.95
      1.2010        74.04
      1.2020        74.03
      1.2030        74.08
      1.2040        74.46
      1.2050        74.67
      1.2060        74.94
      1.2070        75.21
      1.2080        75.45
      1.2090        75.84
      1.2100        76.08
      1.2110        76.42
      1.2120        76.83
      1.2130        77.22
      1.2140        77.58
      1.2150        77.84
      1.2160        78.20
      1.2170        78.63
      1.2180        79.06
      1.2190        79.39
      1.2200        79.74
      1.2210        79.99
      1.2220        80.33
      1.2230        80.62
      1.2240        80.84
      1.2250        81.12
      1.2260        81.20
      1.2270        81.45
      1.2280        81.68
      1.2290        81.82
      1.2300        81.97
      1.2310        82.05
      1.2320        81.89
      1.2330        81.94
      1.2340        81.96
      1.2350        81.93
      1.2360        81.86
      1.2370        81.75
      1.2380        81.67
      1.2390        81.70
      1.2400        81.65
      1.2410        81.46
      1.2420        81.25
      1.2430        81.15
      1.2440        80.89
      1.2450        80.68
      1.2460        80.66
      1.2470        80.38
      1.2480        80.22
      1.2490        79.90
      1.2500        79.63
      1.2510        79.36
      1.2520        79.19
      1.2530        78.98
      1.2540        78.72
      1.2550        78.52
      1.2560        78.33
      1.2570        78.14
      1.2580        77.85
      1.2590        77.52
      1.2600        77.38
      1.2610        77.34
      1.2620        77.41
      1.2630        77.32
      1.2640        77.37
      1.2650        77.26
      1.2660        77.10
      1.2670        77.20
      1.2680        77.23
      1.2690        77.39
      1.2700        77.65
      1.2710        77.89
      1.2720        78.14
      1.2730        78.34
      1.2740        78.70
      1.2750        79.02
      1.2760        79.26
      1.2770        79.65
      1.2780        80.00
      1.2790        80.47
      1.2800        81.00
      1.2810        81.36
      1.2820        81.73
      1.2830        81.99
      1.2840        82.35
      1.2850        82.77
      1.2860        83.16
      1.2870        83.47
      1.2880        83.82
      1.2890        84.19
      1.2900        84.50
      1.2910        84.76
      1.2920        85.05
      1.2930        85.22
      1.2940        85.31
      1.2950        85.45
      1.2960        85.59
      1.2970        85.68
      1.2980        85.83
      1.2990        85.83
      1.3000        85.80
      1.3010        85.73
      1.3020        85.57
      1.3030        85.57
      1.3040        85.45
      1.3050        85.45
      1.3060        85.26
      1.3070        85.08
      1.3080        84.87
      1.3090        84.59
      1.3100        84.26
      1.3110        83.87
      1.3120        83.61
      1.3130        83.38
      1.3140        83.14
      1.3150        82.94
      1.3160        82.69
      1.3170        82.38
      1.3180        81.96
      1.3190        81.71
      1.3200        81.33
      1.3210        81.20
      1.3220        81.01
      1.3230        80.91
      1.3240        80.71
      1.3250        80.69
      1.3260        80.67
      1.3270        80.71
      1.3280        80.66
      1.3290        80.72
      1.3300        80.83
      1.3310        81.17
      1.3320        81.38
      1.3330        81.46
      1.3340        81.76
      1.3350        81.99
      1.3360        82.32
      1.3370        82.58
      1.3380        83.00
      1.3390        83.25
      1.3400        83.55
      1.3410        83.85
      1.3420        84.32
      1.3430        84.73
      1.3440        85.32
      1.3450        85.76
      1.3460        86.31
      1.3470        86.76
      1.3480        87.26
      1.3490        87.66
      1.3500        88.00
      1.3510        88.25
      1.3520        88.56
      1.3530        88.99
      1.3540        89.27
      1.3550        89.67
      1.3560        90.01
      1.3570        90.52
      1.3580        90.96
      1.3590        91.43
      1.3600        91.68
      1.3610        92.01
      1.3620        92.10
      1.3630        92.19
      1.3640        92.08
      1.3650        91.99
      1.3660        91.90
      1.3670        91.77
      1.3680        91.71
      1.3690        91.60
      1.3700        91.49
      1.3710        91.42
      1.3720        91.23
      1.3730        91.14
      1.3740        90.87
      1.3750        90.51
      1.3760        90.16
      1.3770        89.77
      1.3780        89.38
      1.3790        88.95
      1.3800        88.74
      1.3810        88.37
      1.3820        88.00
      1.3830        87.60
      1.3840        87.29
      1.3850        86.99
      1.3860        86.64
      1.3870        86.28
      1.3880        85.99
      1.3890        85.71
      1.3900        85.47
      1.3910        85.04
      1.3920        84.73
      1.3930        84.44
      1.3940        84.27
      1.3950        84.08
      1.3960        83.98
      1.3970        83.88
      1.3980        83.73
      1.3990        83.61
      1.4000        83.52
      1.4010        83.56
      1.4020        83.58
      1.4030        83.65
      1.4040        83.81
      1.4050        83.84
      1.4060        84.15
      1.4070        84.46
      1.4080        84.60
      1.4090        84.83
      1.4100        85.14
      1.4110        85.53
      1.4120        85.90
      1.4130        86.29
      1.4140        86.69
      1.4150        87.04
      1.4160        87.28
      1.4170        87.43
      1.4180        87.85
      1.4190        88.28
      1.4200        88.52
      1.4210        88.69
      1.4220        88.97
      1.4230        89.32
      1.4240        89.48
      1.4250        89.57
      1.4260        89.57
      1.4270        89.71
      1.4280        89.83
      1.4290        89.89
      1.4300        89.84
      1.4310        89.60
      1.4320        89.38
      1.4330        89.16
      1.4340        88.85
      1.4350        88.76
      1.4360        88.69
      1.4370        88.65
      1.4380        88.26
      1.4390        87.95
      1.4400        87.62
      1.4410        87.28
      1.4420        87.03
      1.4430        86.64
      1.4440        86.24
      1.4450        86.01
      1.4460        85.54
      1.4470        85.13
      1.4480        84.67
      1.4490        84.19
      1.4500        84.04
      1.4510        83.72
      1.4520        83.51
      1.4530        83.19
      1.4540        83.01
      1.4550        82.76
      1.4560        82.52
      1.4570        82.25
      1.4580        82.05
      1.4590        81.74
      1.4600        81.50
      1.4610        81.38
      1.4620        81.19
      1.4630        80.98
      1.4640        80.86
      1.4650        80.66
      1.4660        80.57
      1.4670        80.51
      1.4680        80.46
      1.4690        80.62
      1.4700        80.35
      1.4710        80.38
      1.4720        80.38
      1.4730        80.46
      1.4740        80.42
      1.4750        80.36
      1.4760        80.18
      1.4770        80.07
      1.4780        80.09
      1.4790        80.21
      1.4800        80.29
      1.4810        80.23
      1.4820        80.21
      1.4830        80.37
      1.4840        80.34
      1.4850        80.67
      1.4860        80.99
      1.4870        81.06
      1.4880        81.19
      1.4890        81.26
      1.4900        81.60
      1.4910        81.94
      1.4920        81.94
      1.4930        82.10
      1.4940        82.30
      1.4950        82.45
      1.4960        82.70
      1.4970        82.98
      1.4980        83.06
      1.4990        83.24
      1.5000        83.39
      1.5010        83.68
      1.5020        83.88
      1.5030        84.06
      1.5040        84.17
      1.5050        83.89
      1.5060        83.66
      1.5070        83.62
      1.5080        83.77
      1.5090        83.68
      1.5100        83.35
      1.5110        83.19
      1.5120        83.15
      1.5130        82.99
      1.5140        82.74
      1.5150        82.55
      1.5160        82.45
      1.5170        82.15
      1.5180        82.03
      1.5190        81.52
      1.5200        81.09
      1.5210        80.67
      1.5220        80.27
      1.5230        79.92
      1.5240        79.75
      1.5250        79.55
      1.5260        79.38
      1.5270        79.20
      1.5280        78.86
      1.5290        78.50
      1.5300        78.34
      1.5310        78.01
      1.5320        77.63
      1.5330        77.29
      1.5340        77.11
      1.5350        76.77
      1.5360        76.41
      1.5370        76.22
      1.5380        76.16
      1.5390        76.20
      1.5400        76.26
      1.5410        76.26
      1.5420        76.25
      1.5430        76.05
      1.5440        76.01
      1.5450        76.01
      1.5460        76.04
      1.5470        75.96
      1.5480        76.05
      1.5490        76.25
      1.5500        76.23
      1.5510        76.36
      1.5520        76.68
      1.5530        76.85
      1.5540        76.94
      1.5550        77.25
      1.5560        77.38
      1.5570        77.59
      1.5580        77.65
      1.5590        77.81
      1.5600        78.01
      1.5610        78.11
      1.5620        78.17
      1.5630        78.40
      1.5640        78.66
      1.5650        78.87
      1.5660        79.02
      1.5670        79.19
      1.5680        79.23
      1.5690        79.31
      1.5700        79.50
      1.5710        79.54
      1.5720        79.43
      1.5730        79.51
      1.5740        79.73
      1.5750        79.76
      1.5760        79.84
      1.5770        79.81
      1.5780        79.95
      1.5790        80.13
      1.5800        80.13
      1.5810        80.30
      1.5820        80.44
      1.5830        80.45
      1.5840        80.39
      1.5850        80.39
      1.5860        80.31
      1.5870        80.31
      1.5880        80.16
      1.5890        80.11
      1.5900        80.23
      1.5910        80.32
      1.5920        80.27
      1.5930        80.12
      1.5940        79.83
      1.5950        79.77
      1.5960        79.65
      1.5970        79.41
      1.5980        79.20
      1.5990        78.83
      1.6000        78.58
      1.6010        78.14
      1.6020        77.75
      1.6030        77.43
      1.6040        77.11
      1.6050        76.64
      1.6060        76.36
      1.6070        76.09
      1.6080        75.72
      1.6090        75.26
      1.6100        74.77
      1.6110        74.38
      1.6120        74.18
      1.6130        73.93
      1.6140        73.58
      1.6150        73.20
      1.6160        72.89
      1.6170        72.78
      1.6180        72.47
      1.6190        72.16
      1.6200        72.00
      1.6210        71.82
      1.6220        71.68
      1.6230        71.60
      1.6240        71.37
      1.6250        71.37
      1.6260        71.30
      1.6270        71.14
      1.6280        71.32
      1.6290        71.40
      1.6300        71.16
      1.6310        71.06
      1.6320        70.98
      1.6330        70.94
      1.6340        71.13
      1.6350        70.99
      1.6360        71.02
      1.6370        70.78
      1.6380        70.58
      1.6390        70.54
      1.6400        70.36
      1.6410        70.36
      1.6420        70.42
      1.6430        70.32
      1.6440        70.22
      1.6450        70.19
      1.6460        69.92
      1.6470        69.79
      1.6480        69.59
      1.6490        69.52
      1.6500        69.52
      1.6510        69.35
      1.6520        69.21
      1.6530        69.03
      1.6540        68.57
      1.6550        68.51
      1.6560        68.48
      1.6570        68.55
      1.6580        68.60
      1.6590        68.60
      1.6600        68.54
      1.6610        68.47
      1.6620        68.41
      1.6630        68.24
      1.6640        68.22
      1.6650        68.07
      1.6660        67.92
      1.6670        67.76
      1.6680        67.58
      1.6690        67.34
      1.6700        67.22
      1.6710        67.06
      1.6720        66.75
      1.6730        66.59
      1.6740        66.48
      1.6750        66.11
      1.6760        65.65
      1.6770        65.30
      1.6780        64.83
      1.6790        64.39
      1.6800        64.04
      1.6810        63.65
      1.6820        63.02
      1.6830        62.46
      1.6840        61.99
      1.6850        61.58
      1.6860        61.28
      1.6870        60.88
      1.6880        60.34
      1.6890        59.78
      1.6900        59.39
      1.6910        59.04
      1.6920        58.84
      1.6930        58.34
      1.6940        58.01
      1.6950        57.85
      1.6960        57.56
      1.6970        57.34
      1.6980        57.13
      1.6990        56.95
      1.7000        56.85
      1.7010        56.65
      1.7020        56.68
      1.7030        56.76
      1.7040        56.68
      1.7050        56.44
      1.7060        56.21
      1.7070        56.17
      1.7080        56.14
      1.7090        56.12
      1.7100        55.97
      1.7110        55.78
      1.7120        55.45
      1.7130        55.44
      1.7140        55.36
      1.7150        55.20
      1.7160        54.95
      1.7170        54.67
      1.7180        54.55
      1.7190        54.23
      1.7200        53.90
      1.7210        53.65
      1.7220        53.20
      1.7230        52.77
      1.7240        52.54
      1.7250        52.26
      1.7260        52.22
      1.7270        51.80
      1.7280        51.36
      1.7290        51.10
      1.7300        50.77
      1.7310        50.64
      1.7320        50.40
      1.7330        49.99
      1.7340        49.69
      1.7350        49.47
      1.7360        49.23
      1.7370        48.91
      1.7380        48.57
      1.7390        48.27
      1.7400        47.87
      1.7410        47.65
      1.7420        47.53
      1.7430        47.32
      1.7440        46.86
      1.7450        46.62
      1.7460        46.16
      1.7470        45.88
      1.7480        45.72
      1.7490        45.38
      1.7500        44.99
      1.7510        44.57
      1.7520        44.51
      1.7530        44.31
      1.7540        44.10
      1.7550        43.65
      1.7560        43.37
      1.7570        43.17
      1.7580        42.81
      1.7590        42.67
      1.7600        42.38
      1.7610        42.02
      1.7620        41.68
      1.7630        41.44
      1.7640        41.26
      1.7650        41.10
      1.7660        40.89
      1.7670        40.78
      1.7680        40.51
      1.7690        40.37
      1.7700        40.30
      1.7710        39.98
      1.7720        39.59
      1.7730        39.54
      1.7740        39.25
      1.7750        39.00
      1.7760        38.91
      1.7770        38.84
      1.7780        38.64
      1.7790        38.49
      1.7800        38.50
      1.7810        38.37
      1.7820        38.09
      1.7830        37.90
      1.7840        37.85
      1.7850        37.72
      1.7860        37.73
      1.7870        37.56
      1.7880        37.54
      1.7890        37.38
      1.7900        37.28
      1.7910        37.41
      1.7920        37.34
      1.7930        37.07
      1.7940        36.88
      1.7950        36.91
      1.7960        36.71
      1.7970        36.45
      1.7980        36.48
      1.7990        36.22
      1.8000        36.10
      1.8010        35.78
      1.8020        35.69
      1.8030        35.59
      1.8040        35.16
      1.8050        34.81
      1.8060        34.26
      1.8070        33.95
      1.8080        33.54
      1.8090        33.18
      1.8100        32.72
      1.8110        32.17
      1.8120        31.82
      1.8130        31.57
      1.8140        31.37
      1.8150        30.99
      1.8160        30.61
      1.8170        30.36
      1.8180        29.99
      1.8190        29.73
      1.8200        29.38
      1.8210        29.25
      1.8220        29.09
      1.8230        28.87
      1.8240        28.89
      1.8250        28.88
      1.8260        28.91
      1.8270        28.89
      1.8280        29.02
      1.8290        28.95
      1.8300        28.97
      1.8310        29.06
      1.8320        29.02
      1.8330        28.98
      1.8340        28.94
      1.8350        28.89
      1.8360        28.94
      1.8370        28.85
      1.8380        28.66
      1.8390        28.73
      1.8400        28.65
      1.8410        28.59
      1.8420        28.44
      1.8430        28.27
      1.8440        28.12
      1.8450        28.01
      1.8460        27.86
      1.8470        27.57
      1.8480        27.18
      1.8490        27.16
      1.8500        26.93
      1.8510        26.77
      1.8520        26.57
      1.8530        26.42
      1.8540        26.20
      1.8550        26.05
      1.8560        25.77
      1.8570        25.60
      1.8580        25.52
      1.8590        25.29
      1.8600        25.20
      1.8610        24.93
      1.8620        24.80
      1.8630        24.67
      1.8640        24.61
      1.8650        24.30
      1.8660        24.27
      1.8670        24.37
      1.8680        24.44
      1.8690        24.24
      1.8700        24.12
      1.8710        24.02
      1.8720        23.98
      1.8730        23.82
      1.8740        23.67
      1.8750        23.59
      1.8760        23.48
      1.8770        23.25
      1.8780        23.31
      1.8790        23.12
      1.8800        23.01
      1.8810        23.01
      1.8820        22.84
      1.8830        22.77
      1.8840        22.49
      1.8850        22.46
      1.8860        22.16
      1.8870        21.91
      1.8880        21.55
      1.8890        21.37
      1.8900        21.17
      1.8910        20.82
      1.8920        20.57
      1.8930        20.31
      1.8940        20.19
      1.8950        19.99
      1.8960        19.81
      1.8970        19.78
      1.8980        19.47
      1.8990        19.31
      1.9000        19.02
      1.9010        18.82
      1.9020        18.78
      1.9030        18.59
      1.9040        18.42
      1.9050        18.12
      1.9060        17.88
      1.9070        17.71
      1.9080        17.53
      1.9090        17.47
      1.9100        17.48
      1.9110        17.40
      1.9120        17.31
      1.9130        17.26
      1.9140        17.13
      1.9150        16.88
      1.9160        16.82
      1.9170        16.64
      1.9180        16.49
      1.9190        16.26
      1.9200        16.21
      1.9210        16.06
      1.9220        15.96
      1.9230        15.66
      1.9240        15.54
      1.9250        15.43
      1.9260        15.28
      1.9270        15.22
      1.9280        15.07
      1.9290        14.78
      1.9300        14.51
      1.9310        14.32
      1.9320        13.90
      1.9330        13.77
      1.9340        13.53
      1.9350        13.37
      1.9360        13.38
      1.9370        13.26
      1.9380        13.10
      1.9390        13.07
      1.9400        12.92
      1.9410        12.83
      1.9420        12.58
      1.9430        12.45
      1.9440        12.37
      1.9450        12.14
      1.9460        12.12
      1.9470        11.85
      1.9480        11.88
      1.9490        11.88
      1.9500        11.75
      1.9510        11.69
      1.9520        11.77
      1.9530        11.60
      1.9540        11.61
      1.9550        11.45
      1.9560        11.20
      1.9570        11.11
      1.9580        11.01
      1.9590        10.87
      1.9600        10.65
      1.9610        10.56
      1.9620        10.46
      1.9630        10.47
      1.9640        10.37
      1.9650        10.37
      1.9660        10.29
      1.9670        10.26
      1.9680        10.01
      1.9690         9.74
      1.9700         9.70
      1.9710         9.51
      1.9720         9.43
      1.9730         9.41
      1.9740         9.21
      1.9750         9.24
      1.9760         9.13
      1.9770         8.84
      1.9780         8.71
      1.9790         8.55
      1.9800         8.47
      1.9810         8.28
      1.9820         8.08
      1.9830         8.00
      1.9840         7.88
      1.9850         7.85
      1.9860         7.84
      1.9870         7.65
      1.9880         7.74
      1.9890         7.90
      1.9900         7.78
      1.9910         7.80
      1.9920         7.66
      1.9930         7.41
      1.9940         7.31
      1.9950         7.34
      1.9960         7.23
      1.9970         7.30
      1.9980         7.18
      1.9990         7.15
      2.0000         7.13
      2.0010         7.14
      2.0020         7.13
      2.0030         6.97
      2.0040         6.92
      2.0050         6.66
      2.0060         6.50
      2.0070         6.49
      2.0080         6.38
      2.0090         6.11
      2.0100         6.05
      2.0110         5.95
      2.0120         5.88
      2.0130         5.94
      2.0140         5.83
      2.0150         5.53
      2.0160         5.44
      2.0170         5.20
      2.0180         5.01
      2.0190         4.81
      2.0200         4.70
      2.0210         4.50
      2.0220         4.46
      2.0230         4.36
      2.0240         4.20
      2.0250         4.20
      2.0260         3.98
      2.0270         3.82
      2.0280         3.60
      2.0290         3.56
      2.0300         3.45
      2.0310         3.26
      2.0320         3.23
      2.0330         3.10
      2.0340         2.97
      2.0350         2.93
      2.0360         2.85
      2.0370         2.89
      2.0380         2.82
      2.0390         2.82
      2.0400         2.79
      2.0410         2.77
      2.0420         2.15
      2.0430         2.17
      2.0440         2.22
      2.0450         2.18
      2.0460         2.20
      2.0470         1.61
      2.0480         1.56
      2.0490         1.47
      2.0500         1.32
      2.0510         1.28
      2.0520         1.24
      2.0530         1.15
      2.0540         1.00
      2.0550         1.00
      2.0560         1.00
      2.0570         1.00
      2.0580         1.00
      2.0590         1.00
      2.0600         1.00
      2.0610         1.00
      2.0620         1.00
      2.0630         1.00
      2.0640         1.00
      2.0650         1.00
      2.0660         1.00
      2.0670         1.00
      2.0680         1.00
      2.0690         1.00
      2.0700         1.00
      2.0710         1.00
      2.0720         1.00
      2.0730         1.00
      2.0740         1.00
      2.0750         1.00
      2.0760         1.00
      2.0770         1.00
      2.0780         1.00
      2.0790         1.00
      2.0800         1.00
      2.0810         1.00
      2.0820         1.00
      2.0830         1.00
      2.0840         1.00
      2.0850         1.00
      2.0860         1.00
      2.0870         1.00
      2.0880         1.00
      2.0890         1.00
      2.0900         1.00
      2.0910         1.00
      2.0920         1.00
      2.0930         1.00
      2.0940         1.00
      2.0950         1.00
      2.0960         1.00
      2.0970         1.00
      2.0980         1.00
      2.0990         1.00
      2.1000         1.00
      2.1010         1.00
      2.1020         1.00
      2.1030         1.00
      2.1040         1.00
      2.1050         1.00
      2.1060         1.00
      2.1070         1.00
      2.1080         1.00
      2.1090         1.00
      2.1100         1.00
      2.1110         1.00
      2.1120         1.00
      2.1130         1.00
      2.1140         1.00
      2.1150         1.00
      2.1160         1.00
      2.1170         1.00
      2.1180         1.00
      2.1190         1.00
      2.1200         1.00
      2.1210         1.00
      2.1220         1.00
      2.1230         1.00
      2.1240         1.00
      2.1250         1.00
      2.1260         1.00
      2.1270         1.00
      2.1280         1.00
      2.1290         1.00
      2.1300         1.00
      2.1310         1.00
      2.1320         1.00
      2.1330         1.00
      2.1340         1.00
      2.1350         1.00
      2.1360         1.00
      2.1370         1.00
      2.1380         1.00
      2.1390         1.00
      2.1400         1.00
      2.1410         1.00
      2.1420         1.00
      2.1430         1.00
      2.1440         1.00
      2.1450         1.00
      2.1460         1.00
      2.1470         1.00
      2.1480         1.00
      2.1490         1.00
      2.1500         1.00
      2.1510         1.00
      2.1520         1.00
      2.1530         1.00
      2.1540         1.00
      2.1550         1.00
      2.1560         1.00
      2.1570         1.00
      2.1580         1.00
      2.1590         1.00
      2.1600         1.00
      2.1610         1.00
      2.1620         1.00
      2.1630         1.00
      2.1640         1.00
      2.1650         1.00
      2.1660         1.00
      2.1670         1.00
      2.1680         1.00
      2.1690         1.00
      2.1700         1.00
      2.1710         1.00
      2.1720         1.00
      2.1730         1.00
      2.1740         1.00
      2.1750         1.00
      2.1760         1.00
      2.1770         1.00
      2.1780         1.00
      2.1790         1.00
      2.1800         1.00
      2.1810         1.00
      2.1820         1.00
      2.1830         1.00
      2.1840         1.00
      2.1850         1.00
      2.1860         1.00
      2.1870         1.00
      2.1880         1.00
      2.1890         1.00
      2.1900         1.00
      2.1910         1.00
      2.1920         1.00
      2.1930         1.00
      2.1940         1.00
      2.1950         1.00
      2.1960         1.00
      2.1970         1.00
      2.1980         1.00
      2.1990         1.00
      2.2000         1.00
      2.2010         1.00
      2.2020         1.00
      2.2030         1.00
      2.2040         1.00
      2.2050         1.00
      2.2060         1.00
      2.2070         1.00
      2.2080         1.00
      2.2090         1.00
      2.2100         1.00
      2.2110         1.00
      2.2120         1.00
      2.2130         1.00
      2.2140         1.00
      2.2150         1.00
      2.2160         1.00
      2.2170         1.00
      2.2180         1.00
      2.2190         1.00
      2.2200         1.00
      2.2210         1.00
      2.2220         1.00
      2.2230         1.00
      2.2240         1.00
      2.2250         1.00
      2.2260         1.00
      2.2270         1.00
      2.2280         1.00
      2.2290         1.00
      2.2300         1.00
      2.2310         1.00
      2.2320         1.00
      2.2330         1.00
      2.2340         1.00
      2.2350         1.00
      2.2360         1.00
      2.2370         1.00
      2.2380         1.00
      2.2390         1.00
      2.2400         1.00
      2.2410         1.00
      2.2420         1.00
      2.2430         1.00
      2.2440         1.00
      2.2450         1.00
      2.2460         1.00
      2.2470         1.00
      2.2480         1.00
      2.2490         1.00
      2.2500         1.00
      2.2510         1.00
      2.2520         1.00
      2.2530         1.00
      2.2540         1.00
      2.2550         1.00
      2.2560         1.00
      2.2570         1.00
      2.2580         1.00
      2.2590         1.00
      2.2600         1.00
      2.2610         1.00
      2.2620         1.00
      2.2630         1.00
      2.2640         1.00
      2.2650         1.00
      2.2660         1.00
      2.2670         1.00
      2.2680         1.00
      2.2690         1.00
      2.2700         1.00
      2.2710         1.00
      2.2720         1.00
      2.2730         1.00
      2.2740         1.00
      2.2750         1.00
      2.2760         1.00
      2.2770         1.00
      2.2780         1.00
      2.2790         1.00
      2.2800         1.00
      2.2810         1.00
      2.2820         1.00
      2.2830         1.00
      2.2840         1.00
      2.2850         1.00
      2.2860         1.00
      2.2870         1.00
      2.2880         1.00
      2.2890         1.00
      2.2900         1.00
      2.2910         1.00
      2.2920         1.00
      2.2930         1.00
      2.2940         1.00
      2.2950         1.00
      2.2960         1.00
      2.2970         1.00
      2.2980         1.00
      2.2990         1.00
      2.3000         1.00
      2.3010         1.00
      2.3020         1.00
      2.3030         1.00
      2.3040         1.00
      2.3050         1.00
      2.3060         1.00
      2.3070         1.00
      2.3080         1.00
      2.3090         1.00
      2.3100         1.00
      2.3110         1.00
      2.3120         1.00
      2.3130         1.00
      2.3140         1.00
      2.3150         1.00
      2.3160         1.00
      2.3170         1.00
      2.3180         1.00
      2.3190         1.00
      2.3200         1.00
      2.3210         1.00
      2.3220         1.00
      2.3230         1.00
      2.3240         1.00
      2.3250         1.00
      2.3260         1.00
      2.3270         1.00
      2.3280         1.00
      2.3290         1.00
      2.3300         1.00
      2.3310         1.00
      2.3320         1.00
      2.3330         1.00
      2.3340         1.00
      2.3350         1.00
      2.3360         1.00
      2.3370         1.00
      2.3380         1.00
      2.3390         1.00
      2.3400         1.00
      2.3410         1.00
      2.3420         1.00
      2.3430         1.00
      2.3440         1.00
      2.3450         1.00
      2.3460         1.00
      2.3470         1.00
      2.3480         1.00
      2.3490         1.00
      2.3500         1.00
      2.3510         1.00
      2.3520         1.00
      2.3530         1.00
      2.3540         1.00
      2.3550         1.00
      2.3560         1.00
      2.3570         1.00
      2.3580         1.00
      2.3590         1.00
      2.3600         1.00
      2.3610         1.00
      2.3620         1.00
      2.3630         1.00
      2.3640         1.00
      2.3650         1.00
      2.3660         1.00
      2.3670         1.00
      2.3680         1.00
      2.3690         1.00
      2.3700         1.00
      2.3710         1.00
      2.3720         1.00
      2.3730         1.00
      2.3740         1.00
      2.3750         1.00
      2.3760         1.00
      2.3770         1.00
      2.3780         1.00
      2.3790         1.00
      2.3800         1.00
      2.3810         1.00
      2.3820         1.00
      2.3830         1.00
      2.3840         1.00
      2.3850         1.00
      2.3860         1.00
      2.3870         1.00
      2.3880         1.00
      2.3890         1.00
      2.3900         1.00
      2.3910         1.00
      2.3920         1.00
      2.3930         1.00
      2.3940         1.00
      2.3950         1.00
      2.3960         1.00
      2.3970         1.00
      2.3980         1.00
      2.3990         1.00
      2.4000         1.00
      2.4010         1.00
      2.4020         1.00
      2.4030         1.00
      2.4040         1.00
      2.4050         1.00
      2.4060         1.00
      2.4070         1.00
      2.4080         1.00
      2.4090         1.00
      2.4100         1.00
      2.4110         1.00
      2.4120         1.00
      2.4130         1.00
      2.4140         1.00
      2.4150         1.00
      2.4160         1.00
      2.4170         1.00
      2.4180         1.00
      2.4190         1.00
      2.4200         1.00
      2.4210         1.00
      2.4220         1.00
      2.4230         1.00
      2.4240         1.00
      2.4250         1.00
      2.4260         1.00
      2.4270         1.00
      2.4280         1.00
      2.4290         1.00
      2.4300         1.00
      2.4310         1.00
      2.4320         1.00
      2.4330         1.00
      2.4340         1.00
      2.4350         1.00
      2.4360         1.00
      2.4370         1.00
      2.4380         1.00
      2.4390         1.00
      2.4400         1.00
      2.4410         1.00
      2.4420         1.00
      2.4430         1.00
      2.4440         1.00
      2.4450         1.00
      2.4460         1.00
      2.4470         1.00
      2.4480         1.00
      2.4490         1.00
      2.4500         1.00
      2.4510         1.00
      2.4520         1.00
      2.4530         1.00
      2.4540         1.00
      2.4550         1.00
      2.4560         1.00
      2.4570         1.00
      2.4580         1.00
      2.4590         1.00
      2.4600         1.00
      2.4610         1.00
      2.4620         1.00
      2.4630         1.00
      2.4640         1.00
      2.4650         1.00
      2.4660         1.00
      2.4670         1.00
      2.4680         1.00
      2.4690         1.00
      2.4700         1.00
      2.4710         1.00
      2.4720         1.00
      2.4730         1.00
      2.4740         1.00
      2.4750         1.00
      2.4760         1.00
      2.4770         1.00
      2.4780         1.00
      2.4790         1.00
      2.4800         1.00
      2.4810         1.00
      2.4820         1.00
      2.4830         1.00
      2.4840         1.00
      2.4850         1.00
      2.4860         1.00
      2.4870         1.00
      2.4880         1.00
      2.4890         1.00
      2.4900         1.00
      2.4910         1.00
      2.4920         1.00
      2.4930         1.00
      2.4940         1.00
      2.4950         1.00
      2.4960         1.00
      2.4970         1.00
      2.4980         1.00
      2.4990         1.00
      2.5000         1.00
      2.5010         1.00
      2.5020         1.00
      2.5030         1.00
      2.5040         1.00
      2.5050         1.00
      2.5060         1.00
      2.5070         1.00
      2.5080         1.00
      2.5090         1.00
      2.5100         1.00
      2.5110         1.00
      2.5120         1.00
      2.5130         1.00
      2.5140         1.00
      2.5150         1.00
      2.5160         1.00
      2.5170         1.00
      2.5180         1.00
      2.5190         1.00
      2.5200         1.00
      2.5210         1.00
      2.5220         1.00
      2.5230         1.00
      2.5240         1.00
      2.5250         1.00
      2.5260         1.00
      2.5270         1.00
      2.5280         1.00
      2.5290         1.00
      2.5300         1.00
      2.5310         1.00
      2.5320         1.00
      2.5330         1.00
      2.5340         1.00
      2.5350         1.00
      2.5360         1.00
      2.5370         1.00
      2.5380         1.00
      2.5390         1.00
      2.5400         1.00
      2.5410         1.00
      2.5420         1.00
      2.5430         1.00
      2.5440         1.00
      2.5450         1.00
      2.5460         1.00
      2.5470         1.00
      2.5480         1.00
      2.5490         1.00
      2.5500         1.00
      2.5510         1.00
      2.5520         1.00
      2.5530         1.00
      2.5540         1.00
      2.5550         1.00
      2.5560         1.00
      2.5570         1.00
      2.5580         1.00
      2.5590         1.00
      2.5600         1.00
      2.5610         1.00
      2.5620         1.00
      2.5630         1.00
      2.5640         1.00
      2.5650         1.00
      2.5660         1.00
      2.5670         1.00
      2.5680         1.00
      2.5690         1.00
      2.5700         1.00
      2.5710         1.00
      2.5720         1.00
      2.5730         1.00
      2.5740         1.00
      2.5750         1.00
      2.5760         1.00
      2.5770         1.00
      2.5780         1.00
      2.5790         1.00
      2.5800         1.00
      2.5810         1.00
      2.5820         1.00
      2.5830         1.00
      2.5840         1.00
      2.5850         1.00
      2.5860         1.00
      2.5870         1.00
      2.5880         1.00
      2.5890         1.00
      2.5900         1.00
      2.5910         1.00
      2.5920         1.00
      2.5930         1.00
      2.5940         1.00
      2.5950         1.00
      2.5960         1.00
      2.5970         1.00
      2.5980         1.00
      2.5990         1.00
      2.6000         1.00
      2.6010         1.00
      2.6020         1.00
      2.6030         1.00
      2.6040         1.00
      2.6050         1.00
      2.6060         1.00
      2.6070         1.00
      2.6080         1.00
      2.6090         1.00
      2.6100         1.00
      2.6110         1.00
      2.6120         1.00
      2.6130         1.00
      2.6140         1.00
      2.6150         1.00
      2.6160         1.00
      2.6170         1.00
      2.6180         1.00
      2.6190         1.00
      2.6200         1.00
      2.6210         1.00
      2.6220         1.00
      2.6230         1.00
      2.6240         1.00
      2.6250         1.00
      2.6260         1.00
      2.6270         1.00
      2.6280         1.00
      2.6290         1.00
      2.6300         1.00
      2.6310         1.00
      2.6320         1.00
      2.6330         1.00
      2.6340         1.00
      2.6350         1.00
      2.6360         1.00
      2.6370         1.00
      2.6380         1.00
      2.6390         1.00
      2.6400         1.00
      2.6410         1.00
      2.6420         1.00
      2.6430         1.00
      2.6440         1.00
      2.6450         1.00
      2.6460         1.00
      2.6470         1.00
      2.6480         1.00
      2.6490         1.00
      2.6500         1.00
      2.6510         1.00
      2.6520         1.00
      2.6530         1.00
      2.6540         1.00
      2.6550         1.00
      2.6560         1.00
      2.6570         1.00
      2.6580         1.00
      2.6590         1.00
      2.6600         1.00
      2.6610         1.00
      2.6620         1.00
      2.6630         1.00
      2.6640         1.00
      2.6650         1.00
      2.6660         1.00
      2.6670         1.00
      2.6680         1.00
      2.6690         1.00
      2.6700         1.00
      2.6710         1.00
      2.6720         1.00
      2.6730         1.00
      2.6740         1.00
      2.6750         1.00
      2.6760         1.00
      2.6770         1.00
      2.6780         1.00
      2.6790         1.00
      2.6800         1.00
      2.6810         1.00
      2.6820         1.00
      2.6830         1.00
      2.6840         1.00
      2.6850         1.00
      2.6860         1.00
      2.6870         1.00
      2.6880         1.00
      2.6890         1.00
      2.6900         1.00
      2.6910         1.00
      2.6920         1.00
      2.6930         1.00
      2.6940         1.00
      2.6950         1.00
      2.6960         1.00
      2.6970         1.00
      2.6980         1.00
      2.6990         1.00
      2.7000         1.00
      2.7010         1.00
      2.7020         1.00
      2.7030         1.00
      2.7040         1.00
      2.7050         1.00
      2.7060         1.00
      2.7070         1.00
      2.7080         1.00
      2.7090         1.00
      2.7100         1.00
      2.7110         1.00
      2.7120         1.00
      2.7130         1.00
      2.7140         1.00
      2.7150         1.00
      2.7160         1.00
      2.7170         1.00
      2.7180         1.00
      2.7190         1.00
      2.7200         1.00
      2.7210         1.00
      2.7220         1.00
      2.7230         1.00
      2.7240         1.00
      2.7250         1.00
      2.7260         1.00
      2.7270         1.00
      2.7280         1.00
      2.7290         1.00
      2.7300         1.00
      2.7310         1.00
      2.7320         1.00
      2.7330         1.00
      2.7340         1.00
      2.7350         1.00
      2.7360         1.00
      2.7370         1.00
      2.7380         1.00
      2.7390         1.00
      2.7400         1.00
      2.7410         1.00
      2.7420         1.00
      2.7430         1.00
      2.7440         1.00
      2.7450         1.00
      2.7460         1.00
      2.7470         1.00
      2.7480         1.00
      2.7490         1.00
      2.7500         1.00
      2.7510         1.00
      2.7520         1.00
      2.7530         1.00
      2.7540         1.00
      2.7550         1.00
      2.7560         1.00
      2.7570         1.00
      2.7580         1.00
      2.7590         1.00
      2.7600         1.00
      2.7610         1.00
      2.7620         1.00
      2.7630         1.00
      2.7640         1.00
      2.7650         1.00
      2.7660         1.00
      2.7670         1.00
      2.7680         1.00
      2.7690         1.00
      2.7700         1.00
      2.7710         1.00
      2.7720         1.00
      2.7730         1.00
      2.7740         1.00
      2.7750         1.00
      2.7760         1.00
      2.7770         1.00
      2.7780         1.00
      2.7790         1.00
      2.7800         1.00
      2.7810         1.00
      2.7820         1.00
      2.7830         1.00
      2.7840         1.00
      2.7850         1.00
      2.7860         1.00
      2.7870         1.00
      2.7880         1.00
      2.7890         1.00
      2.7900         1.00
      2.7910         1.00
      2.7920         1.00
      2.7930         1.00
      2.7940         1.00
      2.7950         1.00
      2.7960         1.00
      2.7970         1.00
      2.7980         1.00
      2.7990         1.00
      2.8000         1.00
      2.8010         1.00
      2.8020         1.00
      2.8030         1.00
      2.8040         1.00
      2.8050         1.00
      2.8060         1.00
      2.8070         1.00
      2.8080         1.00
      2.8090         1.00
      2.8100         1.00
      2.8110         1.00
      2.8120         1.00
      2.8130         1.00
      2.8140         1.00
      2.8150         1.00
      2.8160         1.00
      2.8170         1.00
      2.8180         1.00
      2.8190         1.00
      2.8200         1.00
      2.8210         1.00
      2.8220         1.00
      2.8230         1.00
      2.8240         1.00
      2.8250         1.00
      2.8260         1.00
      2.8270         1.00
      2.8280         1.00
      2.8290         1.00
      2.8300         1.00
      2.8310         1.00
      2.8320         1.00
      2.8330         1.00
      2.8340         1.00
      2.8350         1.00
      2.8360         1.00
      2.8370         1.00
      2.8380         1.00
      2.8390         1.00
      2.8400         1.00
      2.8410         1.00
      2.8420         1.00
      2.8430         1.00
      2.8440         1.00
      2.8450         1.00
      2.8460         1.00
      2.8470         1.00
      2.8480         1.00
      2.8490         1.00
      2.8500         1.00
      2.8510         1.00
      2.8520         1.00
      2.8530         1.00
      2.8540         1.00
      2.8550         1.00
      2.8560         1.00
      2.8570         1.00
      2.8580         1.00
      2.8590         1.00
      2.8600         1.00
      2.8610         1.00
      2.8620         1.00
      2.8630         1.00
      2.8640         1.00
      2.8650         1.00
      2.8660         1.00
      2.8670         1.00
      2.8680         1.00
      2.8690         1.00
      2.8700         1.00
      2.8710         1.00
      2.8720         1.00
      2.8730         1.00
      2.8740         1.00
      2.8750         1.00
      2.8760         1.00
      2.8770         1.00
      2.8780         1.00
      2.8790         1.00
      2.8800         1.00
      2.8810         1.00
      2.8820         1.00
      2.8830         1.00
      2.8840         1.00
      2.8850         1.00
      2.8860         1.00
      2.8870         1.00
      2.8880         1.00
      2.8890         1.00
      2.8900         1.00
      2.8910         1.00
      2.8920         1.00
      2.8930         1.00
      2.8940         1.00
      2.8950         1.00
      2.8960         1.00
      2.8970         1.00
      2.8980         1.00
      2.8990         1.00
      2.9000         1.00
      2.9010         1.00
      2.9020         1.00
      2.9030         1.00
      2.9040         1.00
      2.9050         1.00
      2.9060         1.00
      2.9070         1.00
      2.9080         1.00
      2.9090         1.00
      2.9100         1.00
      2.9110         1.00
      2.9120         1.00
      2.9130         1.00
      2.9140         1.00
      2.9150         1.00
      2.9160         1.00
      2.9170         1.00
      2.9180         1.00
      2.9190         1.00
      2.9200         1.00
      2.9210         1.00
      2.9220         1.00
      2.9230         1.00
      2.9240         1.00
      2.9250         1.00
      2.9260         1.00
      2.9270         1.00
      2.9280         1.00
      2.9290         1.00
      2.9300         1.00
      2.9310         1.00
      2.9320         1.00
      2.9330         1.00
      2.9340         1.00
      2.9350         1.00
      2.9360         1.00
      2.9370         1.00
      2.9380         1.00
      2.9390         1.00
      2.9400         1.00
      2.9410         1.00
      2.9420         1.00
      2.9430         1.00
      2.9440         1.00
      2.9450         1.00
      2.9460         1.00
      2.9470         1.00
      2.9480         1.00
      2.9490         1.00
      2.9500         1.00
      2.9510         1.00
      2.9520         1.00
      2.9530         1.00
      2.9540         1.00
      2.9550         1.00
      2.9560         1.00
      2.9570         1.00
      2.9580         1.00
      2.9590         1.00
      2.9600         1.00
      2.9610         1.00
      2.9620         1.00
      2.9630         1.00
      2.9640         1.00
      2.9650         1.00
      2.9660         1.00
      2.9670         1.00
      2.9680         1.00
      2.9690         1.00
      2.9700         1.00
      2.9710         1.00
      2.9720         1.00
      2.9730         1.00
      2.9740         1.00
      2.9750         1.00
      2.9760         1.00
      2.9770         1.00
      2.9780         1.00
      2.9790         1.00
      2.9800         1.00
      2.9810         1.00
      2.9820         1.00
      2.9830         1.00
      2.9840         1.00
      2.9850         1.00
      2.9860         1.00
      2.9870         1.00
      2.9880         1.00
      2.9890         1.00
      2.9900         1.00
      2.9910         1.00
      2.9920         1.00
      2.9930         1.00
      2.9940         1.00
      2.9950         1.00
      2.9960         1.00
      2.9970         1.00
      2.9980         1.00
      2.9990         1.00
