        Time   Palpation Force
      0.0000         1.00
      0.0010         1.00
      0.0020         1.00
      0.0030         1.00
      0.0040         1.00
      0.0050         1.00
      0.0060         1.00
      0.0070         1.00
      0.0080         1.00
      0.0090         1.00
      0.0100         1.00
      0.0110         1.00
      0.0120         1.00
      0.0130         1.00
      0.0140         1.00
      0.0150         1.00
      0.0160         1.00
      0.0170         1.00
      0.0180         1.00
      0.0190         1.00
      0.0200         1.00
      0.0210         1.00
      0.0220         1.00
      0.0230         1.00
      0.0240         1.00
      0.0250         1.00
      0.0260         1.00
      0.0270         1.00
      0.0280         1.00
      0.0290         1.00
      0.0300         1.00
      0.0310         1.00
      0.0320         1.00
      0.0330         1.00
      0.0340         1.00
      0.0350         1.00
      0.0360         1.00
      0.0370         1.00
      0.0380         1.00
      0.0390         1.00
      0.0400         1.00
      0.0410         1.00
      0.0420         1.00
      0.0430         1.00
      0.0440         1.00
      0.0450         1.00
      0.0460         1.00
      0.0470         1.00
      0.0480         1.00
      0.0490         1.00
      0.0500         1.00
      0.0510         1.00
      0.0520         1.00
      0.0530         1.00
      0.0540         1.00
      0.0550         1.00
      0.0560         1.00
      0.0570         1.00
      0.0580         1.00
      0.0590         1.00
      0.0600         1.00
      0.0610         1.00
      0.0620         1.00
      0.0630         1.00
      0.0640         1.00
      0.0650         1.00
      0.0660         1.00
      0.0670         1.00
      0.0680         1.00
      0.0690         1.00
      0.0700         1.00
      0.0710         1.00
      0.0720         1.00
      0.0730         1.00
      0.0740         1.00
      0.0750         1.00
      0.0760         1.00
      0.0770         1.00
      0.0780         1.00
      0.0790         1.00
      0.0800         1.00
      0.0810         1.00
      0.0820         1.00
      0.0830         1.00
      0.0840         1.00
      0.0850         1.00
      0.0860         1.00
      0.0870         1.00
      0.0880         1.00
      0.0890         1.00
      0.0900         1.00
      0.0910         1.00
      0.0920         1.00
      0.0930         1.00
      0.0940         1.00
      0.0950         1.00
      0.0960         1.00
      0.0970         1.00
      0.0980         1.00
      0.0990         1.00
      0.1000         1.00
      0.1010         1.00
      0.1020         1.00
      0.1030         1.00
      0.1040         1.00
      0.1050         1.00
      0.1060         1.00
      0.1070         1.00
      0.1080         1.00
      0.1090         1.00
      0.1100         1.00
      0.1110         1.00
      0.1120         1.00
      0.1130         1.00
      0.1140         1.00
      0.1150         1.00
      0.1160         1.00
      0.1170         1.00
      0.1180         1.00
      0.1190         1.00
      0.1200         1.00
      0.1210         1.00
      0.1220         1.00
      0.1230         1.00
      0.1240         1.00
      0.1250         1.00
      0.1260         1.00
      0.1270         1.00
      0.1280         1.00
      0.1290         1.00
      0.1300         1.00
      0.1310         1.00
      0.1320         1.00
      0.1330         1.00
      0.1340         1.00
      0.1350         1.00
      0.1360         1.00
      0.1370         1.00
      0.1380         1.00
      0.1390         1.00
      0.1400         1.00
      0.1410         1.00
      0.1420         1.00
      0.1430         1.00
      0.1440         1.00
      0.1450         1.00
      0.1460         1.00
      0.1470         1.00
      0.1480         1.00
      0.1490         1.00
      0.1500         1.00
      0.1510         1.00
      0.1520         1.00
      0.1530         1.00
      0.1540         1.00
      0.1550         1.00
      0.1560         1.00
      0.1570         1.00
      0.1580         1.00
      0.1590         1.00
      0.1600         1.00
      0.1610         1.00
      0.1620         1.00
      0.1630         1.00
      0.1640         1.00
      0.1650         1.00
      0.1660         1.00
      0.1670         1.00
      0.1680         1.00
      0.1690         1.00
      0.1700         1.00
      0.1710         1.00
      0.1720         1.00
      0.1730         1.00
      0.1740         1.00
      0.1750         1.00
      0.1760         1.00
      0.1770         1.00
      0.1780         1.00
      0.1790         1.00
      0.1800         1.00
      0.1810         1.00
      0.1820         1.00
      0.1830         1.00
      0.1840         1.00
      0.1850         1.00
      0.1860         1.00
      0.1870         1.00
      0.1880         1.00
      0.1890         1.00
      0.1900         1.00
      0.1910         1.00
      0.1920         1.00
      0.1930         1.00
      0.1940         1.00
      0.1950         1.00
      0.1960         1.00
      0.1970         1.00
      0.1980         1.00
      0.1990         1.00
      0.2000         1.00
      0.2010         1.00
      0.2020         1.00
      0.2030         1.00
      0.2040         1.00
      0.2050         1.00
      0.2060         1.00
      0.2070         1.00
      0.2080         1.00
      0.2090         1.00
      0.2100         1.00
      0.2110         1.00
      0.2120         1.00
      0.2130         1.00
      0.2140         1.00
      0.2150         1.00
      0.2160         1.00
      0.2170         1.00
      0.2180         1.00
      0.2190         1.00
      0.2200         1.00
      0.2210         1.00
      0.2220         1.00
      0.2230         1.00
      0.2240         1.00
      0.2250         1.00
      0.2260         1.00
      0.2270         1.00
      0.2280         1.00
      0.2290         1.00
      0.2300         1.00
      0.2310         1.00
      0.2320         1.00
      0.2330         1.00
      0.2340         1.00
      0.2350         1.00
      0.2360         1.00
      0.2370         1.00
      0.2380         1.00
      0.2390         1.00
      0.2400         1.00
      0.2410         1.00
      0.2420         1.00
      0.2430         1.00
      0.2440         1.00
      0.2450         1.00
      0.2460         1.00
      0.2470         1.00
      0.2480         1.00
      0.2490         1.00
      0.2500         1.00
      0.2510         1.00
      0.2520         1.00
      0.2530         1.00
      0.2540         1.00
      0.2550         1.00
      0.2560         1.00
      0.2570         1.00
      0.2580         1.00
      0.2590         1.00
      0.2600         1.00
      0.2610         1.00
      0.2620         1.00
      0.2630         1.00
      0.2640         1.00
      0.2650         1.00
      0.2660         1.00
      0.2670         1.00
      0.2680         1.00
      0.2690         1.00
      0.2700         1.00
      0.2710         1.00
      0.2720         1.00
      0.2730         1.00
      0.2740         1.00
      0.2750         1.00
      0.2760         1.00
      0.2770         1.00
      0.2780         1.00
      0.2790         1.00
      0.2800         1.00
      0.2810         1.00
      0.2820         1.00
      0.2830         1.00
      0.2840         1.00
      0.2850         1.00
      0.2860         1.00
      0.2870         1.00
      0.2880         1.00
      0.2890         1.00
      0.2900         1.00
      0.2910         1.00
      0.2920         1.00
      0.2930         1.00
      0.2940         1.00
      0.2950         1.00
      0.2960         1.00
      0.2970         1.00
      0.2980         1.00
      0.2990         1.00
      0.3000         1.00
      0.3010         1.00
      0.3020         1.00
      0.3030         1.00
      0.3040         1.00
      0.3050         1.00
      0.3060         1.00
      0.3070         1.00
      0.3080         1.00
      0.3090         1.00
      0.3100         1.00
      0.3110         1.00
      0.3120         1.00
      0.3130         1.00
      0.3140         1.00
      0.3150         1.00
      0.3160         1.00
      0.3170         1.00
      0.3180         1.00
      0.3190         1.00
      0.3200         1.00
      0.3210         1.00
      0.3220         1.00
      0.3230         1.00
      0.3240         1.00
      0.3250         1.00
      0.3260         1.00
      0.3270         1.00
      0.3280         1.00
      0.3290         1.00
      0.3300         1.00
      0.3310         1.00
      0.3320         1.00
      0.3330         1.00
      0.3340         1.00
      0.3350         1.00
      0.3360         1.00
      0.3370         1.00
      0.3380         1.00
      0.3390         1.00
      0.3400         1.00
      0.3410         1.00
      0.3420         1.00
      0.3430         1.00
      0.3440         1.00
      0.3450         1.00
      0.3460         1.00
      0.3470         1.00
      0.3480         1.00
      0.3490         1.00
      0.3500         1.00
      0.3510         1.00
      0.3520         1.00
      0.3530         1.00
      0.3540         1.00
      0.3550         1.00
      0.3560         1.00
      0.3570         1.00
      0.3580         1.00
      0.3590         1.00
      0.3600         1.00
      0.3610         1.00
      0.3620         1.00
      0.3630         1.00
      0.3640         1.00
      0.3650         1.00
      0.3660         1.00
      0.3670         1.00
      0.3680         1.00
      0.3690         1.00
      0.3700         1.00
      0.3710         1.00
      0.3720         1.00
      0.3730         1.00
      0.3740         1.00
      0.3750         1.00
      0.3760         1.00
      0.3770         1.00
      0.3780         1.00
      0.3790         1.00
      0.3800         1.00
      0.3810         1.00
      0.3820         1.00
      0.3830         1.00
      0.3840         1.00
      0.3850         1.00
      0.3860         1.00
      0.3870         1.00
      0.3880         1.00
      0.3890         1.00
      0.3900         1.00
      0.3910         1.00
      0.3920         1.00
      0.3930         1.00
      0.3940         1.00
      0.3950         1.00
      0.3960         1.00
      0.3970         1.00
      0.3980         1.00
      0.3990         1.00
      0.4000         1.00
      0.4010         1.00
      0.4020         1.00
      0.4030         1.00
      0.4040         1.00
      0.4050         1.00
      0.4060         1.00
      0.4070         1.00
      0.4080         1.00
      0.4090         1.00
      0.4100         1.00
      0.4110         1.00
      0.4120         1.00
      0.4130         1.00
      0.4140         1.00
      0.4150         1.00
      0.4160         1.00
      0.4170         1.00
      0.4180         1.00
      0.4190         1.00
      0.4200         1.00
      0.4210         1.00
      0.4220         1.00
      0.4230         1.00
      0.4240         1.00
      0.4250         1.00
      0.4260         1.00
      0.4270         1.00
      0.4280         1.00
      0.4290         1.00
      0.4300         1.00
      0.4310         1.00
      0.4320         1.00
      0.4330         1.00
      0.4340         1.00
      0.4350         1.00
      0.4360         1.00
      0.4370         1.00
      0.4380         1.00
      0.4390         1.00
      0.4400         1.00
      0.4410         1.00
      0.4420         1.00
      0.4430         1.00
      0.4440         1.00
      0.4450         1.00
      0.4460         1.00
      0.4470         1.00
      0.4480         1.00
      0.4490         1.00
      0.4500         1.00
      0.4510         1.00
      0.4520         1.00
      0.4530         1.00
      0.4540         1.00
      0.4550         1.00
      0.4560         1.00
      0.4570         1.00
      0.4580         1.00
      0.4590         1.00
      0.4600         1.00
      0.4610         1.00
      0.4620         1.00
      0.4630         1.00
      0.4640         1.00
      0.4650         1.00
      0.4660         1.00
      0.4670         1.00
      0.4680         1.00
      0.4690         1.00
      0.4700         1.00
      0.4710         1.00
      0.4720         1.00
      0.4730         1.00
      0.4740         1.00
      0.4750         1.00
      0.4760         1.00
      0.4770         1.00
      0.4780         1.00
      0.4790         1.00
      0.4800         1.00
      0.4810         1.00
      0.4820         1.00
      0.4830         1.00
      0.4840         1.00
      0.4850         1.00
      0.4860         1.00
      0.4870         1.00
      0.4880         1.00
      0.4890         1.00
      0.4900         1.00
      0.4910         1.00
      0.4920         1.00
      0.4930         1.00
      0.4940         1.00
      0.4950         1.00
      0.4960         1.00
      0.4970         1.00
      0.4980         1.00
      0.4990         1.00
      0.5000         1.00
      0.5010         1.00
      0.5020         1.00
      0.5030         1.00
      0.5040         1.00
      0.5050         1.00
      0.5060         1.00
      0.5070         1.00
      0.5080         1.00
      0.5090         1.00
      0.5100         1.00
      0.5110         1.00
      0.5120         1.00
      0.5130         1.00
      0.5140         1.00
      0.5150         1.00
      0.5160         1.00
      0.5170         1.00
      0.5180         1.00
      0.5190         1.00
      0.5200         1.00
      0.5210         1.00
      0.5220         1.00
      0.5230         1.00
      0.5240         1.00
      0.5250         1.00
      0.5260         1.00
      0.5270         1.00
      0.5280         1.00
      0.5290         1.00
      0.5300         1.00
      0.5310         1.00
      0.5320         1.00
      0.5330         1.00
      0.5340         1.00
      0.5350         1.00
      0.5360         1.00
      0.5370         1.00
      0.5380         1.00
      0.5390         1.00
      0.5400         1.00
      0.5410         1.00
      0.5420         1.00
      0.5430         1.00
      0.5440         1.00
      0.5450         1.00
      0.5460         1.00
      0.5470         1.00
      0.5480         1.00
      0.5490         1.00
      0.5500         1.00
      0.5510         1.00
      0.5520         1.00
      0.5530         1.00
      0.5540         1.00
      0.5550         1.00
      0.5560         1.00
      0.5570         1.00
      0.5580         1.00
      0.5590         1.00
      0.5600         1.00
      0.5610         1.00
      0.5620         1.00
      0.5630         1.00
      0.5640         1.00
      0.5650         1.00
      0.5660         1.00
      0.5670         1.00
      0.5680         1.00
      0.5690         1.12
      0.5700         1.14
      0.5710         1.24
      0.5720         1.25
      0.5730         1.23
      0.5740         1.21
      0.5750         1.28
      0.5760         1.29
      0.5770         1.32
      0.5780         1.25
      0.5790         1.15
      0.5800         1.00
      0.5810         1.03
      0.5820         1.00
      0.5830         1.00
      0.5840         1.00
      0.5850         1.00
      0.5860         1.00
      0.5870         1.00
      0.5880         1.00
      0.5890         1.00
      0.5900         1.00
      0.5910         1.00
      0.5920         1.00
      0.5930         1.00
      0.5940         1.00
      0.5950         1.00
      0.5960         1.00
      0.5970         1.00
      0.5980         1.00
      0.5990         1.00
      0.6000         1.00
      0.6010         1.00
      0.6020         1.00
      0.6030         1.00
      0.6040         1.00
      0.6050         1.00
      0.6060         1.00
      0.6070         1.00
      0.6080         1.00
      0.6090         1.00
      0.6100         1.00
      0.6110         1.00
      0.6120         1.00
      0.6130         1.00
      0.6140         1.00
      0.6150         1.00
      0.6160         1.00
      0.6170         1.00
      0.6180         1.00
      0.6190         1.00
      0.6200         1.00
      0.6210         1.00
      0.6220         1.00
      0.6230         1.00
      0.6240         1.00
      0.6250         1.00
      0.6260         1.00
      0.6270         1.00
      0.6280         1.00
      0.6290         1.00
      0.6300         1.00
      0.6310         1.00
      0.6320         1.00
      0.6330         1.00
      0.6340         1.00
      0.6350         1.00
      0.6360         1.00
      0.6370         1.00
      0.6380         1.00
      0.6390         1.00
      0.6400         1.00
      0.6410         1.00
      0.6420         1.11
      0.6430         1.13
      0.6440         1.20
      0.6450         1.16
      0.6460         1.00
      0.6470         1.27
      0.6480         1.85
      0.6490         1.39
      0.6500         1.47
      0.6510         1.45
      0.6520         1.53
      0.6530         1.59
      0.6540         1.71
      0.6550         1.57
      0.6560         1.44
      0.6570         1.31
      0.6580         1.41
      0.6590         1.52
      0.6600         1.44
      0.6610         1.36
      0.6620         1.77
      0.6630         1.73
      0.6640         1.10
      0.6650         1.14
      0.6660         1.17
      0.6670         1.07
      0.6680         1.03
      0.6690         1.00
      0.6700         1.05
      0.6710         1.00
      0.6720         1.14
      0.6730         1.00
      0.6740         1.00
      0.6750         1.00
      0.6760         1.00
      0.6770         1.30
      0.6780         1.27
      0.6790         1.19
      0.6800         1.18
      0.6810         1.71
      0.6820         1.37
      0.6830         2.41
      0.6840         2.69
      0.6850         2.57
      0.6860         2.82
      0.6870         2.82
      0.6880         2.94
      0.6890         2.93
      0.6900         2.92
      0.6910         3.15
      0.6920         3.05
      0.6930         3.01
      0.6940         3.14
      0.6950         3.13
      0.6960         3.31
      0.6970         3.24
      0.6980         3.20
      0.6990         2.60
      0.7000         2.52
      0.7010         2.64
      0.7020         2.57
      0.7030         2.53
      0.7040         2.44
      0.7050         2.52
      0.7060         2.49
      0.7070         2.62
      0.7080         2.57
      0.7090         2.49
      0.7100         2.02
      0.7110         2.45
      0.7120         2.00
      0.7130         1.90
      0.7140         1.84
      0.7150         1.77
      0.7160         1.82
      0.7170         1.92
      0.7180         1.96
      0.7190         2.34
      0.7200         2.34
      0.7210         1.85
      0.7220         1.94
      0.7230         2.54
      0.7240         2.50
      0.7250         2.58
      0.7260         2.61
      0.7270         2.54
      0.7280         2.45
      0.7290         2.45
      0.7300         2.42
      0.7310         2.43
      0.7320         2.37
      0.7330         2.51
      0.7340         2.96
      0.7350         2.59
      0.7360         3.05
      0.7370         3.05
      0.7380         3.13
      0.7390         3.25
      0.7400         3.33
      0.7410         3.39
      0.7420         3.38
      0.7430         3.50
      0.7440         3.57
      0.7450         3.45
      0.7460         3.34
      0.7470         3.14
      0.7480         3.27
      0.7490         3.34
      0.7500         3.24
      0.7510         3.16
      0.7520         3.27
      0.7530         3.31
      0.7540         3.32
      0.7550         3.43
      0.7560         3.60
      0.7570         3.66
      0.7580         3.54
      0.7590         3.54
      0.7600         3.46
      0.7610         3.44
      0.7620         3.45
      0.7630         3.31
      0.7640         3.32
      0.7650         3.37
      0.7660         3.44
      0.7670         3.57
      0.7680         3.73
      0.7690         3.80
      0.7700         4.07
      0.7710         4.12
      0.7720         4.11
      0.7730         4.16
      0.7740         4.15
      0.7750         4.07
      0.7760         3.89
      0.7770         3.81
      0.7780         4.00
      0.7790         4.09
      0.7800         4.09
      0.7810         4.15
      0.7820         4.23
      0.7830         4.22
      0.7840         4.28
      0.7850         4.31
      0.7860         4.35
      0.7870         4.35
      0.7880         4.08
      0.7890         3.81
      0.7900         3.61
      0.7910         3.66
      0.7920         3.56
      0.7930         3.57
      0.7940         3.60
      0.7950         3.55
      0.7960         3.12
      0.7970         3.71
      0.7980         3.05
      0.7990         2.89
      0.8000         2.97
      0.8010         3.03
      0.8020         3.15
      0.8030         3.75
      0.8040         3.84
      0.8050         3.88
      0.8060         3.78
      0.8070         3.88
      0.8080         4.08
      0.8090         4.35
      0.8100         4.53
      0.8110         4.62
      0.8120         4.90
      0.8130         5.01
      0.8140         5.05
      0.8150         5.21
      0.8160         5.32
      0.8170         5.37
      0.8180         5.41
      0.8190         5.51
      0.8200         5.48
      0.8210         5.55
      0.8220         5.45
      0.8230         5.42
      0.8240         5.36
      0.8250         5.28
      0.8260         5.40
      0.8270         5.41
      0.8280         5.48
      0.8290         5.34
      0.8300         5.34
      0.8310         5.25
      0.8320         5.02
      0.8330         4.96
      0.8340         4.86
      0.8350         4.70
      0.8360         4.71
      0.8370         4.75
      0.8380         4.87
      0.8390         4.98
      0.8400         5.03
      0.8410         5.04
      0.8420         4.94
      0.8430         4.96
      0.8440         5.08
      0.8450         5.15
      0.8460         5.07
      0.8470         5.19
      0.8480         5.27
      0.8490         5.49
      0.8500         5.43
      0.8510         5.55
      0.8520         5.88
      0.8530         5.94
      0.8540         6.06
      0.8550         6.27
      0.8560         6.28
      0.8570         6.22
      0.8580         6.17
      0.8590         6.28
      0.8600         6.29
      0.8610         6.21
      0.8620         6.49
      0.8630         6.52
      0.8640         6.43
      0.8650         6.59
      0.8660         6.57
      0.8670         6.47
      0.8680         6.53
      0.8690         6.55
      0.8700         6.75
      0.8710         6.62
      0.8720         6.50
      0.8730         6.50
      0.8740         6.53
      0.8750         6.60
      0.8760         6.52
      0.8770         6.60
      0.8780         6.68
      0.8790         6.59
      0.8800         6.63
      0.8810         6.69
      0.8820         6.61
      0.8830         6.71
      0.8840         6.73
      0.8850         6.77
      0.8860         7.01
      0.8870         7.03
      0.8880         6.99
      0.8890         7.07
      0.8900         6.94
      0.8910         7.23
      0.8920         7.23
      0.8930         7.30
      0.8940         7.50
      0.8950         7.46
      0.8960         7.65
      0.8970         7.77
      0.8980         7.89
      0.8990         8.02
      0.9000         8.13
      0.9010         8.23
      0.9020         8.31
      0.9030         8.23
      0.9040         8.45
      0.9050         8.49
      0.9060         8.56
      0.9070         8.69
      0.9080         8.68
      0.9090         8.68
      0.9100         8.81
      0.9110         8.84
      0.9120         9.01
      0.9130         9.08
      0.9140         8.95
      0.9150         9.03
      0.9160         9.00
      0.9170         9.01
      0.9180         9.06
      0.9190         9.02
      0.9200         9.14
      0.9210         9.30
      0.9220         9.45
      0.9230         9.55
      0.9240         9.53
      0.9250         9.45
      0.9260         9.34
      0.9270         9.51
      0.9280         9.63
      0.9290         9.59
      0.9300         9.61
      0.9310         9.65
      0.9320         9.62
      0.9330         9.71
      0.9340         9.97
      0.9350        10.01
      0.9360        10.13
      0.9370        10.25
      0.9380        10.28
      0.9390        10.42
      0.9400        10.39
      0.9410        10.27
      0.9420        10.27
      0.9430        10.30
      0.9440        10.33
      0.9450        10.44
      0.9460        10.60
      0.9470        10.47
      0.9480        10.55
      0.9490        10.72
      0.9500        10.76
      0.9510        10.75
      0.9520        10.87
      0.9530        10.88
      0.9540        10.78
      0.9550        10.80
      0.9560        10.77
      0.9570        10.75
      0.9580        10.77
      0.9590        10.77
      0.9600        10.94
      0.9610        10.93
      0.9620        10.93
      0.9630        11.08
      0.9640        11.12
      0.9650        11.25
      0.9660        11.26
      0.9670        11.45
      0.9680        11.43
      0.9690        11.43
      0.9700        11.62
      0.9710        11.64
      0.9720        11.78
      0.9730        11.84
      0.9740        12.17
      0.9750        12.34
      0.9760        12.66
      0.9770        12.73
      0.9780        12.77
      0.9790        12.90
      0.9800        12.94
      0.9810        13.04
      0.9820        13.29
      0.9830        13.33
      0.9840        13.36
      0.9850        13.28
      0.9860        13.40
      0.9870        13.49
      0.9880        13.48
      0.9890        13.50
      0.9900        13.56
      0.9910        13.58
      0.9920        13.43
      0.9930        13.41
      0.9940        13.29
      0.9950        13.25
      0.9960        13.17
      0.9970        13.02
      0.9980        12.98
      0.9990        12.89
      1.0000        12.84
      1.0010        12.94
      1.0020        12.78
      1.0030        12.58
      1.0040        12.63
      1.0050        12.72
      1.0060        12.57
      1.0070        12.43
      1.0080        12.62
      1.0090        12.64
      1.0100        12.57
      1.0110        12.65
      1.0120        12.83
      1.0130        12.97
      1.0140        13.00
      1.0150        12.90
      1.0160        13.01
      1.0170        13.31
      1.0180        13.57
      1.0190        13.56
      1.0200        13.58
      1.0210        13.72
      1.0220        13.75
      1.0230        13.98
      1.0240        14.10
      1.0250        14.19
      1.0260        14.42
      1.0270        14.55
      1.0280        14.55
      1.0290        14.71
      1.0300        14.70
      1.0310        14.74
      1.0320        14.60
      1.0330        14.60
      1.0340        14.56
      1.0350        14.51
      1.0360        14.42
      1.0370        14.35
      1.0380        14.20
      1.0390        14.31
      1.0400        14.31
      1.0410        14.26
      1.0420        14.30
      1.0430        14.41
      1.0440        14.50
      1.0450        14.50
      1.0460        14.52
      1.0470        14.52
      1.0480        14.57
      1.0490        14.55
      1.0500        14.69
      1.0510        14.71
      1.0520        14.91
      1.0530        14.95
      1.0540        15.16
      1.0550        15.41
      1.0560        15.52
      1.0570        15.69
      1.0580        15.77
      1.0590        15.85
      1.0600        16.04
      1.0610        16.15
      1.0620        16.23
      1.0630        16.20
      1.0640        16.11
      1.0650        16.23
      1.0660        16.16
      1.0670        16.23
      1.0680        16.25
      1.0690        16.36
      1.0700        16.40
      1.0710        16.62
      1.0720        16.60
      1.0730        16.67
      1.0740        16.67
      1.0750        16.67
      1.0760        16.60
      1.0770        16.51
      1.0780        16.48
      1.0790        16.55
      1.0800        16.43
      1.0810        16.43
      1.0820        16.42
      1.0830        16.57
      1.0840        16.53
      1.0850        16.48
      1.0860        16.58
      1.0870        16.62
      1.0880        16.53
      1.0890        16.50
      1.0900        16.45
      1.0910        16.34
      1.0920        16.42
      1.0930        16.46
      1.0940        16.44
      1.0950        16.67
      1.0960        16.75
      1.0970        16.77
      1.0980        16.98
      1.0990        17.02
      1.1000        17.11
      1.1010        17.10
      1.1020        17.24
      1.1030        17.23
      1.1040        17.23
      1.1050        17.32
      1.1060        17.39
      1.1070        17.45
      1.1080        17.62
      1.1090        17.66
      1.1100        17.88
      1.1110        17.97
      1.1120        18.05
      1.1130        18.20
      1.1140        18.33
      1.1150        18.24
      1.1160        18.19
      1.1170        18.16
      1.1180        18.17
      1.1190        18.14
      1.1200        18.18
      1.1210        18.14
      1.1220        18.12
      1.1230        18.10
      1.1240        18.20
      1.1250        18.27
      1.1260        18.18
      1.1270        18.20
      1.1280        18.31
      1.1290        18.39
      1.1300        18.40
      1.1310        18.47
      1.1320        18.43
      1.1330        18.26
      1.1340        18.31
      1.1350        18.34
      1.1360        18.47
      1.1370        18.56
      1.1380        18.66
      1.1390        18.82
      1.1400        18.97
      1.1410        19.09
      1.1420        19.09
      1.1430        19.23
      1.1440        19.48
      1.1450        19.64
      1.1460        19.74
      1.1470        19.78
      1.1480        19.87
      1.1490        19.88
      1.1500        19.92
      1.1510        19.85
      1.1520        20.05
      1.1530        20.20
      1.1540        20.12
      1.1550        20.12
      1.1560        20.21
      1.1570        20.22
      1.1580        20.18
      1.1590        20.15
      1.1600        20.06
      1.1610        20.15
      1.1620        20.25
      1.1630        20.23
      1.1640        20.12
      1.1650        19.98
      1.1660        19.96
      1.1670        19.94
      1.1680        19.81
      1.1690        19.87
      1.1700        19.68
      1.1710        19.90
      1.1720        19.76
      1.1730        19.68
      1.1740        19.72
      1.1750        19.72
      1.1760        19.83
      1.1770        19.87
      1.1780        20.01
      1.1790        20.13
      1.1800        20.13
      1.1810        20.33
      1.1820        20.33
      1.1830        20.36
      1.1840        20.45
      1.1850        20.49
      1.1860        20.68
      1.1870        20.85
      1.1880        20.85
      1.1890        20.91
      1.1900        21.02
      1.1910        20.91
      1.1920        20.88
      1.1930        21.04
      1.1940        21.08
      1.1950        21.05
      1.1960        20.93
      1.1970        21.05
      1.1980        20.92
      1.1990        20.87
      1.2000        21.00
      1.2010        20.87
      1.2020        20.87
      1.2030        20.98
      1.2040        20.80
      1.2050        20.87
      1.2060        20.79
      1.2070        20.83
      1.2080        20.92
      1.2090        20.90
      1.2100        21.02
      1.2110        20.98
      1.2120        21.03
      1.2130        20.98
      1.2140        20.99
      1.2150        21.17
      1.2160        21.25
      1.2170        21.21
      1.2180        21.29
      1.2190        21.36
      1.2200        21.36
      1.2210        21.37
      1.2220        21.48
      1.2230        21.36
      1.2240        21.61
      1.2250        21.75
      1.2260        21.87
      1.2270        21.71
      1.2280        21.77
      1.2290        21.86
      1.2300        22.05
      1.2310        22.23
      1.2320        22.39
      1.2330        22.48
      1.2340        22.78
      1.2350        22.83
      1.2360        22.77
      1.2370        22.94
      1.2380        22.90
      1.2390        22.93
      1.2400        23.06
      1.2410        23.10
      1.2420        23.07
      1.2430        23.16
      1.2440        23.06
      1.2450        22.99
      1.2460        22.87
      1.2470        22.94
      1.2480        22.91
      1.2490        22.86
      1.2500        22.68
      1.2510        22.71
      1.2520        22.63
      1.2530        22.59
      1.2540        22.48
      1.2550        22.57
      1.2560        22.58
      1.2570        22.53
      1.2580        22.55
      1.2590        22.55
      1.2600        22.50
      1.2610        22.50
      1.2620        22.56
      1.2630        22.67
      1.2640        22.71
      1.2650        22.85
      1.2660        22.97
      1.2670        23.14
      1.2680        23.29
      1.2690        23.36
      1.2700        23.40
      1.2710        23.42
      1.2720        23.63
      1.2730        23.82
      1.2740        23.87
      1.2750        23.88
      1.2760        24.04
      1.2770        24.15
      1.2780        24.24
      1.2790        24.43
      1.2800        24.31
      1.2810        24.35
      1.2820        24.47
      1.2830        24.41
      1.2840        24.55
      1.2850        24.33
      1.2860        24.18
      1.2870        24.21
      1.2880        24.12
      1.2890        24.07
      1.2900        24.17
      1.2910        24.16
      1.2920        24.01
      1.2930        23.93
      1.2940        23.84
      1.2950        23.75
      1.2960        23.71
      1.2970        23.53
      1.2980        23.65
      1.2990        23.55
      1.3000        23.74
      1.3010        23.83
      1.3020        23.85
      1.3030        24.05
      1.3040        24.21
      1.3050        24.42
      1.3060        24.73
      1.3070        24.78
      1.3080        25.00
      1.3090        25.31
      1.3100        25.28
      1.3110        25.36
      1.3120        25.47
      1.3130        25.41
      1.3140        25.40
      1.3150        25.55
      1.3160        25.70
      1.3170        25.87
      1.3180        25.84
      1.3190        25.80
      1.3200        25.95
      1.3210        25.99
      1.3220        25.93
      1.3230        25.88
      1.3240        25.88
      1.3250        25.95
      1.3260        25.77
      1.3270        25.72
      1.3280        25.56
      1.3290        25.37
      1.3300        25.32
      1.3310        25.13
      1.3320        25.22
      1.3330        25.28
      1.3340        25.25
      1.3350        25.22
      1.3360        25.06
      1.3370        25.03
      1.3380        25.01
      1.3390        24.89
      1.3400        24.83
      1.3410        24.74
      1.3420        24.78
      1.3430        24.69
      1.3440        24.51
      1.3450        24.50
      1.3460        24.81
      1.3470        24.82
      1.3480        24.86
      1.3490        24.88
      1.3500        24.90
      1.3510        25.14
      1.3520        25.06
      1.3530        25.23
      1.3540        25.36
      1.3550        25.39
      1.3560        25.44
      1.3570        25.38
      1.3580        25.39
      1.3590        25.69
      1.3600        25.69
      1.3610        25.85
      1.3620        25.83
      1.3630        25.90
      1.3640        25.96
      1.3650        25.97
      1.3660        25.81
      1.3670        25.72
      1.3680        25.77
      1.3690        25.78
      1.3700        25.78
      1.3710        25.70
      1.3720        25.52
      1.3730        25.57
      1.3740        25.54
      1.3750        25.45
      1.3760        25.46
      1.3770        25.66
      1.3780        25.77
      1.3790        25.78
      1.3800        25.80
      1.3810        25.79
      1.3820        25.71
      1.3830        25.75
      1.3840        25.81
      1.3850        25.85
      1.3860        25.91
      1.3870        26.01
      1.3880        26.08
      1.3890        26.10
      1.3900        26.19
      1.3910        26.30
      1.3920        26.55
      1.3930        26.43
      1.3940        26.59
      1.3950        26.71
      1.3960        26.76
      1.3970        26.71
      1.3980        26.59
      1.3990        26.48
      1.4000        26.42
      1.4010        26.29
      1.4020        26.32
      1.4030        26.33
      1.4040        26.32
      1.4050        26.32
      1.4060        26.32
      1.4070        26.34
      1.4080        26.33
      1.4090        26.40
      1.4100        26.45
      1.4110        26.39
      1.4120        26.41
      1.4130        26.41
      1.4140        26.25
      1.4150        26.31
      1.4160        26.35
      1.4170        26.36
      1.4180        26.40
      1.4190        26.35
      1.4200        26.35
      1.4210        26.36
      1.4220        26.62
      1.4230        26.51
      1.4240        26.50
      1.4250        26.42
      1.4260        26.54
      1.4270        26.59
      1.4280        26.68
      1.4290        26.83
      1.4300        26.76
      1.4310        26.83
      1.4320        26.80
      1.4330        26.80
      1.4340        27.03
      1.4350        26.91
      1.4360        26.83
      1.4370        26.91
      1.4380        27.09
      1.4390        27.26
      1.4400        27.32
      1.4410        27.49
      1.4420        27.22
      1.4430        27.34
      1.4440        27.41
      1.4450        27.57
      1.4460        27.46
      1.4470        27.57
      1.4480        27.42
      1.4490        27.28
      1.4500        27.42
      1.4510        27.50
      1.4520        27.57
      1.4530        27.78
      1.4540        27.57
      1.4550        27.74
      1.4560        27.75
      1.4570        27.62
      1.4580        27.62
      1.4590        27.57
      1.4600        27.62
      1.4610        27.75
      1.4620        27.84
      1.4630        27.85
      1.4640        27.97
      1.4650        27.87
      1.4660        28.08
      1.4670        28.04
      1.4680        28.18
      1.4690        28.34
      1.4700        28.40
      1.4710        28.44
      1.4720        28.51
      1.4730        28.38
      1.4740        28.49
      1.4750        28.61
      1.4760        28.79
      1.4770        28.86
      1.4780        28.90
      1.4790        28.95
      1.4800        28.99
      1.4810        28.82
      1.4820        28.99
      1.4830        29.06
      1.4840        29.10
      1.4850        29.06
      1.4860        28.90
      1.4870        28.95
      1.4880        28.92
      1.4890        28.86
      1.4900        28.86
      1.4910        28.82
      1.4920        28.68
      1.4930        28.78
      1.4940        28.79
      1.4950        28.62
      1.4960        28.54
      1.4970        28.59
      1.4980        28.50
      1.4990        28.40
      1.5000        28.36
      1.5010        28.37
      1.5020        28.32
      1.5030        28.36
      1.5040        28.30
      1.5050        28.39
      1.5060        28.42
      1.5070        28.44
      1.5080        28.58
      1.5090        28.56
      1.5100        28.57
      1.5110        28.64
      1.5120        28.68
      1.5130        28.76
      1.5140        28.77
      1.5150        28.95
      1.5160        28.92
      1.5170        28.96
      1.5180        29.04
      1.5190        29.20
      1.5200        29.16
      1.5210        29.30
      1.5220        29.35
      1.5230        29.31
      1.5240        29.36
      1.5250        29.47
      1.5260        29.51
      1.5270        29.33
      1.5280        29.21
      1.5290        29.36
      1.5300        29.23
      1.5310        29.18
      1.5320        29.09
      1.5330        29.07
      1.5340        29.05
      1.5350        29.01
      1.5360        29.11
      1.5370        29.05
      1.5380        29.05
      1.5390        29.13
      1.5400        29.27
      1.5410        29.24
      1.5420        29.18
      1.5430        29.27
      1.5440        29.25
      1.5450        29.25
      1.5460        29.21
      1.5470        29.39
      1.5480        29.50
      1.5490        29.58
      1.5500        29.65
      1.5510        29.62
      1.5520        29.88
      1.5530        29.88
      1.5540        30.04
      1.5550        30.09
      1.5560        30.16
      1.5570        30.42
      1.5580        30.43
      1.5590        30.39
      1.5600        30.41
      1.5610        30.36
      1.5620        30.41
      1.5630        30.38
      1.5640        30.41
      1.5650        30.36
      1.5660        30.33
      1.5670        30.16
      1.5680        30.09
      1.5690        29.89
      1.5700        29.93
      1.5710        29.96
      1.5720        29.92
      1.5730        29.90
      1.5740        29.87
      1.5750        29.77
      1.5760        29.69
      1.5770        29.49
      1.5780        29.41
      1.5790        29.37
      1.5800        29.35
      1.5810        29.35
      1.5820        29.24
      1.5830        29.27
      1.5840        29.26
      1.5850        29.22
      1.5860        29.28
      1.5870        29.47
      1.5880        29.51
      1.5890        29.70
      1.5900        29.71
      1.5910        29.83
      1.5920        29.85
      1.5930        29.76
      1.5940        29.94
      1.5950        30.02
      1.5960        30.05
      1.5970        30.25
      1.5980        30.48
      1.5990        30.58
      1.6000        30.63
      1.6010        30.75
      1.6020        31.00
      1.6030        30.97
      1.6040        31.02
      1.6050        31.13
      1.6060        31.21
      1.6070        31.25
      1.6080        31.37
      1.6090        31.24
      1.6100        31.23
      1.6110        31.29
      1.6120        31.33
      1.6130        31.38
      1.6140        31.24
      1.6150        31.18
      1.6160        31.24
      1.6170        31.04
      1.6180        30.89
      1.6190        30.84
      1.6200        30.73
      1.6210        30.73
      1.6220        30.62
      1.6230        30.63
      1.6240        30.40
      1.6250        30.36
      1.6260        30.32
      1.6270        30.37
      1.6280        30.37
      1.6290        30.51
      1.6300        30.53
      1.6310        30.31
      1.6320        30.27
      1.6330        30.31
      1.6340        30.41
      1.6350        30.52
      1.6360        30.41
      1.6370        30.57
      1.6380        30.52
      1.6390        30.60
      1.6400        30.77
      1.6410        30.76
      1.6420        30.89
      1.6430        30.86
      1.6440        31.09
      1.6450        31.08
      1.6460        31.13
      1.6470        30.99
      1.6480        30.93
      1.6490        30.90
      1.6500        30.93
      1.6510        31.04
      1.6520        31.08
      1.6530        30.97
      1.6540        30.91
      1.6550        30.76
      1.6560        30.95
      1.6570        30.84
      1.6580        30.91
      1.6590        30.72
      1.6600        30.56
      1.6610        30.66
      1.6620        30.41
      1.6630        30.45
      1.6640        30.40
      1.6650        30.39
      1.6660        30.38
      1.6670        30.28
      1.6680        30.22
      1.6690        30.14
      1.6700        30.03
      1.6710        30.08
      1.6720        30.08
      1.6730        30.21
      1.6740        30.17
      1.6750        30.25
      1.6760        30.25
      1.6770        30.34
      1.6780        30.57
      1.6790        30.73
      1.6800        30.66
      1.6810        30.64
      1.6820        30.88
      1.6830        30.80
      1.6840        30.96
      1.6850        31.02
      1.6860        30.96
      1.6870        31.16
      1.6880        31.25
      1.6890        31.32
      1.6900        31.47
      1.6910        31.55
      1.6920        31.56
      1.6930        31.68
      1.6940        31.72
      1.6950        31.80
      1.6960        31.83
      1.6970        31.74
      1.6980        31.39
      1.6990        31.35
      1.7000        31.51
      1.7010        31.27
      1.7020        31.12
      1.7030        31.23
      1.7040        31.16
      1.7050        31.18
      1.7060        31.19
      1.7070        31.17
      1.7080        31.14
      1.7090        31.07
      1.7100        31.14
      1.7110        31.14
      1.7120        31.14
      1.7130        31.02
      1.7140        30.90
      1.7150        30.90
      1.7160        30.91
      1.7170        31.10
      1.7180        31.25
      1.7190        31.21
      1.7200        31.29
      1.7210        31.51
      1.7220        31.57
      1.7230        31.77
      1.7240        31.77
      1.7250        31.77
      1.7260        31.89
      1.7270        31.91
      1.7280        31.89
      1.7290        31.98
      1.7300        31.86
      1.7310        31.86
      1.7320        31.86
      1.7330        31.82
      1.7340        31.92
      1.7350        31.72
      1.7360        31.49
      1.7370        31.37
      1.7380        31.19
      1.7390        31.23
      1.7400        31.15
      1.7410        31.11
      1.7420        31.15
      1.7430        30.94
      1.7440        30.86
      1.7450        30.77
      1.7460        30.68
      1.7470        30.63
      1.7480        30.56
      1.7490        30.44
      1.7500        30.44
      1.7510        30.25
      1.7520        30.25
      1.7530        30.33
      1.7540        30.22
      1.7550        30.38
      1.7560        30.55
      1.7570        30.55
      1.7580        30.84
      1.7590        30.86
      1.7600        30.88
      1.7610        30.99
      1.7620        30.97
      1.7630        31.08
      1.7640        31.18
      1.7650        31.29
      1.7660        31.37
      1.7670        31.34
      1.7680        31.47
      1.7690        31.56
      1.7700        31.64
      1.7710        31.84
      1.7720        31.85
      1.7730        31.82
      1.7740        31.98
      1.7750        31.94
      1.7760        31.87
      1.7770        31.86
      1.7780        31.83
      1.7790        31.72
      1.7800        31.62
      1.7810        31.45
      1.7820        31.37
      1.7830        31.25
      1.7840        31.12
      1.7850        31.12
      1.7860        31.01
      1.7870        31.02
      1.7880        30.91
      1.7890        30.86
      1.7900        30.77
      1.7910        30.69
      1.7920        30.49
      1.7930        30.34
      1.7940        30.37
      1.7950        30.27
      1.7960        30.26
      1.7970        30.22
      1.7980        30.16
      1.7990        30.25
      1.8000        30.33
      1.8010        30.35
      1.8020        30.31
      1.8030        30.39
      1.8040        30.41
      1.8050        30.28
      1.8060        30.25
      1.8070        30.22
      1.8080        30.12
      1.8090        30.22
      1.8100        30.20
      1.8110        30.08
      1.8120        30.14
      1.8130        30.22
      1.8140        30.15
      1.8150        30.13
      1.8160        30.04
      1.8170        30.01
      1.8180        29.88
      1.8190        29.77
      1.8200        29.65
      1.8210        29.62
      1.8220        29.49
      1.8230        29.27
      1.8240        29.13
      1.8250        29.17
      1.8260        29.11
      1.8270        29.14
      1.8280        29.18
      1.8290        28.92
      1.8300        28.68
      1.8310        28.70
      1.8320        28.72
      1.8330        28.72
      1.8340        28.60
      1.8350        28.64
      1.8360        28.63
      1.8370        28.64
      1.8380        28.56
      1.8390        28.52
      1.8400        28.53
      1.8410        28.33
      1.8420        28.49
      1.8430        28.31
      1.8440        28.30
      1.8450        28.16
      1.8460        28.13
      1.8470        28.17
      1.8480        28.26
      1.8490        28.29
      1.8500        28.52
      1.8510        28.45
      1.8520        28.37
      1.8530        28.40
      1.8540        28.35
      1.8550        28.28
      1.8560        28.25
      1.8570        28.13
      1.8580        28.29
      1.8590        28.20
      1.8600        28.21
      1.8610        28.25
      1.8620        28.23
      1.8630        28.39
      1.8640        28.34
      1.8650        28.30
      1.8660        28.28
      1.8670        28.16
      1.8680        27.95
      1.8690        28.16
      1.8700        27.85
      1.8710        27.74
      1.8720        27.73
      1.8730        27.64
      1.8740        27.54
      1.8750        27.37
      1.8760        27.41
      1.8770        27.43
      1.8780        27.14
      1.8790        27.18
      1.8800        27.01
      1.8810        26.95
      1.8820        26.82
      1.8830        26.86
      1.8840        26.94
      1.8850        27.00
      1.8860        26.98
      1.8870        27.05
      1.8880        27.09
      1.8890        26.86
      1.8900        27.06
      1.8910        27.05
      1.8920        27.11
      1.8930        27.13
      1.8940        27.29
      1.8950        27.49
      1.8960        27.49
      1.8970        27.39
      1.8980        27.57
      1.8990        27.58
      1.9000        27.60
      1.9010        27.54
      1.9020        27.69
      1.9030        27.60
      1.9040        27.55
      1.9050        27.51
      1.9060        27.59
      1.9070        27.34
      1.9080        27.35
      1.9090        27.24
      1.9100        27.10
      1.9110        27.18
      1.9120        27.15
      1.9130        26.92
      1.9140        26.80
      1.9150        26.68
      1.9160        26.50
      1.9170        26.51
      1.9180        26.44
      1.9190        26.40
      1.9200        26.35
      1.9210        26.27
      1.9220        26.08
      1.9230        25.92
      1.9240        25.82
      1.9250        25.77
      1.9260        25.66
      1.9270        25.88
      1.9280        25.78
      1.9290        25.88
      1.9300        25.94
      1.9310        25.82
      1.9320        25.69
      1.9330        25.88
      1.9340        25.85
      1.9350        25.75
      1.9360        25.77
      1.9370        25.71
      1.9380        25.79
      1.9390        25.63
      1.9400        25.51
      1.9410        25.57
      1.9420        25.50
      1.9430        25.52
      1.9440        25.49
      1.9450        25.47
      1.9460        25.33
      1.9470        25.03
      1.9480        24.83
      1.9490        24.64
      1.9500        24.47
      1.9510        24.35
      1.9520        24.21
      1.9530        23.98
      1.9540        23.76
      1.9550        23.93
      1.9560        23.96
      1.9570        23.92
      1.9580        23.69
      1.9590        23.73
      1.9600        23.70
      1.9610        23.69
      1.9620        23.54
      1.9630        23.71
      1.9640        23.56
      1.9650        23.37
      1.9660        23.38
      1.9670        23.34
      1.9680        23.57
      1.9690        23.58
      1.9700        23.74
      1.9710        23.85
      1.9720        23.91
      1.9730        23.99
      1.9740        24.24
      1.9750        24.03
      1.9760        23.91
      1.9770        23.82
      1.9780        23.88
      1.9790        23.88
      1.9800        23.88
      1.9810        23.83
      1.9820        23.98
      1.9830        23.79
      1.9840        23.79
      1.9850        23.78
      1.9860        23.69
      1.9870        23.69
      1.9880        23.61
      1.9890        23.60
      1.9900        23.36
      1.9910        23.28
      1.9920        23.19
      1.9930        23.09
      1.9940        22.91
      1.9950        22.64
      1.9960        22.50
      1.9970        22.38
      1.9980        22.27
      1.9990        22.22
      2.0000        22.30
      2.0010        22.24
      2.0020        22.06
      2.0030        21.98
      2.0040        22.02
      2.0050        22.04
      2.0060        21.85
      2.0070        21.79
      2.0080        21.65
      2.0090        21.52
      2.0100        21.54
      2.0110        21.44
      2.0120        21.43
      2.0130        21.29
      2.0140        21.28
      2.0150        21.47
      2.0160        21.52
      2.0170        21.50
      2.0180        21.31
      2.0190        21.20
      2.0200        21.09
      2.0210        21.06
      2.0220        21.18
      2.0230        21.09
      2.0240        20.94
      2.0250        20.91
      2.0260        20.97
      2.0270        20.82
      2.0280        20.85
      2.0290        20.72
      2.0300        20.62
      2.0310        20.42
      2.0320        20.16
      2.0330        20.17
      2.0340        20.09
      2.0350        19.98
      2.0360        19.75
      2.0370        19.69
      2.0380        19.58
      2.0390        19.57
      2.0400        19.49
      2.0410        19.31
      2.0420        19.12
      2.0430        18.91
      2.0440        18.80
      2.0450        18.53
      2.0460        18.36
      2.0470        18.42
      2.0480        18.26
      2.0490        18.11
      2.0500        18.14
      2.0510        18.26
      2.0520        18.27
      2.0530        18.15
      2.0540        17.92
      2.0550        17.85
      2.0560        17.68
      2.0570        17.68
      2.0580        17.64
      2.0590        17.46
      2.0600        17.30
      2.0610        17.19
      2.0620        17.11
      2.0630        17.16
      2.0640        17.07
      2.0650        16.99
      2.0660        16.99
      2.0670        16.78
      2.0680        16.57
      2.0690        16.65
      2.0700        16.49
      2.0710        16.21
      2.0720        16.20
      2.0730        16.00
      2.0740        16.04
      2.0750        15.94
      2.0760        16.00
      2.0770        15.70
      2.0780        15.58
      2.0790        15.34
      2.0800        15.15
      2.0810        14.93
      2.0820        14.74
      2.0830        14.75
      2.0840        14.62
      2.0850        14.60
      2.0860        14.40
      2.0870        14.40
      2.0880        14.47
      2.0890        14.40
      2.0900        14.31
      2.0910        14.24
      2.0920        14.04
      2.0930        13.97
      2.0940        13.74
      2.0950        13.67
      2.0960        13.73
      2.0970        13.67
      2.0980        13.56
      2.0990        13.66
      2.1000        13.74
      2.1010        13.83
      2.1020        13.82
      2.1030        13.73
      2.1040        13.70
      2.1050        13.66
      2.1060        13.72
      2.1070        13.52
      2.1080        13.30
      2.1090        13.01
      2.1100        12.83
      2.1110        12.60
      2.1120        12.55
      2.1130        12.36
      2.1140        12.22
      2.1150        12.05
      2.1160        11.74
      2.1170        11.58
      2.1180        11.53
      2.1190        11.16
      2.1200        11.04
      2.1210        10.91
      2.1220        10.79
      2.1230        10.49
      2.1240        10.43
      2.1250        10.20
      2.1260         9.93
      2.1270         9.86
      2.1280         9.77
      2.1290         9.69
      2.1300         9.53
      2.1310         9.66
      2.1320         9.58
      2.1330         9.57
      2.1340         9.63
      2.1350         9.64
      2.1360         9.71
      2.1370         9.76
      2.1380         9.72
      2.1390         9.86
      2.1400         9.65
      2.1410         9.66
      2.1420         9.53
      2.1430         9.46
      2.1440         9.35
      2.1450         9.30
      2.1460         9.28
      2.1470         9.26
      2.1480         9.12
      2.1490         9.11
      2.1500         9.18
      2.1510         9.07
      2.1520         8.92
      2.1530         8.84
      2.1540         8.56
      2.1550         8.29
      2.1560         8.07
      2.1570         7.99
      2.1580         7.75
      2.1590         7.56
      2.1600         7.45
      2.1610         7.16
      2.1620         7.10
      2.1630         7.08
      2.1640         7.04
      2.1650         6.96
      2.1660         6.78
      2.1670         6.70
      2.1680         6.51
      2.1690         6.37
      2.1700         6.15
      2.1710         5.99
      2.1720         5.95
      2.1730         6.03
      2.1740         6.15
      2.1750         6.20
      2.1760         6.17
      2.1770         6.14
      2.1780         6.15
      2.1790         6.06
      2.1800         6.04
      2.1810         6.10
      2.1820         6.02
      2.1830         5.93
      2.1840         5.68
      2.1850         5.73
      2.1860         5.76
      2.1870         5.61
      2.1880         5.70
      2.1890         5.66
      2.1900         5.73
      2.1910         5.60
      2.1920         5.45
      2.1930         5.26
      2.1940         5.06
      2.1950         4.89
      2.1960         4.70
      2.1970         4.40
      2.1980         4.44
      2.1990         4.41
      2.2000         4.23
      2.2010         4.05
      2.2020         3.92
      2.2030         3.80
      2.2040         3.86
      2.2050         3.70
      2.2060         3.64
      2.2070         3.53
      2.2080         2.96
      2.2090         2.81
      2.2100         3.14
      2.2110         2.74
      2.2120         2.73
      2.2130         2.57
      2.2140         2.50
      2.2150         2.92
      2.2160         3.07
      2.2170         3.15
      2.2180         3.16
      2.2190         3.23
      2.2200         3.32
      2.2210         3.44
      2.2220         3.34
      2.2230         3.36
      2.2240         3.32
      2.2250         3.27
      2.2260         3.20
      2.2270         3.21
      2.2280         3.08
      2.2290         3.20
      2.2300         3.11
      2.2310         2.94
      2.2320         2.77
      2.2330         2.89
      2.2340         2.85
      2.2350         2.80
      2.2360         2.68
      2.2370         2.54
      2.2380         1.80
      2.2390         1.23
      2.2400         1.12
      2.2410         1.00
      2.2420         1.00
      2.2430         1.00
      2.2440         1.00
      2.2450         1.00
      2.2460         1.00
      2.2470         1.00
      2.2480         1.00
      2.2490         1.00
      2.2500         1.00
      2.2510         1.00
      2.2520         1.00
      2.2530         1.00
      2.2540         1.00
      2.2550         1.00
      2.2560         1.00
      2.2570         1.00
      2.2580         1.00
      2.2590         1.00
      2.2600         1.00
      2.2610         1.00
      2.2620         1.00
      2.2630         1.00
      2.2640         1.00
      2.2650         1.00
      2.2660         1.00
      2.2670         1.00
      2.2680         1.00
      2.2690         1.00
      2.2700         1.00
      2.2710         1.00
      2.2720         1.00
      2.2730         1.00
      2.2740         1.00
      2.2750         1.00
      2.2760         1.00
      2.2770         1.00
      2.2780         1.00
      2.2790         1.00
      2.2800         1.00
      2.2810         1.00
      2.2820         1.00
      2.2830         1.00
      2.2840         1.00
      2.2850         1.00
      2.2860         1.00
      2.2870         1.00
      2.2880         1.00
      2.2890         1.00
      2.2900         1.00
      2.2910         1.00
      2.2920         1.00
      2.2930         1.00
      2.2940         1.00
      2.2950         1.00
      2.2960         1.00
      2.2970         1.00
      2.2980         1.00
      2.2990         1.00
      2.3000         1.00
      2.3010         1.00
      2.3020         1.00
      2.3030         1.00
      2.3040         1.00
      2.3050         1.00
      2.3060         1.00
      2.3070         1.00
      2.3080         1.00
      2.3090         1.00
      2.3100         1.00
      2.3110         1.00
      2.3120         1.00
      2.3130         1.00
      2.3140         1.00
      2.3150         1.00
      2.3160         1.00
      2.3170         1.00
      2.3180         1.00
      2.3190         1.00
      2.3200         1.00
      2.3210         1.00
      2.3220         1.00
      2.3230         1.00
      2.3240         1.00
      2.3250         1.00
      2.3260         1.00
      2.3270         1.00
      2.3280         1.00
      2.3290         1.00
      2.3300         1.00
      2.3310         1.00
      2.3320         1.00
      2.3330         1.00
      2.3340         1.00
      2.3350         1.00
      2.3360         1.00
      2.3370         1.00
      2.3380         1.00
      2.3390         1.00
      2.3400         1.00
      2.3410         1.00
      2.3420         1.00
      2.3430         1.00
      2.3440         1.00
      2.3450         1.00
      2.3460         1.00
      2.3470         1.00
      2.3480         1.00
      2.3490         1.00
      2.3500         1.00
      2.3510         1.00
      2.3520         1.00
      2.3530         1.00
      2.3540         1.00
      2.3550         1.00
      2.3560         1.00
      2.3570         1.00
      2.3580         1.00
      2.3590         1.00
      2.3600         1.00
      2.3610         1.00
      2.3620         1.00
      2.3630         1.00
      2.3640         1.00
      2.3650         1.00
      2.3660         1.00
      2.3670         1.00
      2.3680         1.00
      2.3690         1.00
      2.3700         1.00
      2.3710         1.00
      2.3720         1.00
      2.3730         1.00
      2.3740         1.00
      2.3750         1.00
      2.3760         1.00
      2.3770         1.00
      2.3780         1.00
      2.3790         1.00
      2.3800         1.00
      2.3810         1.00
      2.3820         1.00
      2.3830         1.00
      2.3840         1.00
      2.3850         1.00
      2.3860         1.00
      2.3870         1.00
      2.3880         1.00
      2.3890         1.00
      2.3900         1.00
      2.3910         1.00
      2.3920         1.00
      2.3930         1.00
      2.3940         1.00
      2.3950         1.00
      2.3960         1.00
      2.3970         1.00
      2.3980         1.00
      2.3990         1.00
      2.4000         1.00
      2.4010         1.00
      2.4020         1.00
      2.4030         1.00
      2.4040         1.00
      2.4050         1.00
      2.4060         1.00
      2.4070         1.00
      2.4080         1.00
      2.4090         1.00
      2.4100         1.00
      2.4110         1.00
      2.4120         1.00
      2.4130         1.00
      2.4140         1.00
      2.4150         1.00
      2.4160         1.00
      2.4170         1.00
      2.4180         1.00
      2.4190         1.00
      2.4200         1.00
      2.4210         1.00
      2.4220         1.00
      2.4230         1.00
      2.4240         1.00
      2.4250         1.00
      2.4260         1.00
      2.4270         1.00
      2.4280         1.00
      2.4290         1.00
      2.4300         1.00
      2.4310         1.00
      2.4320         1.00
      2.4330         1.00
      2.4340         1.00
      2.4350         1.00
      2.4360         1.00
      2.4370         1.00
      2.4380         1.00
      2.4390         1.00
      2.4400         1.00
      2.4410         1.00
      2.4420         1.00
      2.4430         1.00
      2.4440         1.00
      2.4450         1.00
      2.4460         1.00
      2.4470         1.00
      2.4480         1.00
      2.4490         1.00
      2.4500         1.00
      2.4510         1.00
      2.4520         1.00
      2.4530         1.00
      2.4540         1.00
      2.4550         1.00
      2.4560         1.00
      2.4570         1.00
      2.4580         1.00
      2.4590         1.00
      2.4600         1.00
      2.4610         1.00
      2.4620         1.00
      2.4630         1.00
      2.4640         1.00
      2.4650         1.00
      2.4660         1.00
      2.4670         1.00
      2.4680         1.00
      2.4690         1.00
      2.4700         1.00
      2.4710         1.00
      2.4720         1.00
      2.4730         1.00
      2.4740         1.00
      2.4750         1.00
      2.4760         1.00
      2.4770         1.00
      2.4780         1.00
      2.4790         1.00
      2.4800         1.00
      2.4810         1.00
      2.4820         1.00
      2.4830         1.00
      2.4840         1.00
      2.4850         1.00
      2.4860         1.00
      2.4870         1.00
      2.4880         1.00
      2.4890         1.00
      2.4900         1.00
      2.4910         1.00
      2.4920         1.00
      2.4930         1.00
      2.4940         1.00
      2.4950         1.00
      2.4960         1.00
      2.4970         1.00
      2.4980         1.00
      2.4990         1.00
      2.5000         1.00
      2.5010         1.00
      2.5020         1.00
      2.5030         1.00
      2.5040         1.00
      2.5050         1.00
      2.5060         1.00
      2.5070         1.00
      2.5080         1.00
      2.5090         1.00
      2.5100         1.00
      2.5110         1.00
      2.5120         1.00
      2.5130         1.00
      2.5140         1.00
      2.5150         1.00
      2.5160         1.00
      2.5170         1.00
      2.5180         1.00
      2.5190         1.00
      2.5200         1.00
      2.5210         1.00
      2.5220         1.00
      2.5230         1.00
      2.5240         1.00
      2.5250         1.00
      2.5260         1.00
      2.5270         1.00
      2.5280         1.00
      2.5290         1.00
      2.5300         1.00
      2.5310         1.00
      2.5320         1.00
      2.5330         1.00
      2.5340         1.00
      2.5350         1.00
      2.5360         1.00
      2.5370         1.00
      2.5380         1.00
      2.5390         1.00
      2.5400         1.00
      2.5410         1.00
      2.5420         1.00
      2.5430         1.00
      2.5440         1.00
      2.5450         1.00
      2.5460         1.00
      2.5470         1.00
      2.5480         1.00
      2.5490         1.00
      2.5500         1.00
      2.5510         1.00
      2.5520         1.00
      2.5530         1.00
      2.5540         1.00
      2.5550         1.00
      2.5560         1.00
      2.5570         1.00
      2.5580         1.00
      2.5590         1.00
      2.5600         1.00
      2.5610         1.00
      2.5620         1.00
      2.5630         1.00
      2.5640         1.00
      2.5650         1.00
      2.5660         1.00
      2.5670         1.00
      2.5680         1.00
      2.5690         1.00
      2.5700         1.00
      2.5710         1.00
      2.5720         1.00
      2.5730         1.00
      2.5740         1.00
      2.5750         1.00
      2.5760         1.00
      2.5770         1.00
      2.5780         1.00
      2.5790         1.00
      2.5800         1.00
      2.5810         1.00
      2.5820         1.00
      2.5830         1.00
      2.5840         1.00
      2.5850         1.00
      2.5860         1.00
      2.5870         1.00
      2.5880         1.00
      2.5890         1.00
      2.5900         1.00
      2.5910         1.00
      2.5920         1.00
      2.5930         1.00
      2.5940         1.00
      2.5950         1.00
      2.5960         1.00
      2.5970         1.00
      2.5980         1.00
      2.5990         1.00
      2.6000         1.00
      2.6010         1.00
      2.6020         1.00
      2.6030         1.00
      2.6040         1.00
      2.6050         1.00
      2.6060         1.00
      2.6070         1.00
      2.6080         1.00
      2.6090         1.00
      2.6100         1.00
      2.6110         1.00
      2.6120         1.00
      2.6130         1.00
      2.6140         1.00
      2.6150         1.00
      2.6160         1.00
      2.6170         1.00
      2.6180         1.00
      2.6190         1.00
      2.6200         1.00
      2.6210         1.00
      2.6220         1.00
      2.6230         1.00
      2.6240         1.00
      2.6250         1.00
      2.6260         1.00
      2.6270         1.00
      2.6280         1.00
      2.6290         1.00
      2.6300         1.00
      2.6310         1.00
      2.6320         1.00
      2.6330         1.00
      2.6340         1.00
      2.6350         1.00
      2.6360         1.00
      2.6370         1.00
      2.6380         1.00
      2.6390         1.00
      2.6400         1.00
      2.6410         1.00
      2.6420         1.00
      2.6430         1.00
      2.6440         1.00
      2.6450         1.00
      2.6460         1.00
      2.6470         1.00
      2.6480         1.00
      2.6490         1.00
      2.6500         1.00
      2.6510         1.00
      2.6520         1.00
      2.6530         1.00
      2.6540         1.00
      2.6550         1.00
      2.6560         1.00
      2.6570         1.00
      2.6580         1.00
      2.6590         1.00
      2.6600         1.00
      2.6610         1.00
      2.6620         1.00
      2.6630         1.00
      2.6640         1.00
      2.6650         1.00
      2.6660         1.00
      2.6670         1.00
      2.6680         1.00
      2.6690         1.00
      2.6700         1.00
      2.6710         1.00
      2.6720         1.00
      2.6730         1.00
      2.6740         1.00
      2.6750         1.00
      2.6760         1.00
      2.6770         1.00
      2.6780         1.00
      2.6790         1.00
      2.6800         1.00
      2.6810         1.00
      2.6820         1.00
      2.6830         1.00
      2.6840         1.00
      2.6850         1.00
      2.6860         1.00
      2.6870         1.00
      2.6880         1.00
      2.6890         1.00
      2.6900         1.00
      2.6910         1.00
      2.6920         1.00
      2.6930         1.00
      2.6940         1.00
      2.6950         1.00
      2.6960         1.00
      2.6970         1.00
      2.6980         1.00
      2.6990         1.00
      2.7000         1.00
      2.7010         1.00
      2.7020         1.00
      2.7030         1.00
      2.7040         1.00
      2.7050         1.00
      2.7060         1.00
      2.7070         1.00
      2.7080         1.00
      2.7090         1.00
      2.7100         1.00
      2.7110         1.00
      2.7120         1.00
      2.7130         1.00
      2.7140         1.00
      2.7150         1.00
      2.7160         1.00
      2.7170         1.00
      2.7180         1.00
      2.7190         1.00
      2.7200         1.00
      2.7210         1.00
      2.7220         1.00
      2.7230         1.00
      2.7240         1.00
      2.7250         1.00
      2.7260         1.00
      2.7270         1.00
      2.7280         1.00
      2.7290         1.00
      2.7300         1.00
      2.7310         1.00
      2.7320         1.00
      2.7330         1.00
      2.7340         1.00
      2.7350         1.00
      2.7360         1.00
      2.7370         1.00
      2.7380         1.00
      2.7390         1.00
      2.7400         1.00
      2.7410         1.00
      2.7420         1.00
      2.7430         1.00
      2.7440         1.00
      2.7450         1.00
      2.7460         1.00
      2.7470         1.00
      2.7480         1.00
      2.7490         1.00
      2.7500         1.00
      2.7510         1.00
      2.7520         1.00
      2.7530         1.00
      2.7540         1.00
      2.7550         1.00
      2.7560         1.00
      2.7570         1.00
      2.7580         1.00
      2.7590         1.00
      2.7600         1.00
      2.7610         1.00
      2.7620         1.00
      2.7630         1.00
      2.7640         1.00
      2.7650         1.00
      2.7660         1.00
      2.7670         1.00
      2.7680         1.00
      2.7690         1.00
      2.7700         1.00
      2.7710         1.00
      2.7720         1.00
      2.7730         1.00
      2.7740         1.00
      2.7750         1.00
      2.7760         1.00
      2.7770         1.00
      2.7780         1.00
      2.7790         1.00
      2.7800         1.00
      2.7810         1.00
      2.7820         1.00
      2.7830         1.00
      2.7840         1.00
      2.7850         1.00
      2.7860         1.00
      2.7870         1.00
      2.7880         1.00
      2.7890         1.00
      2.7900         1.00
      2.7910         1.00
      2.7920         1.00
      2.7930         1.00
      2.7940         1.00
      2.7950         1.00
      2.7960         1.00
      2.7970         1.00
      2.7980         1.00
      2.7990         1.00
      2.8000         1.00
      2.8010         1.00
      2.8020         1.00
      2.8030         1.00
      2.8040         1.00
      2.8050         1.00
      2.8060         1.00
      2.8070         1.00
      2.8080         1.00
      2.8090         1.00
      2.8100         1.00
      2.8110         1.00
      2.8120         1.00
      2.8130         1.00
      2.8140         1.00
      2.8150         1.00
      2.8160         1.00
      2.8170         1.00
      2.8180         1.00
      2.8190         1.00
      2.8200         1.00
      2.8210         1.00
      2.8220         1.00
      2.8230         1.00
      2.8240         1.00
      2.8250         1.00
      2.8260         1.00
      2.8270         1.00
      2.8280         1.00
      2.8290         1.00
      2.8300         1.00
      2.8310         1.00
      2.8320         1.00
      2.8330         1.00
      2.8340         1.00
      2.8350         1.00
      2.8360         1.00
      2.8370         1.00
      2.8380         1.00
      2.8390         1.00
      2.8400         1.00
      2.8410         1.00
      2.8420         1.00
      2.8430         1.00
      2.8440         1.00
      2.8450         1.00
      2.8460         1.00
      2.8470         1.00
      2.8480         1.00
      2.8490         1.00
      2.8500         1.00
      2.8510         1.00
      2.8520         1.00
      2.8530         1.00
      2.8540         1.00
      2.8550         1.00
      2.8560         1.00
      2.8570         1.00
      2.8580         1.00
      2.8590         1.00
      2.8600         1.00
      2.8610         1.00
      2.8620         1.00
      2.8630         1.00
      2.8640         1.00
      2.8650         1.00
      2.8660         1.00
      2.8670         1.00
      2.8680         1.00
      2.8690         1.00
      2.8700         1.00
      2.8710         1.00
      2.8720         1.00
      2.8730         1.00
      2.8740         1.00
      2.8750         1.00
      2.8760         1.00
      2.8770         1.00
      2.8780         1.00
      2.8790         1.00
      2.8800         1.00
      2.8810         1.00
      2.8820         1.00
      2.8830         1.00
      2.8840         1.00
      2.8850         1.00
      2.8860         1.00
      2.8870         1.00
      2.8880         1.00
      2.8890         1.00
      2.8900         1.00
      2.8910         1.00
      2.8920         1.00
      2.8930         1.00
      2.8940         1.00
      2.8950         1.00
      2.8960         1.00
      2.8970         1.00
      2.8980         1.00
      2.8990         1.00
      2.9000         1.00
      2.9010         1.00
      2.9020         1.00
      2.9030         1.00
      2.9040         1.00
      2.9050         1.00
      2.9060         1.00
      2.9070         1.00
      2.9080         1.00
      2.9090         1.00
      2.9100         1.00
      2.9110         1.00
      2.9120         1.00
      2.9130         1.00
      2.9140         1.00
      2.9150         1.00
      2.9160         1.00
      2.9170         1.00
      2.9180         1.00
      2.9190         1.00
      2.9200         1.00
      2.9210         1.00
      2.9220         1.00
      2.9230         1.00
      2.9240         1.00
      2.9250         1.00
      2.9260         1.00
      2.9270         1.00
      2.9280         1.00
      2.9290         1.00
      2.9300         1.00
      2.9310         1.00
      2.9320         1.00
      2.9330         1.00
      2.9340         1.00
      2.9350         1.00
      2.9360         1.00
      2.9370         1.00
      2.9380         1.00
      2.9390         1.00
      2.9400         1.00
      2.9410         1.00
      2.9420         1.00
      2.9430         1.00
      2.9440         1.00
      2.9450         1.00
      2.9460         1.00
      2.9470         1.00
      2.9480         1.00
      2.9490         1.00
      2.9500         1.00
      2.9510         1.00
      2.9520         1.00
      2.9530         1.00
      2.9540         1.00
      2.9550         1.00
      2.9560         1.00
      2.9570         1.00
      2.9580         1.00
      2.9590         1.00
      2.9600         1.00
      2.9610         1.00
      2.9620         1.00
      2.9630         1.00
      2.9640         1.00
      2.9650         1.00
      2.9660         1.00
      2.9670         1.00
      2.9680         1.00
      2.9690         1.00
      2.9700         1.00
      2.9710         1.00
      2.9720         1.00
      2.9730         1.00
      2.9740         1.00
      2.9750         1.00
      2.9760         1.00
      2.9770         1.00
      2.9780         1.00
      2.9790         1.00
      2.9800         1.00
      2.9810         1.00
      2.9820         1.00
      2.9830         1.00
      2.9840         1.00
      2.9850         1.00
      2.9860         1.00
      2.9870         1.00
      2.9880         1.00
      2.9890         1.00
      2.9900         1.00
      2.9910         1.00
      2.9920         1.00
      2.9930         1.00
      2.9940         1.00
      2.9950         1.00
      2.9960         1.00
      2.9970         1.00
      2.9980         1.00
      2.9990         1.00
