        Time   Palpation Force
      0.0000         1.00
      0.0010         1.00
      0.0020         1.00
      0.0030         1.00
      0.0040         1.00
      0.0050         1.00
      0.0060         1.00
      0.0070         1.00
      0.0080         1.00
      0.0090         1.00
      0.0100         1.00
      0.0110         1.00
      0.0120         1.00
      0.0130         1.00
      0.0140         1.00
      0.0150         1.00
      0.0160         1.00
      0.0170         1.00
      0.0180         1.00
      0.0190         1.00
      0.0200         1.00
      0.0210         1.00
      0.0220         1.00
      0.0230         1.00
      0.0240         1.00
      0.0250         1.00
      0.0260         1.00
      0.0270         1.00
      0.0280         1.00
      0.0290         1.00
      0.0300         1.00
      0.0310         1.00
      0.0320         1.00
      0.0330         1.00
      0.0340         1.00
      0.0350         1.00
      0.0360         1.00
      0.0370         1.00
      0.0380         1.00
      0.0390         1.00
      0.0400         1.00
      0.0410         1.00
      0.0420         1.00
      0.0430         1.00
      0.0440         1.00
      0.0450         1.00
      0.0460         1.00
      0.0470         1.00
      0.0480         1.00
      0.0490         1.00
      0.0500         1.00
      0.0510         1.00
      0.0520         1.00
      0.0530         1.00
      0.0540         1.00
      0.0550         1.00
      0.0560         1.00
      0.0570         1.00
      0.0580         1.00
      0.0590         1.00
      0.0600         1.00
      0.0610         1.00
      0.0620         1.00
      0.0630         1.00
      0.0640         1.00
      0.0650         1.00
      0.0660         1.00
      0.0670         1.00
      0.0680         1.00
      0.0690         1.00
      0.0700         1.00
      0.0710         1.00
      0.0720         1.00
      0.0730         1.00
      0.0740         1.00
      0.0750         1.00
      0.0760         1.00
      0.0770         1.00
      0.0780         1.00
      0.0790         1.00
      0.0800         1.00
      0.0810         1.00
      0.0820         1.00
      0.0830         1.00
      0.0840         1.00
      0.0850         1.00
      0.0860         1.00
      0.0870         1.00
      0.0880         1.00
      0.0890         1.00
      0.0900         1.00
      0.0910         1.00
      0.0920         1.00
      0.0930         1.00
      0.0940         1.00
      0.0950         1.00
      0.0960         1.00
      0.0970         1.00
      0.0980         1.00
      0.0990         1.00
      0.1000         1.00
      0.1010         1.00
      0.1020         1.00
      0.1030         1.00
      0.1040         1.00
      0.1050         1.00
      0.1060         1.00
      0.1070         1.00
      0.1080         1.00
      0.1090         1.00
      0.1100         1.00
      0.1110         1.00
      0.1120         1.00
      0.1130         1.00
      0.1140         1.00
      0.1150         1.00
      0.1160         1.00
      0.1170         1.00
      0.1180         1.00
      0.1190         1.00
      0.1200         1.00
      0.1210         1.00
      0.1220         1.00
      0.1230         1.00
      0.1240         1.00
      0.1250         1.00
      0.1260         1.00
      0.1270         1.00
      0.1280         1.00
      0.1290         1.00
      0.1300         1.00
      0.1310         1.00
      0.1320         1.00
      0.1330         1.00
      0.1340         1.00
      0.1350         1.00
      0.1360         1.00
      0.1370         1.00
      0.1380         1.00
      0.1390         1.00
      0.1400         1.00
      0.1410         1.00
      0.1420         1.00
      0.1430         1.00
      0.1440         1.00
      0.1450         1.00
      0.1460         1.00
      0.1470         1.00
      0.1480         1.00
      0.1490         1.00
      0.1500         1.00
      0.1510         1.00
      0.1520         1.00
      0.1530         1.00
      0.1540         1.00
      0.1550         1.00
      0.1560         1.00
      0.1570         1.00
      0.1580         1.00
      0.1590         1.00
      0.1600         1.00
      0.1610         1.00
      0.1620         1.00
      0.1630         1.00
      0.1640         1.00
      0.1650         1.00
      0.1660         1.00
      0.1670         1.00
      0.1680         1.00
      0.1690         1.00
      0.1700         1.00
      0.1710         1.00
      0.1720         1.00
      0.1730         1.00
      0.1740         1.00
      0.1750         1.00
      0.1760         1.00
      0.1770         1.00
      0.1780         1.00
      0.1790         1.00
      0.1800         1.00
      0.1810         1.00
      0.1820         1.00
      0.1830         1.00
      0.1840         1.00
      0.1850         1.00
      0.1860         1.00
      0.1870         1.00
      0.1880         1.00
      0.1890         1.00
      0.1900         1.00
      0.1910         1.00
      0.1920         1.00
      0.1930         1.00
      0.1940         1.00
      0.1950         1.00
      0.1960         1.00
      0.1970         1.00
      0.1980         1.00
      0.1990         1.00
      0.2000         1.00
      0.2010         1.00
      0.2020         1.00
      0.2030         1.00
      0.2040         1.00
      0.2050         1.00
      0.2060         1.00
      0.2070         1.00
      0.2080         1.00
      0.2090         1.00
      0.2100         1.00
      0.2110         1.00
      0.2120         1.00
      0.2130         1.00
      0.2140         1.00
      0.2150         1.00
      0.2160         1.00
      0.2170         1.00
      0.2180         1.00
      0.2190         1.00
      0.2200         1.00
      0.2210         1.00
      0.2220         1.00
      0.2230         1.00
      0.2240         1.00
      0.2250         1.00
      0.2260         1.00
      0.2270         1.00
      0.2280         1.00
      0.2290         1.00
      0.2300         1.00
      0.2310         1.00
      0.2320         1.00
      0.2330         1.00
      0.2340         1.00
      0.2350         1.00
      0.2360         1.00
      0.2370         1.00
      0.2380         1.00
      0.2390         1.00
      0.2400         1.00
      0.2410         1.00
      0.2420         1.00
      0.2430         1.00
      0.2440         1.00
      0.2450         1.00
      0.2460         1.00
      0.2470         1.00
      0.2480         1.00
      0.2490         1.00
      0.2500         1.00
      0.2510         1.00
      0.2520         1.00
      0.2530         1.00
      0.2540         1.00
      0.2550         1.00
      0.2560         1.00
      0.2570         1.00
      0.2580         1.00
      0.2590         1.00
      0.2600         1.00
      0.2610         1.00
      0.2620         1.00
      0.2630         1.00
      0.2640         1.00
      0.2650         1.00
      0.2660         1.00
      0.2670         1.00
      0.2680         1.00
      0.2690         1.00
      0.2700         1.00
      0.2710         1.00
      0.2720         1.00
      0.2730         1.00
      0.2740         1.00
      0.2750         1.00
      0.2760         1.00
      0.2770         1.00
      0.2780         1.00
      0.2790         1.00
      0.2800         1.00
      0.2810         1.00
      0.2820         1.00
      0.2830         1.00
      0.2840         1.00
      0.2850         1.00
      0.2860         1.00
      0.2870         1.00
      0.2880         1.00
      0.2890         1.00
      0.2900         1.00
      0.2910         1.00
      0.2920         1.00
      0.2930         1.00
      0.2940         1.00
      0.2950         1.00
      0.2960         1.00
      0.2970         1.00
      0.2980         1.00
      0.2990         1.00
      0.3000         1.00
      0.3010         1.00
      0.3020         1.00
      0.3030         1.00
      0.3040         1.00
      0.3050         1.00
      0.3060         1.00
      0.3070         1.00
      0.3080         1.00
      0.3090         1.00
      0.3100         1.00
      0.3110         1.00
      0.3120         1.00
      0.3130         1.00
      0.3140         1.00
      0.3150         1.00
      0.3160         1.00
      0.3170         1.00
      0.3180         1.00
      0.3190         1.00
      0.3200         1.00
      0.3210         1.00
      0.3220         1.00
      0.3230         1.00
      0.3240         1.00
      0.3250         1.00
      0.3260         1.00
      0.3270         1.00
      0.3280         1.00
      0.3290         1.00
      0.3300         1.00
      0.3310         1.00
      0.3320         1.00
      0.3330         1.00
      0.3340         1.00
      0.3350         1.00
      0.3360         1.00
      0.3370         1.00
      0.3380         1.00
      0.3390         1.00
      0.3400         1.00
      0.3410         1.00
      0.3420         1.00
      0.3430         1.00
      0.3440         1.00
      0.3450         1.00
      0.3460         1.00
      0.3470         1.00
      0.3480         1.00
      0.3490         1.00
      0.3500         1.00
      0.3510         1.00
      0.3520         1.00
      0.3530         1.00
      0.3540         1.00
      0.3550         1.00
      0.3560         1.00
      0.3570         1.00
      0.3580         1.00
      0.3590         1.00
      0.3600         1.00
      0.3610         1.00
      0.3620         1.00
      0.3630         1.00
      0.3640         1.00
      0.3650         1.00
      0.3660         1.00
      0.3670         1.00
      0.3680         1.00
      0.3690         1.00
      0.3700         1.00
      0.3710         1.00
      0.3720         1.00
      0.3730         1.00
      0.3740         1.00
      0.3750         1.00
      0.3760         1.00
      0.3770         1.00
      0.3780         1.00
      0.3790         1.00
      0.3800         1.00
      0.3810         1.00
      0.3820         1.00
      0.3830         1.00
      0.3840         1.00
      0.3850         1.00
      0.3860         1.00
      0.3870         1.00
      0.3880         1.00
      0.3890         1.00
      0.3900         1.00
      0.3910         1.00
      0.3920         1.00
      0.3930         1.00
      0.3940         1.00
      0.3950         1.00
      0.3960         1.00
      0.3970         1.00
      0.3980         1.00
      0.3990         1.00
      0.4000         1.00
      0.4010         1.00
      0.4020         1.00
      0.4030         1.00
      0.4040         1.00
      0.4050         1.00
      0.4060         1.12
      0.4070         1.00
      0.4080         1.00
      0.4090         1.00
      0.4100         1.00
      0.4110         1.00
      0.4120         1.00
      0.4130         1.00
      0.4140         1.00
      0.4150         1.00
      0.4160         1.00
      0.4170         1.00
      0.4180         1.00
      0.4190         1.00
      0.4200         1.00
      0.4210         1.00
      0.4220         1.00
      0.4230         1.00
      0.4240         1.00
      0.4250         1.00
      0.4260         1.00
      0.4270         1.00
      0.4280         1.00
      0.4290         1.00
      0.4300         1.00
      0.4310         1.00
      0.4320         1.00
      0.4330         1.00
      0.4340         1.00
      0.4350         1.00
      0.4360         1.00
      0.4370         1.00
      0.4380         1.00
      0.4390         1.00
      0.4400         1.00
      0.4410         1.00
      0.4420         1.00
      0.4430         1.00
      0.4440         1.00
      0.4450         1.00
      0.4460         1.00
      0.4470         1.00
      0.4480         1.00
      0.4490         1.00
      0.4500         1.00
      0.4510         1.00
      0.4520         1.00
      0.4530         1.00
      0.4540         1.00
      0.4550         1.00
      0.4560         1.00
      0.4570         1.00
      0.4580         1.00
      0.4590         1.00
      0.4600         1.00
      0.4610         1.00
      0.4620         1.00
      0.4630         1.00
      0.4640         1.00
      0.4650         1.00
      0.4660         1.00
      0.4670         1.00
      0.4680         1.00
      0.4690         1.00
      0.4700         1.00
      0.4710         1.00
      0.4720         1.00
      0.4730         1.00
      0.4740         1.00
      0.4750         1.00
      0.4760         1.00
      0.4770         1.00
      0.4780         1.00
      0.4790         1.00
      0.4800         1.00
      0.4810         1.00
      0.4820         1.00
      0.4830         1.00
      0.4840         1.00
      0.4850         1.00
      0.4860         1.00
      0.4870         1.00
      0.4880         1.00
      0.4890         1.00
      0.4900         1.00
      0.4910         1.00
      0.4920         1.00
      0.4930         1.00
      0.4940         1.00
      0.4950         1.00
      0.4960         1.00
      0.4970         1.00
      0.4980         1.00
      0.4990         1.00
      0.5000         1.00
      0.5010         1.00
      0.5020         1.00
      0.5030         1.00
      0.5040         1.00
      0.5050         1.00
      0.5060         1.00
      0.5070         1.00
      0.5080         1.00
      0.5090         1.00
      0.5100         1.00
      0.5110         1.00
      0.5120         1.00
      0.5130         1.00
      0.5140         1.00
      0.5150         1.00
      0.5160         1.00
      0.5170         1.00
      0.5180         1.00
      0.5190         1.00
      0.5200         1.00
      0.5210         1.00
      0.5220         1.00
      0.5230         1.00
      0.5240         1.00
      0.5250         1.00
      0.5260         1.00
      0.5270         1.00
      0.5280         1.00
      0.5290         1.00
      0.5300         1.00
      0.5310         1.00
      0.5320         1.00
      0.5330         1.00
      0.5340         1.00
      0.5350         1.00
      0.5360         1.00
      0.5370         1.00
      0.5380         1.00
      0.5390         1.00
      0.5400         1.00
      0.5410         1.00
      0.5420         1.00
      0.5430         1.00
      0.5440         1.00
      0.5450         1.00
      0.5460         1.00
      0.5470         1.00
      0.5480         1.00
      0.5490         1.00
      0.5500         1.00
      0.5510         1.00
      0.5520         1.00
      0.5530         1.00
      0.5540         1.00
      0.5550         1.00
      0.5560         1.00
      0.5570         1.00
      0.5580         1.00
      0.5590         1.00
      0.5600         1.00
      0.5610         1.00
      0.5620         1.00
      0.5630         1.00
      0.5640         1.00
      0.5650         1.00
      0.5660         1.00
      0.5670         1.00
      0.5680         1.00
      0.5690         1.00
      0.5700         1.00
      0.5710         1.00
      0.5720         1.00
      0.5730         1.00
      0.5740         1.00
      0.5750         1.00
      0.5760         1.00
      0.5770         1.00
      0.5780         1.00
      0.5790         1.00
      0.5800         1.00
      0.5810         1.00
      0.5820         1.00
      0.5830         1.00
      0.5840         1.00
      0.5850         1.00
      0.5860         1.00
      0.5870         1.00
      0.5880         1.00
      0.5890         1.00
      0.5900         1.00
      0.5910         1.00
      0.5920         1.00
      0.5930         1.00
      0.5940         1.00
      0.5950         1.00
      0.5960         1.00
      0.5970         1.00
      0.5980         1.00
      0.5990         1.00
      0.6000         1.00
      0.6010         1.00
      0.6020         1.00
      0.6030         1.00
      0.6040         1.00
      0.6050         1.00
      0.6060         1.00
      0.6070         1.00
      0.6080         1.00
      0.6090         1.00
      0.6100         1.00
      0.6110         1.00
      0.6120         1.00
      0.6130         1.00
      0.6140         1.00
      0.6150         1.00
      0.6160         1.00
      0.6170         1.00
      0.6180         1.00
      0.6190         1.00
      0.6200         1.00
      0.6210         1.00
      0.6220         1.00
      0.6230         1.00
      0.6240         1.00
      0.6250         1.00
      0.6260         1.00
      0.6270         1.00
      0.6280         1.00
      0.6290         1.00
      0.6300         1.00
      0.6310         1.00
      0.6320         1.00
      0.6330         1.00
      0.6340         1.00
      0.6350         1.00
      0.6360         1.00
      0.6370         1.00
      0.6380         1.00
      0.6390         1.00
      0.6400         1.00
      0.6410         1.00
      0.6420         1.00
      0.6430         1.00
      0.6440         1.00
      0.6450         1.00
      0.6460         1.00
      0.6470         1.00
      0.6480         1.00
      0.6490         1.00
      0.6500         1.00
      0.6510         1.00
      0.6520         1.00
      0.6530         1.00
      0.6540         1.00
      0.6550         1.00
      0.6560         1.00
      0.6570         1.00
      0.6580         1.00
      0.6590         1.00
      0.6600         1.00
      0.6610         1.00
      0.6620         1.00
      0.6630         1.00
      0.6640         1.00
      0.6650         1.00
      0.6660         1.00
      0.6670         1.00
      0.6680         1.00
      0.6690         1.00
      0.6700         1.00
      0.6710         1.00
      0.6720         1.00
      0.6730         1.00
      0.6740         1.00
      0.6750         1.00
      0.6760         1.00
      0.6770         1.00
      0.6780         1.00
      0.6790         1.00
      0.6800         1.00
      0.6810         1.00
      0.6820         1.00
      0.6830         1.00
      0.6840         1.00
      0.6850         1.00
      0.6860         1.00
      0.6870         1.00
      0.6880         1.00
      0.6890         1.00
      0.6900         1.00
      0.6910         1.00
      0.6920         1.00
      0.6930         1.00
      0.6940         1.00
      0.6950         1.00
      0.6960         1.00
      0.6970         1.00
      0.6980         1.00
      0.6990         1.00
      0.7000         1.00
      0.7010         1.00
      0.7020         1.00
      0.7030         1.00
      0.7040         1.00
      0.7050         1.00
      0.7060         1.00
      0.7070         1.00
      0.7080         1.00
      0.7090         1.00
      0.7100         1.00
      0.7110         1.00
      0.7120         1.00
      0.7130         1.00
      0.7140         1.00
      0.7150         1.00
      0.7160         1.00
      0.7170         1.00
      0.7180         1.00
      0.7190         1.00
      0.7200         1.00
      0.7210         1.00
      0.7220         1.00
      0.7230         1.00
      0.7240         1.00
      0.7250         1.00
      0.7260         1.00
      0.7270         1.00
      0.7280         1.00
      0.7290         1.00
      0.7300         1.00
      0.7310         1.00
      0.7320         1.00
      0.7330         1.00
      0.7340         1.00
      0.7350         1.00
      0.7360         1.00
      0.7370         1.00
      0.7380         1.00
      0.7390         1.00
      0.7400         1.00
      0.7410         1.00
      0.7420         1.00
      0.7430         1.00
      0.7440         1.00
      0.7450         1.00
      0.7460         1.00
      0.7470         1.00
      0.7480         1.00
      0.7490         1.00
      0.7500         1.00
      0.7510         1.00
      0.7520         1.00
      0.7530         1.00
      0.7540         1.00
      0.7550         1.00
      0.7560         1.00
      0.7570         1.00
      0.7580         1.00
      0.7590         1.00
      0.7600         1.00
      0.7610         1.00
      0.7620         1.00
      0.7630         1.00
      0.7640         1.00
      0.7650         1.00
      0.7660         1.00
      0.7670         1.00
      0.7680         1.00
      0.7690         1.00
      0.7700         1.00
      0.7710         1.00
      0.7720         1.00
      0.7730         1.00
      0.7740         1.00
      0.7750         1.00
      0.7760         1.00
      0.7770         1.00
      0.7780         1.00
      0.7790         1.00
      0.7800         1.00
      0.7810         1.00
      0.7820         1.00
      0.7830         1.00
      0.7840         1.00
      0.7850         1.00
      0.7860         1.00
      0.7870         1.00
      0.7880         1.00
      0.7890         1.00
      0.7900         1.00
      0.7910         1.00
      0.7920         1.00
      0.7930         1.00
      0.7940         1.00
      0.7950         1.00
      0.7960         1.00
      0.7970         1.00
      0.7980         1.00
      0.7990         1.00
      0.8000         1.00
      0.8010         1.00
      0.8020         1.00
      0.8030         1.00
      0.8040         1.00
      0.8050         1.00
      0.8060         1.00
      0.8070         1.00
      0.8080         1.00
      0.8090         1.00
      0.8100         1.00
      0.8110         1.00
      0.8120         1.00
      0.8130         1.00
      0.8140         1.00
      0.8150         1.00
      0.8160         1.00
      0.8170         1.00
      0.8180         1.00
      0.8190         1.00
      0.8200         1.00
      0.8210         1.00
      0.8220         1.00
      0.8230         1.00
      0.8240         1.00
      0.8250         1.00
      0.8260         1.00
      0.8270         1.00
      0.8280         1.00
      0.8290         1.00
      0.8300         1.00
      0.8310         1.00
      0.8320         1.00
      0.8330         1.00
      0.8340         1.00
      0.8350         1.00
      0.8360         1.00
      0.8370         1.00
      0.8380         1.00
      0.8390         1.00
      0.8400         1.00
      0.8410         1.00
      0.8420         1.00
      0.8430         1.00
      0.8440         1.00
      0.8450         1.00
      0.8460         1.00
      0.8470         1.00
      0.8480         1.00
      0.8490         1.00
      0.8500         1.00
      0.8510         1.00
      0.8520         1.00
      0.8530         1.00
      0.8540         1.00
      0.8550         1.00
      0.8560         1.00
      0.8570         1.00
      0.8580         1.00
      0.8590         1.00
      0.8600         1.00
      0.8610         1.00
      0.8620         1.00
      0.8630         1.00
      0.8640         1.00
      0.8650         1.00
      0.8660         1.00
      0.8670         1.00
      0.8680         1.00
      0.8690         1.00
      0.8700         1.00
      0.8710         1.00
      0.8720         1.00
      0.8730         1.00
      0.8740         1.00
      0.8750         1.00
      0.8760         1.00
      0.8770         1.00
      0.8780         1.00
      0.8790         1.00
      0.8800         1.00
      0.8810         1.00
      0.8820         1.00
      0.8830         1.00
      0.8840         1.00
      0.8850         1.00
      0.8860         1.00
      0.8870         1.00
      0.8880         1.00
      0.8890         1.00
      0.8900         1.00
      0.8910         1.00
      0.8920         1.00
      0.8930         1.00
      0.8940         1.00
      0.8950         1.00
      0.8960         1.00
      0.8970         1.00
      0.8980         1.00
      0.8990         1.00
      0.9000         1.00
      0.9010         1.00
      0.9020         1.17
      0.9030         1.17
      0.9040         1.19
      0.9050         1.00
      0.9060         1.00
      0.9070         1.00
      0.9080         1.00
      0.9090         1.00
      0.9100         1.00
      0.9110         1.00
      0.9120         1.00
      0.9130         1.00
      0.9140         1.00
      0.9150         1.00
      0.9160         1.00
      0.9170         1.00
      0.9180         1.00
      0.9190         1.00
      0.9200         1.00
      0.9210         1.00
      0.9220         1.00
      0.9230         1.00
      0.9240         1.00
      0.9250         1.00
      0.9260         1.00
      0.9270         1.00
      0.9280         1.00
      0.9290         1.00
      0.9300         1.00
      0.9310         1.00
      0.9320         1.00
      0.9330         1.00
      0.9340         1.00
      0.9350         1.00
      0.9360         1.00
      0.9370         1.00
      0.9380         1.00
      0.9390         1.00
      0.9400         1.00
      0.9410         1.00
      0.9420         1.00
      0.9430         1.09
      0.9440         1.00
      0.9450         1.00
      0.9460         1.00
      0.9470         1.00
      0.9480         1.00
      0.9490         1.00
      0.9500         1.00
      0.9510         1.00
      0.9520         1.00
      0.9530         1.00
      0.9540         1.00
      0.9550         1.00
      0.9560         1.00
      0.9570         1.00
      0.9580         1.00
      0.9590         1.00
      0.9600         1.00
      0.9610         1.00
      0.9620         1.00
      0.9630         1.00
      0.9640         1.00
      0.9650         1.00
      0.9660         1.00
      0.9670         1.00
      0.9680         1.00
      0.9690         1.00
      0.9700         1.00
      0.9710         1.00
      0.9720         1.00
      0.9730         1.00
      0.9740         1.00
      0.9750         1.00
      0.9760         1.18
      0.9770         1.32
      0.9780         1.25
      0.9790         1.31
      0.9800         1.33
      0.9810         1.24
      0.9820         1.28
      0.9830         1.24
      0.9840         1.21
      0.9850         1.00
      0.9860         1.21
      0.9870         1.19
      0.9880         1.00
      0.9890         1.00
      0.9900         1.00
      0.9910         1.00
      0.9920         1.00
      0.9930         1.00
      0.9940         1.00
      0.9950         1.00
      0.9960         1.00
      0.9970         1.00
      0.9980         1.00
      0.9990         1.00
      1.0000         1.00
      1.0010         1.00
      1.0020         1.00
      1.0030         1.00
      1.0040         1.00
      1.0050         1.00
      1.0060         1.00
      1.0070         1.00
      1.0080         1.00
      1.0090         1.00
      1.0100         1.00
      1.0110         1.00
      1.0120         1.00
      1.0130         1.00
      1.0140         1.00
      1.0150         1.00
      1.0160         1.00
      1.0170         1.00
      1.0180         1.00
      1.0190         1.00
      1.0200         1.00
      1.0210         1.00
      1.0220         1.00
      1.0230         1.00
      1.0240         1.00
      1.0250         1.00
      1.0260         1.00
      1.0270         1.00
      1.0280         1.00
      1.0290         1.00
      1.0300         1.00
      1.0310         1.00
      1.0320         1.00
      1.0330         1.00
      1.0340         1.00
      1.0350         1.00
      1.0360         1.00
      1.0370         1.00
      1.0380         1.00
      1.0390         1.00
      1.0400         1.00
      1.0410         1.00
      1.0420         1.00
      1.0430         1.00
      1.0440         1.00
      1.0450         1.00
      1.0460         1.00
      1.0470         1.00
      1.0480         1.00
      1.0490         1.00
      1.0500         1.00
      1.0510         1.00
      1.0520         1.00
      1.0530         1.00
      1.0540         1.00
      1.0550         1.00
      1.0560         1.00
      1.0570         1.00
      1.0580         1.00
      1.0590         1.00
      1.0600         1.00
      1.0610         1.00
      1.0620         1.00
      1.0630         1.00
      1.0640         1.00
      1.0650         1.00
      1.0660         1.00
      1.0670         1.00
      1.0680         1.00
      1.0690         1.00
      1.0700         1.00
      1.0710         1.00
      1.0720         1.00
      1.0730         1.00
      1.0740         1.00
      1.0750         1.00
      1.0760         1.00
      1.0770         1.00
      1.0780         1.00
      1.0790         1.00
      1.0800         1.00
      1.0810         1.00
      1.0820         1.00
      1.0830         1.00
      1.0840         1.00
      1.0850         1.00
      1.0860         1.00
      1.0870         1.00
      1.0880         1.00
      1.0890         1.00
      1.0900         1.00
      1.0910         1.00
      1.0920         1.00
      1.0930         1.00
      1.0940         1.00
      1.0950         1.00
      1.0960         1.00
      1.0970         1.00
      1.0980         1.00
      1.0990         1.00
      1.1000         1.00
      1.1010         1.00
      1.1020         1.00
      1.1030         1.00
      1.1040         1.00
      1.1050         1.00
      1.1060         1.00
      1.1070         1.00
      1.1080         1.00
      1.1090         1.00
      1.1100         1.00
      1.1110         1.00
      1.1120         1.00
      1.1130         1.00
      1.1140         1.00
      1.1150         1.00
      1.1160         1.00
      1.1170         1.00
      1.1180         1.00
      1.1190         1.00
      1.1200         1.00
      1.1210         1.00
      1.1220         1.00
      1.1230         1.00
      1.1240         1.00
      1.1250         1.00
      1.1260         1.00
      1.1270         1.00
      1.1280         1.00
      1.1290         1.00
      1.1300         1.00
      1.1310         1.00
      1.1320         1.00
      1.1330         1.00
      1.1340         1.00
      1.1350         1.00
      1.1360         1.00
      1.1370         1.00
      1.1380         1.00
      1.1390         1.00
      1.1400         1.00
      1.1410         1.00
      1.1420         1.00
      1.1430         1.00
      1.1440         1.00
      1.1450         1.00
      1.1460         1.00
      1.1470         1.00
      1.1480         1.00
      1.1490         1.00
      1.1500         1.00
      1.1510         1.00
      1.1520         1.00
      1.1530         1.00
      1.1540         1.00
      1.1550         1.00
      1.1560         1.00
      1.1570         1.00
      1.1580         1.00
      1.1590         1.00
      1.1600         1.00
      1.1610         1.00
      1.1620         1.00
      1.1630         1.00
      1.1640         1.00
      1.1650         1.00
      1.1660         1.00
      1.1670         1.00
      1.1680         1.00
      1.1690         1.00
      1.1700         1.00
      1.1710         1.00
      1.1720         1.00
      1.1730         1.00
      1.1740         1.00
      1.1750         1.00
      1.1760         1.00
      1.1770         1.00
      1.1780         1.00
      1.1790         1.00
      1.1800         1.00
      1.1810         1.00
      1.1820         1.00
      1.1830         1.00
      1.1840         1.00
      1.1850         1.00
      1.1860         1.00
      1.1870         1.00
      1.1880         1.00
      1.1890         1.00
      1.1900         1.00
      1.1910         1.00
      1.1920         1.00
      1.1930         1.00
      1.1940         1.00
      1.1950         1.00
      1.1960         1.00
      1.1970         1.00
      1.1980         1.00
      1.1990         1.00
      1.2000         1.00
      1.2010         1.00
      1.2020         1.00
      1.2030         1.00
      1.2040         1.00
      1.2050         1.00
      1.2060         1.00
      1.2070         1.00
      1.2080         1.00
      1.2090         1.00
      1.2100         1.00
      1.2110         1.00
      1.2120         1.00
      1.2130         1.00
      1.2140         1.00
      1.2150         1.00
      1.2160         1.00
      1.2170         1.00
      1.2180         1.00
      1.2190         1.00
      1.2200         1.00
      1.2210         1.00
      1.2220         1.00
      1.2230         1.00
      1.2240         1.00
      1.2250         1.00
      1.2260         1.00
      1.2270         1.00
      1.2280         1.00
      1.2290         1.00
      1.2300         1.00
      1.2310         1.00
      1.2320         1.00
      1.2330         1.00
      1.2340         1.00
      1.2350         1.00
      1.2360         1.00
      1.2370         1.00
      1.2380         1.00
      1.2390         1.00
      1.2400         1.00
      1.2410         1.00
      1.2420         1.00
      1.2430         1.00
      1.2440         1.00
      1.2450         1.00
      1.2460         1.00
      1.2470         1.00
      1.2480         1.00
      1.2490         1.00
      1.2500         1.00
      1.2510         1.00
      1.2520         1.00
      1.2530         1.00
      1.2540         1.00
      1.2550         1.00
      1.2560         1.00
      1.2570         1.00
      1.2580         1.00
      1.2590         1.00
      1.2600         1.00
      1.2610         1.00
      1.2620         1.00
      1.2630         1.00
      1.2640         1.00
      1.2650         1.00
      1.2660         1.28
      1.2670         1.00
      1.2680         1.25
      1.2690         1.33
      1.2700         1.29
      1.2710         1.30
      1.2720         1.31
      1.2730         1.30
      1.2740         1.38
      1.2750         1.41
      1.2760         1.40
      1.2770         1.32
      1.2780         1.40
      1.2790         1.30
      1.2800         1.19
      1.2810         1.17
      1.2820         1.00
      1.2830         1.00
      1.2840         1.00
      1.2850         1.00
      1.2860         1.00
      1.2870         1.00
      1.2880         1.00
      1.2890         1.00
      1.2900         1.00
      1.2910         1.00
      1.2920         1.00
      1.2930         1.00
      1.2940         1.00
      1.2950         1.00
      1.2960         1.00
      1.2970         1.00
      1.2980         1.00
      1.2990         1.00
      1.3000         1.00
      1.3010         1.00
      1.3020         1.00
      1.3030         1.00
      1.3040         1.00
      1.3050         1.00
      1.3060         1.05
      1.3070         1.20
      1.3080         1.28
      1.3090         1.27
      1.3100         1.21
      1.3110         1.80
      1.3120         1.89
      1.3130         2.50
      1.3140         2.53
      1.3150         2.59
      1.3160         2.62
      1.3170         2.71
      1.3180         2.75
      1.3190         2.68
      1.3200         2.64
      1.3210         2.63
      1.3220         2.60
      1.3230         2.06
      1.3240         2.06
      1.3250         1.88
      1.3260         2.33
      1.3270         2.29
      1.3280         2.28
      1.3290         2.24
      1.3300         2.23
      1.3310         2.17
      1.3320         2.06
      1.3330         1.48
      1.3340         1.49
      1.3350         1.01
      1.3360         1.00
      1.3370         1.05
      1.3380         1.59
      1.3390         1.00
      1.3400         1.06
      1.3410         1.05
      1.3420         1.06
      1.3430         1.13
      1.3440         1.19
      1.3450         1.31
      1.3460         2.38
      1.3470         1.96
      1.3480         2.04
      1.3490         2.69
      1.3500         2.08
      1.3510         2.12
      1.3520         2.73
      1.3530         2.97
      1.3540         2.31
      1.3550         2.38
      1.3560         2.47
      1.3570         2.40
      1.3580         2.39
      1.3590         2.45
      1.3600         2.46
      1.3610         2.49
      1.3620         2.43
      1.3630         2.47
      1.3640         2.38
      1.3650         2.43
      1.3660         2.41
      1.3670         2.34
      1.3680         2.37
      1.3690         2.43
      1.3700         2.46
      1.3710         2.50
      1.3720         2.50
      1.3730         2.28
      1.3740         2.36
      1.3750         2.33
      1.3760         3.37
      1.3770         3.53
      1.3780         3.62
      1.3790         3.69
      1.3800         3.65
      1.3810         3.90
      1.3820         3.98
      1.3830         4.05
      1.3840         4.22
      1.3850         4.29
      1.3860         4.33
      1.3870         3.93
      1.3880         4.68
      1.3890         4.73
      1.3900         5.03
      1.3910         5.17
      1.3920         5.39
      1.3930         5.60
      1.3940         5.87
      1.3950         6.10
      1.3960         6.10
      1.3970         6.03
      1.3980         6.07
      1.3990         6.23
      1.4000         6.39
      1.4010         6.50
      1.4020         6.51
      1.4030         6.55
      1.4040         6.50
      1.4050         6.53
      1.4060         6.45
      1.4070         6.59
      1.4080         6.42
      1.4090         6.55
      1.4100         6.45
      1.4110         6.38
      1.4120         6.15
      1.4130         5.95
      1.4140         5.88
      1.4150         5.78
      1.4160         5.88
      1.4170         6.04
      1.4180         5.99
      1.4190         6.03
      1.4200         5.93
      1.4210         5.90
      1.4220         6.02
      1.4230         5.98
      1.4240         6.24
      1.4250         6.37
      1.4260         6.48
      1.4270         6.59
      1.4280         6.60
      1.4290         6.67
      1.4300         6.89
      1.4310         6.93
      1.4320         7.27
      1.4330         7.40
      1.4340         7.30
      1.4350         7.55
      1.4360         7.54
      1.4370         7.57
      1.4380         7.75
      1.4390         7.72
      1.4400         7.88
      1.4410         7.77
      1.4420         7.75
      1.4430         7.86
      1.4440         7.78
      1.4450         7.77
      1.4460         7.86
      1.4470         7.81
      1.4480         8.00
      1.4490         8.09
      1.4500         8.00
      1.4510         8.06
      1.4520         7.96
      1.4530         8.07
      1.4540         8.26
      1.4550         8.15
      1.4560         8.11
      1.4570         8.08
      1.4580         8.12
      1.4590         8.20
      1.4600         8.15
      1.4610         8.36
      1.4620         8.38
      1.4630         8.55
      1.4640         8.59
      1.4650         8.73
      1.4660         8.78
      1.4670         8.85
      1.4680         8.99
      1.4690         9.02
      1.4700         9.15
      1.4710         9.33
      1.4720         9.34
      1.4730         9.52
      1.4740         9.70
      1.4750         9.87
      1.4760        10.09
      1.4770        10.20
      1.4780        10.31
      1.4790        10.46
      1.4800        10.56
      1.4810        10.73
      1.4820        10.86
      1.4830        11.01
      1.4840        11.02
      1.4850        11.05
      1.4860        11.14
      1.4870        11.21
      1.4880        11.11
      1.4890        11.08
      1.4900        10.96
      1.4910        10.98
      1.4920        11.08
      1.4930        11.14
      1.4940        11.00
      1.4950        11.04
      1.4960        11.10
      1.4970        11.24
      1.4980        11.31
      1.4990        11.41
      1.5000        11.53
      1.5010        11.46
      1.5020        11.49
      1.5030        11.41
      1.5040        11.63
      1.5050        11.77
      1.5060        11.76
      1.5070        11.73
      1.5080        11.86
      1.5090        12.00
      1.5100        12.27
      1.5110        12.36
      1.5120        12.55
      1.5130        12.75
      1.5140        12.98
      1.5150        13.01
      1.5160        13.10
      1.5170        12.93
      1.5180        12.97
      1.5190        13.02
      1.5200        13.14
      1.5210        13.31
      1.5220        13.42
      1.5230        13.45
      1.5240        13.37
      1.5250        13.26
      1.5260        13.32
      1.5270        13.45
      1.5280        13.44
      1.5290        13.39
      1.5300        13.43
      1.5310        13.40
      1.5320        13.45
      1.5330        13.21
      1.5340        13.19
      1.5350        13.25
      1.5360        13.24
      1.5370        13.40
      1.5380        13.44
      1.5390        13.45
      1.5400        13.51
      1.5410        13.41
      1.5420        13.41
      1.5430        13.43
      1.5440        13.62
      1.5450        13.81
      1.5460        13.89
      1.5470        14.02
      1.5480        14.20
      1.5490        14.41
      1.5500        14.51
      1.5510        14.80
      1.5520        14.90
      1.5530        15.10
      1.5540        15.20
      1.5550        15.27
      1.5560        15.35
      1.5570        15.57
      1.5580        15.78
      1.5590        15.88
      1.5600        15.87
      1.5610        15.99
      1.5620        16.19
      1.5630        16.42
      1.5640        16.31
      1.5650        16.41
      1.5660        16.61
      1.5670        16.71
      1.5680        16.66
      1.5690        16.66
      1.5700        16.57
      1.5710        16.45
      1.5720        16.51
      1.5730        16.44
      1.5740        16.44
      1.5750        16.51
      1.5760        16.49
      1.5770        16.40
      1.5780        16.32
      1.5790        16.32
      1.5800        16.28
      1.5810        16.22
      1.5820        16.10
      1.5830        16.07
      1.5840        16.33
      1.5850        16.24
      1.5860        16.27
      1.5870        16.23
      1.5880        16.36
      1.5890        16.39
      1.5900        16.56
      1.5910        16.66
      1.5920        16.58
      1.5930        16.67
      1.5940        16.81
      1.5950        16.94
      1.5960        17.16
      1.5970        17.34
      1.5980        17.33
      1.5990        17.43
      1.6000        17.56
      1.6010        17.77
      1.6020        18.06
      1.6030        18.24
      1.6040        18.25
      1.6050        18.36
      1.6060        18.40
      1.6070        18.46
      1.6080        18.38
      1.6090        18.52
      1.6100        18.55
      1.6110        18.66
      1.6120        18.71
      1.6130        18.86
      1.6140        18.77
      1.6150        18.74
      1.6160        18.59
      1.6170        18.59
      1.6180        18.65
      1.6190        18.77
      1.6200        18.85
      1.6210        18.80
      1.6220        18.66
      1.6230        18.53
      1.6240        18.50
      1.6250        18.57
      1.6260        18.66
      1.6270        18.79
      1.6280        18.93
      1.6290        18.93
      1.6300        18.94
      1.6310        18.89
      1.6320        18.82
      1.6330        18.77
      1.6340        18.91
      1.6350        19.05
      1.6360        19.18
      1.6370        19.25
      1.6380        19.36
      1.6390        19.32
      1.6400        19.33
      1.6410        19.39
      1.6420        19.55
      1.6430        19.57
      1.6440        19.65
      1.6450        19.63
      1.6460        19.58
      1.6470        19.64
      1.6480        19.65
      1.6490        19.61
      1.6500        19.72
      1.6510        19.75
      1.6520        19.92
      1.6530        19.94
      1.6540        19.90
      1.6550        19.83
      1.6560        19.67
      1.6570        19.56
      1.6580        19.51
      1.6590        19.39
      1.6600        19.35
      1.6610        19.40
      1.6620        19.31
      1.6630        19.35
      1.6640        19.20
      1.6650        19.21
      1.6660        19.20
      1.6670        18.99
      1.6680        18.99
      1.6690        18.99
      1.6700        19.01
      1.6710        18.99
      1.6720        19.03
      1.6730        19.01
      1.6740        19.05
      1.6750        19.23
      1.6760        19.50
      1.6770        19.58
      1.6780        19.80
      1.6790        20.04
      1.6800        20.23
      1.6810        20.19
      1.6820        20.27
      1.6830        20.34
      1.6840        20.54
      1.6850        20.70
      1.6860        20.85
      1.6870        20.98
      1.6880        20.96
      1.6890        21.08
      1.6900        21.09
      1.6910        21.23
      1.6920        21.25
      1.6930        21.37
      1.6940        21.47
      1.6950        21.45
      1.6960        21.36
      1.6970        21.44
      1.6980        21.23
      1.6990        21.09
      1.7000        21.04
      1.7010        21.10
      1.7020        20.97
      1.7030        21.01
      1.7040        20.94
      1.7050        20.98
      1.7060        20.86
      1.7070        20.99
      1.7080        21.12
      1.7090        21.23
      1.7100        21.20
      1.7110        21.18
      1.7120        21.28
      1.7130        21.20
      1.7140        21.22
      1.7150        21.21
      1.7160        21.34
      1.7170        21.35
      1.7180        21.42
      1.7190        21.52
      1.7200        21.48
      1.7210        21.46
      1.7220        21.62
      1.7230        21.56
      1.7240        21.69
      1.7250        21.65
      1.7260        21.80
      1.7270        21.82
      1.7280        21.97
      1.7290        21.83
      1.7300        21.86
      1.7310        21.92
      1.7320        21.79
      1.7330        22.01
      1.7340        21.91
      1.7350        21.82
      1.7360        21.82
      1.7370        21.78
      1.7380        21.63
      1.7390        21.58
      1.7400        21.64
      1.7410        21.85
      1.7420        21.70
      1.7430        21.66
      1.7440        21.59
      1.7450        21.57
      1.7460        21.47
      1.7470        21.35
      1.7480        21.30
      1.7490        21.34
      1.7500        21.40
      1.7510        21.40
      1.7520        21.55
      1.7530        21.40
      1.7540        21.49
      1.7550        21.52
      1.7560        21.45
      1.7570        21.66
      1.7580        21.86
      1.7590        21.95
      1.7600        22.08
      1.7610        21.93
      1.7620        22.06
      1.7630        22.33
      1.7640        22.26
      1.7650        22.25
      1.7660        22.21
      1.7670        22.33
      1.7680        22.23
      1.7690        22.18
      1.7700        22.21
      1.7710        22.18
      1.7720        21.99
      1.7730        21.99
      1.7740        21.83
      1.7750        21.82
      1.7760        22.03
      1.7770        22.09
      1.7780        22.09
      1.7790        22.13
      1.7800        22.11
      1.7810        22.14
      1.7820        22.09
      1.7830        21.93
      1.7840        21.97
      1.7850        21.98
      1.7860        22.12
      1.7870        22.09
      1.7880        22.09
      1.7890        22.10
      1.7900        22.00
      1.7910        22.00
      1.7920        22.10
      1.7930        22.12
      1.7940        22.38
      1.7950        22.58
      1.7960        22.46
      1.7970        22.27
      1.7980        22.31
      1.7990        22.16
      1.8000        22.03
      1.8010        22.19
      1.8020        22.47
      1.8030        22.48
      1.8040        22.52
      1.8050        22.59
      1.8060        22.51
      1.8070        22.59
      1.8080        22.72
      1.8090        22.87
      1.8100        22.86
      1.8110        22.90
      1.8120        22.94
      1.8130        22.99
      1.8140        22.98
      1.8150        22.96
      1.8160        22.96
      1.8170        22.95
      1.8180        22.88
      1.8190        23.10
      1.8200        23.18
      1.8210        23.12
      1.8220        22.87
      1.8230        22.88
      1.8240        22.83
      1.8250        22.75
      1.8260        22.86
      1.8270        22.84
      1.8280        22.67
      1.8290        22.63
      1.8300        22.75
      1.8310        22.85
      1.8320        22.77
      1.8330        22.71
      1.8340        22.71
      1.8350        22.73
      1.8360        22.63
      1.8370        22.82
      1.8380        23.01
      1.8390        23.09
      1.8400        23.24
      1.8410        23.39
      1.8420        23.56
      1.8430        23.83
      1.8440        23.95
      1.8450        24.07
      1.8460        24.05
      1.8470        24.09
      1.8480        24.21
      1.8490        24.34
      1.8500        24.38
      1.8510        24.31
      1.8520        24.57
      1.8530        24.70
      1.8540        24.74
      1.8550        24.67
      1.8560        24.69
      1.8570        24.60
      1.8580        24.55
      1.8590        24.27
      1.8600        24.11
      1.8610        24.07
      1.8620        24.09
      1.8630        24.00
      1.8640        23.97
      1.8650        23.84
      1.8660        23.88
      1.8670        23.84
      1.8680        23.80
      1.8690        23.76
      1.8700        23.77
      1.8710        23.73
      1.8720        23.58
      1.8730        23.59
      1.8740        23.56
      1.8750        23.61
      1.8760        23.64
      1.8770        23.73
      1.8780        23.64
      1.8790        23.92
      1.8800        24.03
      1.8810        24.08
      1.8820        24.11
      1.8830        24.03
      1.8840        24.16
      1.8850        24.28
      1.8860        24.26
      1.8870        24.39
      1.8880        24.59
      1.8890        24.46
      1.8900        24.46
      1.8910        24.63
      1.8920        24.77
      1.8930        24.74
      1.8940        24.71
      1.8950        24.74
      1.8960        25.01
      1.8970        24.95
      1.8980        25.09
      1.8990        24.94
      1.9000        25.02
      1.9010        24.81
      1.9020        24.76
      1.9030        24.70
      1.9040        24.77
      1.9050        24.88
      1.9060        24.81
      1.9070        24.55
      1.9080        24.48
      1.9090        24.56
      1.9100        24.59
      1.9110        24.49
      1.9120        24.41
      1.9130        24.35
      1.9140        24.37
      1.9150        24.30
      1.9160        24.10
      1.9170        24.19
      1.9180        24.32
      1.9190        24.56
      1.9200        24.58
      1.9210        24.72
      1.9220        24.89
      1.9230        25.15
      1.9240        25.03
      1.9250        25.04
      1.9260        25.35
      1.9270        25.63
      1.9280        25.59
      1.9290        25.81
      1.9300        25.76
      1.9310        25.99
      1.9320        26.07
      1.9330        26.25
      1.9340        26.35
      1.9350        26.56
      1.9360        26.70
      1.9370        26.56
      1.9380        26.53
      1.9390        26.35
      1.9400        26.18
      1.9410        26.28
      1.9420        26.22
      1.9430        26.12
      1.9440        26.28
      1.9450        26.30
      1.9460        26.10
      1.9470        25.94
      1.9480        26.05
      1.9490        26.01
      1.9500        26.07
      1.9510        25.94
      1.9520        25.95
      1.9530        25.80
      1.9540        25.74
      1.9550        25.67
      1.9560        25.82
      1.9570        25.95
      1.9580        25.84
      1.9590        25.92
      1.9600        26.06
      1.9610        26.12
      1.9620        26.19
      1.9630        26.19
      1.9640        26.14
      1.9650        26.26
      1.9660        26.40
      1.9670        26.64
      1.9680        26.80
      1.9690        26.85
      1.9700        26.93
      1.9710        27.12
      1.9720        27.28
      1.9730        27.46
      1.9740        27.59
      1.9750        27.76
      1.9760        27.68
      1.9770        27.62
      1.9780        27.82
      1.9790        27.92
      1.9800        28.04
      1.9810        28.07
      1.9820        28.04
      1.9830        28.17
      1.9840        28.16
      1.9850        27.96
      1.9860        28.08
      1.9870        27.96
      1.9880        27.92
      1.9890        27.79
      1.9900        27.76
      1.9910        27.64
      1.9920        27.66
      1.9930        27.58
      1.9940        27.65
      1.9950        27.61
      1.9960        27.69
      1.9970        27.96
      1.9980        28.01
      1.9990        28.08
      2.0000        28.12
      2.0010        28.20
      2.0020        28.36
      2.0030        28.35
      2.0040        28.54
      2.0050        28.86
      2.0060        28.88
      2.0070        29.11
      2.0080        29.19
      2.0090        29.40
      2.0100        29.49
      2.0110        29.68
      2.0120        29.60
      2.0130        29.79
      2.0140        29.72
      2.0150        29.87
      2.0160        29.87
      2.0170        29.87
      2.0180        29.88
      2.0190        29.91
      2.0200        29.80
      2.0210        29.81
      2.0220        29.82
      2.0230        29.80
      2.0240        29.66
      2.0250        29.53
      2.0260        29.49
      2.0270        29.50
      2.0280        29.48
      2.0290        29.47
      2.0300        29.46
      2.0310        29.34
      2.0320        29.31
      2.0330        29.47
      2.0340        29.62
      2.0350        29.69
      2.0360        29.55
      2.0370        29.55
      2.0380        29.50
      2.0390        29.38
      2.0400        29.62
      2.0410        29.58
      2.0420        29.56
      2.0430        29.62
      2.0440        29.83
      2.0450        29.96
      2.0460        29.97
      2.0470        30.05
      2.0480        30.09
      2.0490        30.24
      2.0500        30.36
      2.0510        30.67
      2.0520        30.71
      2.0530        30.68
      2.0540        30.60
      2.0550        30.52
      2.0560        30.78
      2.0570        30.83
      2.0580        31.00
      2.0590        31.27
      2.0600        31.14
      2.0610        31.23
      2.0620        31.37
      2.0630        31.44
      2.0640        31.46
      2.0650        31.48
      2.0660        31.65
      2.0670        31.59
      2.0680        31.74
      2.0690        31.64
      2.0700        31.78
      2.0710        31.67
      2.0720        31.87
      2.0730        31.81
      2.0740        31.89
      2.0750        31.91
      2.0760        31.94
      2.0770        31.97
      2.0780        31.95
      2.0790        31.95
      2.0800        32.13
      2.0810        32.10
      2.0820        32.03
      2.0830        32.15
      2.0840        32.15
      2.0850        32.33
      2.0860        32.49
      2.0870        32.62
      2.0880        32.57
      2.0890        32.77
      2.0900        32.81
      2.0910        32.79
      2.0920        32.78
      2.0930        33.05
      2.0940        33.26
      2.0950        33.27
      2.0960        33.35
      2.0970        33.42
      2.0980        33.62
      2.0990        33.65
      2.1000        33.64
      2.1010        33.74
      2.1020        33.91
      2.1030        33.95
      2.1040        34.04
      2.1050        33.97
      2.1060        33.82
      2.1070        33.85
      2.1080        33.90
      2.1090        33.78
      2.1100        33.74
      2.1110        33.90
      2.1120        33.92
      2.1130        33.74
      2.1140        33.58
      2.1150        33.62
      2.1160        33.57
      2.1170        33.60
      2.1180        33.51
      2.1190        33.53
      2.1200        33.64
      2.1210        33.60
      2.1220        33.53
      2.1230        33.63
      2.1240        33.56
      2.1250        33.58
      2.1260        33.65
      2.1270        33.71
      2.1280        33.86
      2.1290        34.00
      2.1300        34.19
      2.1310        34.16
      2.1320        34.39
      2.1330        34.55
      2.1340        34.69
      2.1350        34.91
      2.1360        35.04
      2.1370        35.17
      2.1380        35.25
      2.1390        35.25
      2.1400        35.17
      2.1410        35.27
      2.1420        35.44
      2.1430        35.57
      2.1440        35.73
      2.1450        35.77
      2.1460        35.81
      2.1470        35.68
      2.1480        35.64
      2.1490        35.52
      2.1500        35.44
      2.1510        35.56
      2.1520        35.32
      2.1530        35.41
      2.1540        35.36
      2.1550        35.18
      2.1560        35.23
      2.1570        35.19
      2.1580        35.08
      2.1590        35.12
      2.1600        35.21
      2.1610        35.21
      2.1620        35.13
      2.1630        35.05
      2.1640        35.19
      2.1650        35.26
      2.1660        35.34
      2.1670        35.66
      2.1680        35.71
      2.1690        36.03
      2.1700        36.06
      2.1710        36.05
      2.1720        36.38
      2.1730        36.37
      2.1740        36.76
      2.1750        36.96
      2.1760        37.01
      2.1770        37.15
      2.1780        37.34
      2.1790        37.44
      2.1800        37.56
      2.1810        37.74
      2.1820        37.91
      2.1830        38.10
      2.1840        38.04
      2.1850        38.24
      2.1860        38.43
      2.1870        38.33
      2.1880        38.40
      2.1890        38.37
      2.1900        38.32
      2.1910        38.56
      2.1920        38.45
      2.1930        38.50
      2.1940        38.52
      2.1950        38.53
      2.1960        38.60
      2.1970        38.68
      2.1980        38.75
      2.1990        38.95
      2.2000        38.92
      2.2010        39.07
      2.2020        39.15
      2.2030        39.22
      2.2040        39.39
      2.2050        39.45
      2.2060        39.47
      2.2070        39.57
      2.2080        39.64
      2.2090        39.73
      2.2100        39.96
      2.2110        40.00
      2.2120        40.19
      2.2130        40.32
      2.2140        40.38
      2.2150        40.46
      2.2160        40.55
      2.2170        40.59
      2.2180        40.76
      2.2190        40.79
      2.2200        41.14
      2.2210        41.11
      2.2220        41.12
      2.2230        41.09
      2.2240        41.07
      2.2250        41.13
      2.2260        41.11
      2.2270        41.18
      2.2280        41.19
      2.2290        41.20
      2.2300        41.31
      2.2310        41.25
      2.2320        41.12
      2.2330        41.12
      2.2340        41.11
      2.2350        41.04
      2.2360        41.08
      2.2370        41.15
      2.2380        41.18
      2.2390        41.18
      2.2400        40.99
      2.2410        40.87
      2.2420        40.78
      2.2430        40.88
      2.2440        41.06
      2.2450        40.97
      2.2460        41.01
      2.2470        41.05
      2.2480        41.29
      2.2490        41.41
      2.2500        41.49
      2.2510        41.40
      2.2520        41.75
      2.2530        41.83
      2.2540        41.89
      2.2550        42.12
      2.2560        42.23
      2.2570        42.25
      2.2580        42.23
      2.2590        42.37
      2.2600        42.47
      2.2610        42.63
      2.2620        42.88
      2.2630        42.94
      2.2640        42.90
      2.2650        42.90
      2.2660        42.92
      2.2670        42.88
      2.2680        42.73
      2.2690        42.77
      2.2700        42.65
      2.2710        42.79
      2.2720        42.57
      2.2730        42.53
      2.2740        42.46
      2.2750        42.37
      2.2760        42.28
      2.2770        42.25
      2.2780        42.34
      2.2790        42.09
      2.2800        42.17
      2.2810        42.09
      2.2820        41.95
      2.2830        41.86
      2.2840        41.99
      2.2850        42.06
      2.2860        42.06
      2.2870        42.15
      2.2880        42.12
      2.2890        41.93
      2.2900        41.85
      2.2910        41.93
      2.2920        42.02
      2.2930        42.03
      2.2940        41.90
      2.2950        41.91
      2.2960        41.93
      2.2970        41.93
      2.2980        41.96
      2.2990        42.16
      2.3000        42.23
      2.3010        42.23
      2.3020        42.23
      2.3030        42.20
      2.3040        42.12
      2.3050        42.11
      2.3060        42.20
      2.3070        42.23
      2.3080        42.31
      2.3090        42.36
      2.3100        42.55
      2.3110        42.55
      2.3120        42.49
      2.3130        42.52
      2.3140        42.75
      2.3150        42.73
      2.3160        42.54
      2.3170        42.55
      2.3180        42.34
      2.3190        42.27
      2.3200        41.96
      2.3210        42.09
      2.3220        42.18
      2.3230        42.05
      2.3240        42.00
      2.3250        41.93
      2.3260        41.80
      2.3270        41.44
      2.3280        41.35
      2.3290        41.28
      2.3300        41.24
      2.3310        41.24
      2.3320        41.20
      2.3330        41.14
      2.3340        41.01
      2.3350        41.09
      2.3360        41.21
      2.3370        41.06
      2.3380        41.08
      2.3390        41.08
      2.3400        41.28
      2.3410        41.06
      2.3420        41.02
      2.3430        41.17
      2.3440        41.10
      2.3450        41.18
      2.3460        40.99
      2.3470        41.29
      2.3480        41.45
      2.3490        41.46
      2.3500        41.41
      2.3510        41.21
      2.3520        41.24
      2.3530        41.40
      2.3540        41.45
      2.3550        41.33
      2.3560        41.41
      2.3570        41.58
      2.3580        41.68
      2.3590        41.68
      2.3600        41.59
      2.3610        41.55
      2.3620        41.47
      2.3630        41.30
      2.3640        41.23
      2.3650        41.33
      2.3660        41.53
      2.3670        41.46
      2.3680        41.36
      2.3690        41.40
      2.3700        41.39
      2.3710        41.42
      2.3720        41.42
      2.3730        41.25
      2.3740        41.31
      2.3750        41.35
      2.3760        41.27
      2.3770        41.07
      2.3780        41.07
      2.3790        41.09
      2.3800        41.11
      2.3810        41.22
      2.3820        41.22
      2.3830        41.41
      2.3840        41.43
      2.3850        41.20
      2.3860        41.10
      2.3870        41.11
      2.3880        41.07
      2.3890        41.06
      2.3900        40.99
      2.3910        41.07
      2.3920        40.92
      2.3930        40.85
      2.3940        40.57
      2.3950        40.33
      2.3960        40.25
      2.3970        40.17
      2.3980        39.88
      2.3990        39.55
      2.4000        39.22
      2.4010        39.06
      2.4020        38.90
      2.4030        38.59
      2.4040        38.26
      2.4050        38.04
      2.4060        37.84
      2.4070        37.68
      2.4080        37.43
      2.4090        37.09
      2.4100        36.86
      2.4110        36.45
      2.4120        36.35
      2.4130        36.19
      2.4140        36.10
      2.4150        36.15
      2.4160        36.13
      2.4170        35.98
      2.4180        35.81
      2.4190        35.89
      2.4200        35.92
      2.4210        35.74
      2.4220        35.80
      2.4230        35.68
      2.4240        35.66
      2.4250        35.61
      2.4260        35.58
      2.4270        35.54
      2.4280        35.41
      2.4290        35.43
      2.4300        35.31
      2.4310        35.34
      2.4320        35.14
      2.4330        35.12
      2.4340        35.02
      2.4350        34.79
      2.4360        34.59
      2.4370        34.40
      2.4380        34.34
      2.4390        34.14
      2.4400        33.89
      2.4410        33.76
      2.4420        33.43
      2.4430        33.41
      2.4440        33.38
      2.4450        33.20
      2.4460        33.00
      2.4470        32.81
      2.4480        32.72
      2.4490        32.59
      2.4500        32.50
      2.4510        32.31
      2.4520        32.22
      2.4530        32.03
      2.4540        31.87
      2.4550        31.67
      2.4560        31.41
      2.4570        31.44
      2.4580        31.37
      2.4590        31.41
      2.4600        31.40
      2.4610        31.35
      2.4620        31.30
      2.4630        31.09
      2.4640        30.94
      2.4650        30.95
      2.4660        30.86
      2.4670        30.82
      2.4680        30.82
      2.4690        30.75
      2.4700        30.64
      2.4710        30.54
      2.4720        30.47
      2.4730        30.33
      2.4740        30.11
      2.4750        30.00
      2.4760        30.16
      2.4770        29.96
      2.4780        29.72
      2.4790        29.42
      2.4800        29.26
      2.4810        29.04
      2.4820        28.83
      2.4830        28.71
      2.4840        28.51
      2.4850        28.22
      2.4860        27.95
      2.4870        27.69
      2.4880        27.39
      2.4890        27.13
      2.4900        26.93
      2.4910        26.74
      2.4920        26.46
      2.4930        26.17
      2.4940        25.94
      2.4950        25.68
      2.4960        25.19
      2.4970        25.03
      2.4980        24.94
      2.4990        24.68
      2.5000        24.45
      2.5010        24.39
      2.5020        24.25
      2.5030        24.03
      2.5040        23.83
      2.5050        23.64
      2.5060        23.57
      2.5070        23.33
      2.5080        23.14
      2.5090        22.98
      2.5100        22.83
      2.5110        22.79
      2.5120        22.72
      2.5130        22.51
      2.5140        22.37
      2.5150        22.36
      2.5160        22.34
      2.5170        22.20
      2.5180        21.93
      2.5190        21.83
      2.5200        21.57
      2.5210        21.32
      2.5220        21.04
      2.5230        20.84
      2.5240        20.72
      2.5250        20.60
      2.5260        20.39
      2.5270        20.30
      2.5280        20.11
      2.5290        19.99
      2.5300        19.88
      2.5310        19.64
      2.5320        19.30
      2.5330        19.26
      2.5340        19.21
      2.5350        19.05
      2.5360        18.85
      2.5370        18.58
      2.5380        18.53
      2.5390        18.46
      2.5400        18.50
      2.5410        18.33
      2.5420        18.31
      2.5430        18.16
      2.5440        18.11
      2.5450        18.12
      2.5460        17.95
      2.5470        17.76
      2.5480        17.73
      2.5490        17.54
      2.5500        17.30
      2.5510        17.17
      2.5520        17.06
      2.5530        16.82
      2.5540        16.65
      2.5550        16.49
      2.5560        16.32
      2.5570        16.27
      2.5580        16.15
      2.5590        15.83
      2.5600        15.63
      2.5610        15.33
      2.5620        15.09
      2.5630        15.02
      2.5640        14.76
      2.5650        14.41
      2.5660        14.22
      2.5670        14.04
      2.5680        13.80
      2.5690        13.51
      2.5700        13.39
      2.5710        13.18
      2.5720        13.10
      2.5730        12.98
      2.5740        12.80
      2.5750        12.54
      2.5760        12.43
      2.5770        12.15
      2.5780        11.87
      2.5790        11.75
      2.5800        11.60
      2.5810        11.69
      2.5820        11.69
      2.5830        11.56
      2.5840        11.47
      2.5850        11.45
      2.5860        11.35
      2.5870        11.15
      2.5880        11.02
      2.5890        11.12
      2.5900        11.02
      2.5910        10.94
      2.5920        10.86
      2.5930        10.75
      2.5940        10.73
      2.5950        10.76
      2.5960        10.71
      2.5970        10.62
      2.5980        10.52
      2.5990        10.45
      2.6000        10.42
      2.6010        10.06
      2.6020         9.86
      2.6030         9.68
      2.6040         9.55
      2.6050         9.29
      2.6060         9.14
      2.6070         9.12
      2.6080         8.93
      2.6090         8.52
      2.6100         8.43
      2.6110         8.27
      2.6120         8.09
      2.6130         7.95
      2.6140         7.91
      2.6150         7.69
      2.6160         7.41
      2.6170         7.29
      2.6180         7.14
      2.6190         6.94
      2.6200         6.74
      2.6210         6.74
      2.6220         6.64
      2.6230         6.57
      2.6240         6.46
      2.6250         6.53
      2.6260         6.44
      2.6270         6.38
      2.6280         6.37
      2.6290         6.43
      2.6300         6.31
      2.6310         6.28
      2.6320         6.12
      2.6330         6.06
      2.6340         5.71
      2.6350         5.75
      2.6360         5.76
      2.6370         5.77
      2.6380         5.68
      2.6390         5.54
      2.6400         5.52
      2.6410         5.53
      2.6420         5.50
      2.6430         5.35
      2.6440         5.18
      2.6450         4.97
      2.6460         4.87
      2.6470         4.61
      2.6480         4.37
      2.6490         3.80
      2.6500         3.68
      2.6510         3.37
      2.6520         3.29
      2.6530         3.19
      2.6540         3.10
      2.6550         2.99
      2.6560         2.72
      2.6570         2.57
      2.6580         2.47
      2.6590         2.53
      2.6600         2.41
      2.6610         2.22
      2.6620         1.64
      2.6630         1.63
      2.6640         1.61
      2.6650         1.65
      2.6660         1.64
      2.6670         1.55
      2.6680         1.57
      2.6690         1.53
      2.6700         1.00
      2.6710         1.56
      2.6720         1.58
      2.6730         1.56
      2.6740         1.55
      2.6750         1.00
      2.6760         1.04
      2.6770         1.62
      2.6780         1.59
      2.6790         1.52
      2.6800         1.48
      2.6810         1.47
      2.6820         1.41
      2.6830         1.47
      2.6840         1.93
      2.6850         1.00
      2.6860         1.00
      2.6870         1.00
      2.6880         1.00
      2.6890         1.00
      2.6900         1.00
      2.6910         1.00
      2.6920         1.00
      2.6930         1.00
      2.6940         1.00
      2.6950         1.00
      2.6960         1.00
      2.6970         1.00
      2.6980         1.00
      2.6990         1.00
      2.7000         1.00
      2.7010         1.00
      2.7020         1.00
      2.7030         1.00
      2.7040         1.00
      2.7050         1.00
      2.7060         1.00
      2.7070         1.00
      2.7080         1.00
      2.7090         1.00
      2.7100         1.00
      2.7110         1.00
      2.7120         1.00
      2.7130         1.00
      2.7140         1.00
      2.7150         1.00
      2.7160         1.00
      2.7170         1.00
      2.7180         1.00
      2.7190         1.00
      2.7200         1.00
      2.7210         1.00
      2.7220         1.00
      2.7230         1.00
      2.7240         1.00
      2.7250         1.00
      2.7260         1.00
      2.7270         1.00
      2.7280         1.00
      2.7290         1.00
      2.7300         1.00
      2.7310         1.00
      2.7320         1.00
      2.7330         1.00
      2.7340         1.00
      2.7350         1.00
      2.7360         1.00
      2.7370         1.00
      2.7380         1.00
      2.7390         1.00
      2.7400         1.00
      2.7410         1.00
      2.7420         1.00
      2.7430         1.00
      2.7440         1.00
      2.7450         1.00
      2.7460         1.00
      2.7470         1.00
      2.7480         1.00
      2.7490         1.00
      2.7500         1.00
      2.7510         1.00
      2.7520         1.00
      2.7530         1.00
      2.7540         1.00
      2.7550         1.00
      2.7560         1.00
      2.7570         1.00
      2.7580         1.00
      2.7590         1.00
      2.7600         1.00
      2.7610         1.00
      2.7620         1.00
      2.7630         1.00
      2.7640         1.00
      2.7650         1.00
      2.7660         1.00
      2.7670         1.00
      2.7680         1.00
      2.7690         1.00
      2.7700         1.00
      2.7710         1.00
      2.7720         1.00
      2.7730         1.00
      2.7740         1.00
      2.7750         1.00
      2.7760         1.00
      2.7770         1.00
      2.7780         1.00
      2.7790         1.00
      2.7800         1.00
      2.7810         1.00
      2.7820         1.00
      2.7830         1.00
      2.7840         1.00
      2.7850         1.00
      2.7860         1.00
      2.7870         1.00
      2.7880         1.00
      2.7890         1.00
      2.7900         1.00
      2.7910         1.00
      2.7920         1.00
      2.7930         1.00
      2.7940         1.00
      2.7950         1.00
      2.7960         1.00
      2.7970         1.00
      2.7980         1.00
      2.7990         1.00
      2.8000         1.00
      2.8010         1.00
      2.8020         1.00
      2.8030         1.00
      2.8040         1.00
      2.8050         1.00
      2.8060         1.00
      2.8070         1.00
      2.8080         1.00
      2.8090         1.00
      2.8100         1.00
      2.8110         1.00
      2.8120         1.00
      2.8130         1.00
      2.8140         1.00
      2.8150         1.00
      2.8160         1.00
      2.8170         1.00
      2.8180         1.00
      2.8190         1.00
      2.8200         1.00
      2.8210         1.00
      2.8220         1.00
      2.8230         1.00
      2.8240         1.00
      2.8250         1.00
      2.8260         1.00
      2.8270         1.00
      2.8280         1.00
      2.8290         1.00
      2.8300         1.00
      2.8310         1.00
      2.8320         1.00
      2.8330         1.00
      2.8340         1.00
      2.8350         1.00
      2.8360         1.00
      2.8370         1.00
      2.8380         1.00
      2.8390         1.00
      2.8400         1.00
      2.8410         1.00
      2.8420         1.00
      2.8430         1.00
      2.8440         1.00
      2.8450         1.00
      2.8460         1.00
      2.8470         1.00
      2.8480         1.00
      2.8490         1.00
      2.8500         1.00
      2.8510         1.00
      2.8520         1.00
      2.8530         1.00
      2.8540         1.00
      2.8550         1.00
      2.8560         1.00
      2.8570         1.00
      2.8580         1.00
      2.8590         1.00
      2.8600         1.00
      2.8610         1.00
      2.8620         1.00
      2.8630         1.00
      2.8640         1.00
      2.8650         1.00
      2.8660         1.00
      2.8670         1.00
      2.8680         1.00
      2.8690         1.00
      2.8700         1.00
      2.8710         1.00
      2.8720         1.00
      2.8730         1.00
      2.8740         1.00
      2.8750         1.00
      2.8760         1.00
      2.8770         1.00
      2.8780         1.00
      2.8790         1.00
      2.8800         1.00
      2.8810         1.00
      2.8820         1.00
      2.8830         1.00
      2.8840         1.00
      2.8850         1.00
      2.8860         1.00
      2.8870         1.00
      2.8880         1.00
      2.8890         1.00
      2.8900         1.00
      2.8910         1.00
      2.8920         1.00
      2.8930         1.00
      2.8940         1.00
      2.8950         1.00
      2.8960         1.00
      2.8970         1.00
      2.8980         1.00
      2.8990         1.00
      2.9000         1.00
      2.9010         1.00
      2.9020         1.00
      2.9030         1.00
      2.9040         1.00
      2.9050         1.00
      2.9060         1.00
      2.9070         1.00
      2.9080         1.00
      2.9090         1.00
      2.9100         1.00
      2.9110         1.00
      2.9120         1.00
      2.9130         1.00
      2.9140         1.00
      2.9150         1.00
      2.9160         1.00
      2.9170         1.00
      2.9180         1.00
      2.9190         1.00
      2.9200         1.00
      2.9210         1.00
      2.9220         1.00
      2.9230         1.00
      2.9240         1.00
      2.9250         1.00
      2.9260         1.00
      2.9270         1.00
      2.9280         1.00
      2.9290         1.00
      2.9300         1.00
      2.9310         1.00
      2.9320         1.00
      2.9330         1.00
      2.9340         1.00
      2.9350         1.00
      2.9360         1.00
      2.9370         1.00
      2.9380         1.00
      2.9390         1.00
      2.9400         1.00
      2.9410         1.00
      2.9420         1.00
      2.9430         1.00
      2.9440         1.00
      2.9450         1.00
      2.9460         1.00
      2.9470         1.00
      2.9480         1.00
      2.9490         1.00
      2.9500         1.00
      2.9510         1.00
      2.9520         1.00
      2.9530         1.00
      2.9540         1.00
      2.9550         1.00
      2.9560         1.00
      2.9570         1.00
      2.9580         1.00
      2.9590         1.00
      2.9600         1.00
      2.9610         1.00
      2.9620         1.00
      2.9630         1.00
      2.9640         1.00
      2.9650         1.00
      2.9660         1.00
      2.9670         1.00
      2.9680         1.00
      2.9690         1.00
      2.9700         1.00
      2.9710         1.00
      2.9720         1.00
      2.9730         1.00
      2.9740         1.00
      2.9750         1.00
      2.9760         1.00
      2.9770         1.00
      2.9780         1.00
      2.9790         1.00
      2.9800         1.00
      2.9810         1.00
      2.9820         1.00
      2.9830         1.00
      2.9840         1.00
      2.9850         1.00
      2.9860         1.00
      2.9870         1.00
      2.9880         1.00
      2.9890         1.00
      2.9900         1.00
      2.9910         1.00
      2.9920         1.00
      2.9930         1.00
      2.9940         1.00
      2.9950         1.00
      2.9960         1.00
      2.9970         1.00
      2.9980         1.00
      2.9990         1.00
