        Time   Palpation Force
      0.0000         1.00
      0.0010         1.00
      0.0020         1.00
      0.0030         1.00
      0.0040         1.00
      0.0050         1.00
      0.0060         1.00
      0.0070         1.00
      0.0080         1.00
      0.0090         1.00
      0.0100         1.00
      0.0110         1.00
      0.0120         1.00
      0.0130         1.00
      0.0140         1.00
      0.0150         1.00
      0.0160         1.00
      0.0170         1.00
      0.0180         1.00
      0.0190         1.00
      0.0200         1.00
      0.0210         1.00
      0.0220         1.00
      0.0230         1.00
      0.0240         1.00
      0.0250         1.00
      0.0260         1.00
      0.0270         1.00
      0.0280         1.00
      0.0290         1.00
      0.0300         1.00
      0.0310         1.00
      0.0320         1.00
      0.0330         1.00
      0.0340         1.00
      0.0350         1.00
      0.0360         1.00
      0.0370         1.00
      0.0380         1.00
      0.0390         1.00
      0.0400         1.00
      0.0410         1.00
      0.0420         1.00
      0.0430         1.00
      0.0440         1.00
      0.0450         1.00
      0.0460         1.00
      0.0470         1.00
      0.0480         1.00
      0.0490         1.00
      0.0500         1.00
      0.0510         1.00
      0.0520         1.00
      0.0530         1.00
      0.0540         1.00
      0.0550         1.00
      0.0560         1.00
      0.0570         1.00
      0.0580         1.00
      0.0590         1.00
      0.0600         1.00
      0.0610         1.00
      0.0620         1.00
      0.0630         1.00
      0.0640         1.00
      0.0650         1.00
      0.0660         1.00
      0.0670         1.00
      0.0680         1.00
      0.0690         1.00
      0.0700         1.00
      0.0710         1.00
      0.0720         1.00
      0.0730         1.00
      0.0740         1.00
      0.0750         1.00
      0.0760         1.00
      0.0770         1.00
      0.0780         1.00
      0.0790         1.00
      0.0800         1.00
      0.0810         1.00
      0.0820         1.00
      0.0830         1.00
      0.0840         1.00
      0.0850         1.00
      0.0860         1.00
      0.0870         1.00
      0.0880         1.00
      0.0890         1.00
      0.0900         1.00
      0.0910         1.00
      0.0920         1.00
      0.0930         1.00
      0.0940         1.00
      0.0950         1.00
      0.0960         1.00
      0.0970         1.00
      0.0980         1.00
      0.0990         1.00
      0.1000         1.00
      0.1010         1.00
      0.1020         1.00
      0.1030         1.00
      0.1040         1.00
      0.1050         1.00
      0.1060         1.00
      0.1070         1.00
      0.1080         1.00
      0.1090         1.00
      0.1100         1.00
      0.1110         1.00
      0.1120         1.00
      0.1130         1.00
      0.1140         1.00
      0.1150         1.00
      0.1160         1.00
      0.1170         1.00
      0.1180         1.00
      0.1190         1.00
      0.1200         1.00
      0.1210         1.00
      0.1220         1.00
      0.1230         1.00
      0.1240         1.00
      0.1250         1.00
      0.1260         1.00
      0.1270         1.00
      0.1280         1.00
      0.1290         1.00
      0.1300         1.00
      0.1310         1.00
      0.1320         1.00
      0.1330         1.00
      0.1340         1.00
      0.1350         1.00
      0.1360         1.00
      0.1370         1.00
      0.1380         1.00
      0.1390         1.00
      0.1400         1.00
      0.1410         1.00
      0.1420         1.00
      0.1430         1.00
      0.1440         1.00
      0.1450         1.00
      0.1460         1.00
      0.1470         1.00
      0.1480         1.00
      0.1490         1.00
      0.1500         1.00
      0.1510         1.00
      0.1520         1.00
      0.1530         1.00
      0.1540         1.00
      0.1550         1.00
      0.1560         1.00
      0.1570         1.00
      0.1580         1.00
      0.1590         1.00
      0.1600         1.00
      0.1610         1.00
      0.1620         1.00
      0.1630         1.00
      0.1640         1.00
      0.1650         1.00
      0.1660         1.00
      0.1670         1.00
      0.1680         1.00
      0.1690         1.00
      0.1700         1.00
      0.1710         1.00
      0.1720         1.00
      0.1730         1.00
      0.1740         1.00
      0.1750         1.00
      0.1760         1.00
      0.1770         1.00
      0.1780         1.00
      0.1790         1.00
      0.1800         1.00
      0.1810         1.00
      0.1820         1.00
      0.1830         1.00
      0.1840         1.00
      0.1850         1.00
      0.1860         1.00
      0.1870         1.00
      0.1880         1.00
      0.1890         1.00
      0.1900         1.00
      0.1910         1.00
      0.1920         1.00
      0.1930         1.00
      0.1940         1.00
      0.1950         1.00
      0.1960         1.00
      0.1970         1.00
      0.1980         1.00
      0.1990         1.00
      0.2000         1.00
      0.2010         1.00
      0.2020         1.00
      0.2030         1.00
      0.2040         1.00
      0.2050         1.00
      0.2060         1.00
      0.2070         1.00
      0.2080         1.00
      0.2090         1.00
      0.2100         1.00
      0.2110         1.00
      0.2120         1.00
      0.2130         1.00
      0.2140         1.00
      0.2150         1.00
      0.2160         1.00
      0.2170         1.00
      0.2180         1.00
      0.2190         1.00
      0.2200         1.00
      0.2210         1.00
      0.2220         1.00
      0.2230         1.00
      0.2240         1.00
      0.2250         1.00
      0.2260         1.00
      0.2270         1.00
      0.2280         1.00
      0.2290         1.00
      0.2300         1.00
      0.2310         1.00
      0.2320         1.00
      0.2330         1.00
      0.2340         1.00
      0.2350         1.00
      0.2360         1.00
      0.2370         1.00
      0.2380         1.00
      0.2390         1.00
      0.2400         1.00
      0.2410         1.00
      0.2420         1.00
      0.2430         1.00
      0.2440         1.00
      0.2450         1.00
      0.2460         1.00
      0.2470         1.00
      0.2480         1.00
      0.2490         1.00
      0.2500         1.00
      0.2510         1.00
      0.2520         1.00
      0.2530         1.00
      0.2540         1.00
      0.2550         1.00
      0.2560         1.00
      0.2570         1.00
      0.2580         1.00
      0.2590         1.00
      0.2600         1.00
      0.2610         1.00
      0.2620         1.00
      0.2630         1.00
      0.2640         1.00
      0.2650         1.00
      0.2660         1.00
      0.2670         1.00
      0.2680         1.00
      0.2690         1.00
      0.2700         1.00
      0.2710         1.00
      0.2720         1.00
      0.2730         1.00
      0.2740         1.00
      0.2750         1.00
      0.2760         1.00
      0.2770         1.00
      0.2780         1.00
      0.2790         1.00
      0.2800         1.00
      0.2810         1.00
      0.2820         1.00
      0.2830         1.00
      0.2840         1.00
      0.2850         1.00
      0.2860         1.00
      0.2870         1.00
      0.2880         1.00
      0.2890         1.00
      0.2900         1.00
      0.2910         1.00
      0.2920         1.00
      0.2930         1.00
      0.2940         1.00
      0.2950         1.00
      0.2960         1.00
      0.2970         1.00
      0.2980         1.00
      0.2990         1.00
      0.3000         1.00
      0.3010         1.00
      0.3020         1.00
      0.3030         1.00
      0.3040         1.00
      0.3050         1.00
      0.3060         1.00
      0.3070         1.00
      0.3080         1.00
      0.3090         1.00
      0.3100         1.00
      0.3110         1.00
      0.3120         1.00
      0.3130         1.00
      0.3140         1.00
      0.3150         1.00
      0.3160         1.00
      0.3170         1.00
      0.3180         1.00
      0.3190         1.00
      0.3200         1.00
      0.3210         1.00
      0.3220         1.00
      0.3230         1.00
      0.3240         1.00
      0.3250         1.00
      0.3260         1.00
      0.3270         1.00
      0.3280         1.00
      0.3290         1.00
      0.3300         1.00
      0.3310         1.00
      0.3320         1.00
      0.3330         1.00
      0.3340         1.00
      0.3350         1.00
      0.3360         1.00
      0.3370         1.00
      0.3380         1.00
      0.3390         1.00
      0.3400         1.00
      0.3410         1.00
      0.3420         1.00
      0.3430         1.00
      0.3440         1.00
      0.3450         1.00
      0.3460         1.00
      0.3470         1.00
      0.3480         1.00
      0.3490         1.00
      0.3500         1.00
      0.3510         1.00
      0.3520         1.00
      0.3530         1.00
      0.3540         1.00
      0.3550         1.00
      0.3560         1.00
      0.3570         1.00
      0.3580         1.00
      0.3590         1.00
      0.3600         1.00
      0.3610         1.00
      0.3620         1.00
      0.3630         1.00
      0.3640         1.00
      0.3650         1.00
      0.3660         1.00
      0.3670         1.00
      0.3680         1.00
      0.3690         1.00
      0.3700         1.00
      0.3710         1.00
      0.3720         1.00
      0.3730         1.00
      0.3740         1.00
      0.3750         1.00
      0.3760         1.00
      0.3770         1.00
      0.3780         1.00
      0.3790         1.00
      0.3800         1.00
      0.3810         1.00
      0.3820         1.00
      0.3830         1.00
      0.3840         1.00
      0.3850         1.00
      0.3860         1.00
      0.3870         1.00
      0.3880         1.00
      0.3890         1.00
      0.3900         1.00
      0.3910         1.00
      0.3920         1.00
      0.3930         1.00
      0.3940         1.00
      0.3950         1.00
      0.3960         1.00
      0.3970         1.00
      0.3980         1.00
      0.3990         1.00
      0.4000         1.00
      0.4010         1.00
      0.4020         1.00
      0.4030         1.00
      0.4040         1.00
      0.4050         1.00
      0.4060         1.00
      0.4070         1.00
      0.4080         1.00
      0.4090         1.00
      0.4100         1.00
      0.4110         1.00
      0.4120         1.00
      0.4130         1.00
      0.4140         1.00
      0.4150         1.00
      0.4160         1.00
      0.4170         1.00
      0.4180         1.00
      0.4190         1.00
      0.4200         1.00
      0.4210         1.00
      0.4220         1.00
      0.4230         1.00
      0.4240         1.00
      0.4250         1.00
      0.4260         1.00
      0.4270         1.00
      0.4280         1.00
      0.4290         1.00
      0.4300         1.00
      0.4310         1.00
      0.4320         1.00
      0.4330         1.00
      0.4340         1.00
      0.4350         1.00
      0.4360         1.00
      0.4370         1.00
      0.4380         1.00
      0.4390         1.00
      0.4400         1.00
      0.4410         1.00
      0.4420         1.00
      0.4430         1.00
      0.4440         1.00
      0.4450         1.00
      0.4460         1.00
      0.4470         1.00
      0.4480         1.00
      0.4490         1.00
      0.4500         1.00
      0.4510         1.00
      0.4520         1.00
      0.4530         1.00
      0.4540         1.00
      0.4550         1.00
      0.4560         1.00
      0.4570         1.00
      0.4580         1.00
      0.4590         1.00
      0.4600         1.00
      0.4610         1.00
      0.4620         1.00
      0.4630         1.00
      0.4640         1.00
      0.4650         1.00
      0.4660         1.00
      0.4670         1.00
      0.4680         1.00
      0.4690         1.00
      0.4700         1.00
      0.4710         1.00
      0.4720         1.00
      0.4730         1.00
      0.4740         1.00
      0.4750         1.00
      0.4760         1.00
      0.4770         1.00
      0.4780         1.00
      0.4790         1.00
      0.4800         1.00
      0.4810         1.00
      0.4820         1.00
      0.4830         1.00
      0.4840         1.00
      0.4850         1.00
      0.4860         1.00
      0.4870         1.00
      0.4880         1.00
      0.4890         1.00
      0.4900         1.00
      0.4910         1.00
      0.4920         1.00
      0.4930         1.00
      0.4940         1.00
      0.4950         1.00
      0.4960         1.00
      0.4970         1.00
      0.4980         1.00
      0.4990         1.00
      0.5000         1.00
      0.5010         1.00
      0.5020         1.00
      0.5030         1.00
      0.5040         1.00
      0.5050         1.00
      0.5060         1.00
      0.5070         1.00
      0.5080         1.00
      0.5090         1.00
      0.5100         1.00
      0.5110         1.00
      0.5120         1.00
      0.5130         1.00
      0.5140         1.00
      0.5150         1.00
      0.5160         1.00
      0.5170         1.00
      0.5180         1.00
      0.5190         1.00
      0.5200         1.00
      0.5210         1.00
      0.5220         1.00
      0.5230         1.00
      0.5240         1.00
      0.5250         1.00
      0.5260         1.00
      0.5270         1.00
      0.5280         1.00
      0.5290         1.00
      0.5300         1.00
      0.5310         1.00
      0.5320         1.00
      0.5330         1.00
      0.5340         1.00
      0.5350         1.00
      0.5360         1.00
      0.5370         1.00
      0.5380         1.00
      0.5390         1.00
      0.5400         1.00
      0.5410         1.00
      0.5420         1.00
      0.5430         1.00
      0.5440         1.00
      0.5450         1.00
      0.5460         1.00
      0.5470         1.00
      0.5480         1.00
      0.5490         1.00
      0.5500         1.00
      0.5510         1.00
      0.5520         1.00
      0.5530         1.00
      0.5540         1.00
      0.5550         1.00
      0.5560         1.00
      0.5570         1.00
      0.5580         1.00
      0.5590         1.00
      0.5600         1.00
      0.5610         1.00
      0.5620         1.00
      0.5630         1.00
      0.5640         1.00
      0.5650         1.00
      0.5660         1.00
      0.5670         1.00
      0.5680         1.00
      0.5690         1.00
      0.5700         1.00
      0.5710         1.00
      0.5720         1.00
      0.5730         1.00
      0.5740         1.00
      0.5750         1.00
      0.5760         1.00
      0.5770         1.00
      0.5780         1.00
      0.5790         1.00
      0.5800         1.00
      0.5810         1.00
      0.5820         1.00
      0.5830         1.00
      0.5840         1.00
      0.5850         1.00
      0.5860         1.00
      0.5870         1.00
      0.5880         1.00
      0.5890         1.00
      0.5900         1.00
      0.5910         1.00
      0.5920         1.00
      0.5930         1.00
      0.5940         1.00
      0.5950         1.00
      0.5960         1.00
      0.5970         1.00
      0.5980         1.00
      0.5990         1.00
      0.6000         1.00
      0.6010         1.00
      0.6020         1.00
      0.6030         1.00
      0.6040         1.00
      0.6050         1.00
      0.6060         1.00
      0.6070         1.00
      0.6080         1.00
      0.6090         1.00
      0.6100         1.00
      0.6110         1.00
      0.6120         1.00
      0.6130         1.00
      0.6140         1.00
      0.6150         1.00
      0.6160         1.00
      0.6170         1.00
      0.6180         1.00
      0.6190         1.00
      0.6200         1.00
      0.6210         1.00
      0.6220         1.00
      0.6230         1.00
      0.6240         1.00
      0.6250         1.00
      0.6260         1.00
      0.6270         1.00
      0.6280         1.00
      0.6290         1.00
      0.6300         1.00
      0.6310         1.00
      0.6320         1.00
      0.6330         1.00
      0.6340         1.00
      0.6350         1.00
      0.6360         1.00
      0.6370         1.00
      0.6380         1.00
      0.6390         1.00
      0.6400         1.00
      0.6410         1.00
      0.6420         1.00
      0.6430         1.00
      0.6440         1.00
      0.6450         1.00
      0.6460         1.00
      0.6470         1.00
      0.6480         1.00
      0.6490         1.00
      0.6500         1.00
      0.6510         1.00
      0.6520         1.00
      0.6530         1.00
      0.6540         1.00
      0.6550         1.00
      0.6560         1.00
      0.6570         1.00
      0.6580         1.00
      0.6590         1.00
      0.6600         1.00
      0.6610         1.00
      0.6620         1.00
      0.6630         1.00
      0.6640         1.00
      0.6650         1.00
      0.6660         1.00
      0.6670         1.00
      0.6680         1.00
      0.6690         1.00
      0.6700         1.00
      0.6710         1.00
      0.6720         1.00
      0.6730         1.00
      0.6740         1.00
      0.6750         1.00
      0.6760         1.00
      0.6770         1.00
      0.6780         1.00
      0.6790         1.00
      0.6800         1.00
      0.6810         1.00
      0.6820         1.00
      0.6830         1.00
      0.6840         1.00
      0.6850         1.00
      0.6860         1.00
      0.6870         1.00
      0.6880         1.00
      0.6890         1.00
      0.6900         1.00
      0.6910         1.00
      0.6920         1.00
      0.6930         1.00
      0.6940         1.00
      0.6950         1.00
      0.6960         1.00
      0.6970         1.00
      0.6980         1.00
      0.6990         1.00
      0.7000         1.00
      0.7010         1.00
      0.7020         1.00
      0.7030         1.00
      0.7040         1.00
      0.7050         1.00
      0.7060         1.00
      0.7070         1.00
      0.7080         1.00
      0.7090         1.00
      0.7100         1.00
      0.7110         1.00
      0.7120         1.00
      0.7130         1.00
      0.7140         1.00
      0.7150         1.00
      0.7160         1.00
      0.7170         1.00
      0.7180         1.00
      0.7190         1.00
      0.7200         1.00
      0.7210         1.00
      0.7220         1.00
      0.7230         1.00
      0.7240         1.00
      0.7250         1.00
      0.7260         1.00
      0.7270         1.00
      0.7280         1.00
      0.7290         1.00
      0.7300         1.00
      0.7310         1.00
      0.7320         1.00
      0.7330         1.00
      0.7340         1.00
      0.7350         1.00
      0.7360         1.00
      0.7370         1.00
      0.7380         1.00
      0.7390         1.00
      0.7400         1.00
      0.7410         1.00
      0.7420         1.00
      0.7430         1.00
      0.7440         1.00
      0.7450         1.00
      0.7460         1.00
      0.7470         1.00
      0.7480         1.00
      0.7490         1.00
      0.7500         1.00
      0.7510         1.00
      0.7520         1.00
      0.7530         1.00
      0.7540         1.00
      0.7550         1.00
      0.7560         1.00
      0.7570         1.00
      0.7580         1.00
      0.7590         1.00
      0.7600         1.00
      0.7610         1.00
      0.7620         1.00
      0.7630         1.00
      0.7640         1.00
      0.7650         1.00
      0.7660         1.00
      0.7670         1.00
      0.7680         1.00
      0.7690         1.00
      0.7700         1.00
      0.7710         1.00
      0.7720         1.00
      0.7730         1.00
      0.7740         1.00
      0.7750         1.00
      0.7760         1.00
      0.7770         1.00
      0.7780         1.00
      0.7790         1.00
      0.7800         1.00
      0.7810         1.00
      0.7820         1.00
      0.7830         1.00
      0.7840         1.00
      0.7850         1.00
      0.7860         1.00
      0.7870         1.00
      0.7880         1.00
      0.7890         1.00
      0.7900         1.00
      0.7910         1.00
      0.7920         1.00
      0.7930         1.00
      0.7940         1.00
      0.7950         1.00
      0.7960         1.00
      0.7970         1.00
      0.7980         1.00
      0.7990         1.00
      0.8000         1.00
      0.8010         1.00
      0.8020         1.00
      0.8030         1.00
      0.8040         1.00
      0.8050         1.22
      0.8060         1.37
      0.8070         1.93
      0.8080         2.14
      0.8090         3.00
      0.8100         3.07
      0.8110         3.15
      0.8120         3.28
      0.8130         3.32
      0.8140         3.63
      0.8150         3.51
      0.8160         2.92
      0.8170         3.45
      0.8180         3.43
      0.8190         3.50
      0.8200         3.38
      0.8210         3.31
      0.8220         2.70
      0.8230         2.72
      0.8240         2.79
      0.8250         2.64
      0.8260         2.52
      0.8270         2.39
      0.8280         2.30
      0.8290         2.08
      0.8300         2.03
      0.8310         1.49
      0.8320         1.56
      0.8330         1.60
      0.8340         1.51
      0.8350         1.56
      0.8360         1.63
      0.8370         2.24
      0.8380         2.23
      0.8390         2.27
      0.8400         2.23
      0.8410         2.41
      0.8420         3.20
      0.8430         3.29
      0.8440         3.44
      0.8450         3.60
      0.8460         3.85
      0.8470         4.06
      0.8480         4.20
      0.8490         4.31
      0.8500         4.32
      0.8510         3.87
      0.8520         4.41
      0.8530         4.63
      0.8540         4.95
      0.8550         5.12
      0.8560         5.30
      0.8570         5.40
      0.8580         5.61
      0.8590         5.68
      0.8600         5.73
      0.8610         5.63
      0.8620         5.62
      0.8630         5.60
      0.8640         5.46
      0.8650         5.49
      0.8660         5.52
      0.8670         5.64
      0.8680         5.72
      0.8690         5.76
      0.8700         5.99
      0.8710         6.22
      0.8720         6.32
      0.8730         6.27
      0.8740         6.30
      0.8750         6.39
      0.8760         6.40
      0.8770         6.42
      0.8780         6.71
      0.8790         6.89
      0.8800         7.18
      0.8810         7.59
      0.8820         7.77
      0.8830         7.95
      0.8840         8.40
      0.8850         8.56
      0.8860         8.77
      0.8870         8.83
      0.8880         9.10
      0.8890         9.57
      0.8900         9.79
      0.8910        10.02
      0.8920        10.13
      0.8930        10.40
      0.8940        10.55
      0.8950        10.67
      0.8960        10.90
      0.8970        11.11
      0.8980        10.98
      0.8990        11.16
      0.9000        11.16
      0.9010        11.19
      0.9020        11.24
      0.9030        11.44
      0.9040        11.44
      0.9050        11.64
      0.9060        11.75
      0.9070        11.86
      0.9080        11.74
      0.9090        11.67
      0.9100        11.59
      0.9110        11.55
      0.9120        11.74
      0.9130        11.85
      0.9140        11.95
      0.9150        12.21
      0.9160        12.26
      0.9170        12.52
      0.9180        12.75
      0.9190        12.85
      0.9200        13.04
      0.9210        13.19
      0.9220        13.48
      0.9230        13.52
      0.9240        13.61
      0.9250        13.85
      0.9260        13.97
      0.9270        14.16
      0.9280        14.47
      0.9290        14.75
      0.9300        15.01
      0.9310        15.29
      0.9320        15.41
      0.9330        15.53
      0.9340        15.68
      0.9350        15.80
      0.9360        15.91
      0.9370        15.84
      0.9380        16.00
      0.9390        16.14
      0.9400        16.30
      0.9410        16.34
      0.9420        16.41
      0.9430        16.62
      0.9440        16.89
      0.9450        16.81
      0.9460        16.78
      0.9470        16.91
      0.9480        16.97
      0.9490        16.96
      0.9500        17.16
      0.9510        17.13
      0.9520        17.21
      0.9530        17.26
      0.9540        17.46
      0.9550        17.42
      0.9560        17.55
      0.9570        17.73
      0.9580        17.86
      0.9590        18.03
      0.9600        18.01
      0.9610        18.14
      0.9620        18.22
      0.9630        18.45
      0.9640        18.48
      0.9650        18.83
      0.9660        19.12
      0.9670        19.38
      0.9680        19.67
      0.9690        19.85
      0.9700        19.85
      0.9710        20.17
      0.9720        20.30
      0.9730        20.59
      0.9740        20.56
      0.9750        20.75
      0.9760        20.86
      0.9770        20.99
      0.9780        21.06
      0.9790        21.22
      0.9800        21.45
      0.9810        21.63
      0.9820        21.82
      0.9830        21.78
      0.9840        21.98
      0.9850        21.82
      0.9860        21.86
      0.9870        21.89
      0.9880        21.79
      0.9890        21.87
      0.9900        22.20
      0.9910        22.15
      0.9920        22.24
      0.9930        22.29
      0.9940        22.56
      0.9950        22.58
      0.9960        22.72
      0.9970        22.85
      0.9980        23.00
      0.9990        22.92
      1.0000        23.00
      1.0010        23.11
      1.0020        23.26
      1.0030        23.52
      1.0040        23.64
      1.0050        24.08
      1.0060        24.27
      1.0070        24.51
      1.0080        24.81
      1.0090        25.14
      1.0100        25.18
      1.0110        25.33
      1.0120        25.56
      1.0130        25.70
      1.0140        25.85
      1.0150        26.24
      1.0160        26.55
      1.0170        26.69
      1.0180        26.86
      1.0190        27.06
      1.0200        27.24
      1.0210        27.30
      1.0220        27.40
      1.0230        27.43
      1.0240        27.60
      1.0250        27.64
      1.0260        27.75
      1.0270        27.83
      1.0280        27.92
      1.0290        27.86
      1.0300        27.95
      1.0310        28.01
      1.0320        28.18
      1.0330        28.28
      1.0340        28.40
      1.0350        28.34
      1.0360        28.38
      1.0370        28.59
      1.0380        28.68
      1.0390        28.87
      1.0400        29.03
      1.0410        29.18
      1.0420        29.42
      1.0430        29.52
      1.0440        29.60
      1.0450        29.74
      1.0460        29.93
      1.0470        30.16
      1.0480        30.32
      1.0490        30.46
      1.0500        30.68
      1.0510        31.08
      1.0520        31.27
      1.0530        31.35
      1.0540        31.47
      1.0550        31.51
      1.0560        31.70
      1.0570        31.66
      1.0580        31.72
      1.0590        31.71
      1.0600        31.82
      1.0610        31.99
      1.0620        32.00
      1.0630        32.10
      1.0640        32.12
      1.0650        32.19
      1.0660        32.29
      1.0670        32.34
      1.0680        32.35
      1.0690        32.46
      1.0700        32.39
      1.0710        32.36
      1.0720        32.27
      1.0730        32.54
      1.0740        32.65
      1.0750        32.64
      1.0760        32.66
      1.0770        32.90
      1.0780        33.13
      1.0790        33.38
      1.0800        33.42
      1.0810        33.51
      1.0820        33.51
      1.0830        33.75
      1.0840        33.95
      1.0850        34.03
      1.0860        34.15
      1.0870        34.41
      1.0880        34.55
      1.0890        34.92
      1.0900        35.24
      1.0910        35.51
      1.0920        35.84
      1.0930        35.95
      1.0940        36.19
      1.0950        36.61
      1.0960        36.81
      1.0970        37.09
      1.0980        37.36
      1.0990        37.62
      1.1000        38.11
      1.1010        38.29
      1.1020        38.74
      1.1030        38.87
      1.1040        38.99
      1.1050        39.27
      1.1060        39.50
      1.1070        39.50
      1.1080        39.74
      1.1090        39.94
      1.1100        40.04
      1.1110        40.05
      1.1120        40.16
      1.1130        40.38
      1.1140        40.53
      1.1150        40.60
      1.1160        40.61
      1.1170        40.52
      1.1180        40.41
      1.1190        40.44
      1.1200        40.24
      1.1210        40.38
      1.1220        40.40
      1.1230        40.38
      1.1240        40.43
      1.1250        40.42
      1.1260        40.39
      1.1270        40.39
      1.1280        40.41
      1.1290        40.31
      1.1300        40.32
      1.1310        40.23
      1.1320        40.23
      1.1330        40.09
      1.1340        39.93
      1.1350        39.96
      1.1360        40.00
      1.1370        40.15
      1.1380        40.27
      1.1390        40.22
      1.1400        40.39
      1.1410        40.37
      1.1420        40.29
      1.1430        40.45
      1.1440        40.41
      1.1450        40.38
      1.1460        40.31
      1.1470        40.34
      1.1480        40.25
      1.1490        40.17
      1.1500        40.22
      1.1510        40.20
      1.1520        40.16
      1.1530        40.12
      1.1540        40.08
      1.1550        40.21
      1.1560        40.29
      1.1570        40.17
      1.1580        40.12
      1.1590        40.08
      1.1600        40.04
      1.1610        40.01
      1.1620        40.13
      1.1630        40.21
      1.1640        40.39
      1.1650        40.59
      1.1660        40.75
      1.1670        40.86
      1.1680        41.10
      1.1690        41.23
      1.1700        41.51
      1.1710        41.90
      1.1720        42.21
      1.1730        42.53
      1.1740        42.93
      1.1750        43.09
      1.1760        43.30
      1.1770        43.48
      1.1780        43.76
      1.1790        44.17
      1.1800        44.48
      1.1810        44.81
      1.1820        45.05
      1.1830        45.24
      1.1840        45.44
      1.1850        45.49
      1.1860        45.87
      1.1870        46.12
      1.1880        46.26
      1.1890        46.45
      1.1900        46.31
      1.1910        46.33
      1.1920        46.25
      1.1930        46.19
      1.1940        46.22
      1.1950        46.15
      1.1960        46.26
      1.1970        46.27
      1.1980        46.11
      1.1990        45.98
      1.2000        45.90
      1.2010        45.82
      1.2020        45.63
      1.2030        45.44
      1.2040        45.35
      1.2050        45.40
      1.2060        45.20
      1.2070        45.11
      1.2080        45.04
      1.2090        45.04
      1.2100        45.02
      1.2110        45.07
      1.2120        45.15
      1.2130        45.24
      1.2140        45.12
      1.2150        45.26
      1.2160        45.26
      1.2170        45.40
      1.2180        45.61
      1.2190        45.71
      1.2200        45.77
      1.2210        45.92
      1.2220        46.04
      1.2230        46.21
      1.2240        46.38
      1.2250        46.40
      1.2260        46.51
      1.2270        46.63
      1.2280        46.76
      1.2290        46.91
      1.2300        47.08
      1.2310        47.19
      1.2320        47.22
      1.2330        47.42
      1.2340        47.68
      1.2350        47.81
      1.2360        48.04
      1.2370        48.30
      1.2380        48.31
      1.2390        48.56
      1.2400        48.64
      1.2410        48.78
      1.2420        48.91
      1.2430        49.05
      1.2440        49.17
      1.2450        49.34
      1.2460        49.49
      1.2470        49.67
      1.2480        49.74
      1.2490        49.67
      1.2500        49.71
      1.2510        49.75
      1.2520        49.87
      1.2530        49.90
      1.2540        49.95
      1.2550        49.92
      1.2560        49.82
      1.2570        49.87
      1.2580        50.07
      1.2590        50.11
      1.2600        50.18
      1.2610        50.33
      1.2620        50.55
      1.2630        50.49
      1.2640        50.60
      1.2650        50.64
      1.2660        50.51
      1.2670        50.55
      1.2680        50.61
      1.2690        50.88
      1.2700        51.10
      1.2710        51.06
      1.2720        51.01
      1.2730        50.94
      1.2740        50.78
      1.2750        50.69
      1.2760        50.67
      1.2770        50.51
      1.2780        50.33
      1.2790        50.21
      1.2800        50.31
      1.2810        50.09
      1.2820        49.89
      1.2830        49.96
      1.2840        49.81
      1.2850        49.87
      1.2860        49.97
      1.2870        49.95
      1.2880        50.13
      1.2890        50.04
      1.2900        49.99
      1.2910        50.11
      1.2920        50.34
      1.2930        50.46
      1.2940        50.79
      1.2950        51.10
      1.2960        51.21
      1.2970        51.45
      1.2980        51.83
      1.2990        52.11
      1.3000        52.18
      1.3010        52.42
      1.3020        52.70
      1.3030        52.93
      1.3040        53.13
      1.3050        53.32
      1.3060        53.58
      1.3070        53.79
      1.3080        53.72
      1.3090        53.82
      1.3100        54.06
      1.3110        54.29
      1.3120        54.38
      1.3130        54.59
      1.3140        54.56
      1.3150        54.55
      1.3160        54.63
      1.3170        54.65
      1.3180        54.61
      1.3190        54.53
      1.3200        54.56
      1.3210        54.49
      1.3220        54.47
      1.3230        54.44
      1.3240        54.40
      1.3250        54.31
      1.3260        54.20
      1.3270        54.03
      1.3280        54.05
      1.3290        53.97
      1.3300        53.92
      1.3310        53.84
      1.3320        53.87
      1.3330        53.73
      1.3340        53.80
      1.3350        53.83
      1.3360        53.91
      1.3370        53.85
      1.3380        53.87
      1.3390        53.75
      1.3400        53.84
      1.3410        53.99
      1.3420        53.99
      1.3430        54.00
      1.3440        54.21
      1.3450        54.28
      1.3460        54.46
      1.3470        54.59
      1.3480        54.62
      1.3490        54.73
      1.3500        54.73
      1.3510        54.70
      1.3520        54.63
      1.3530        54.70
      1.3540        54.77
      1.3550        54.79
      1.3560        54.88
      1.3570        55.04
      1.3580        55.22
      1.3590        55.38
      1.3600        55.38
      1.3610        55.51
      1.3620        55.56
      1.3630        55.53
      1.3640        55.62
      1.3650        55.70
      1.3660        55.76
      1.3670        55.97
      1.3680        56.23
      1.3690        56.43
      1.3700        56.55
      1.3710        56.81
      1.3720        57.03
      1.3730        57.14
      1.3740        57.26
      1.3750        57.38
      1.3760        57.48
      1.3770        57.60
      1.3780        57.57
      1.3790        57.88
      1.3800        58.04
      1.3810        58.11
      1.3820        58.29
      1.3830        58.55
      1.3840        58.59
      1.3850        58.80
      1.3860        58.87
      1.3870        58.80
      1.3880        58.95
      1.3890        58.96
      1.3900        58.93
      1.3910        58.91
      1.3920        58.92
      1.3930        58.96
      1.3940        58.83
      1.3950        58.83
      1.3960        58.73
      1.3970        58.40
      1.3980        58.55
      1.3990        58.32
      1.4000        58.16
      1.4010        58.11
      1.4020        57.87
      1.4030        57.83
      1.4040        57.73
      1.4050        57.62
      1.4060        57.63
      1.4070        57.49
      1.4080        57.12
      1.4090        57.06
      1.4100        57.18
      1.4110        57.15
      1.4120        57.08
      1.4130        56.97
      1.4140        57.05
      1.4150        57.06
      1.4160        57.13
      1.4170        57.49
      1.4180        57.37
      1.4190        57.52
      1.4200        57.51
      1.4210        57.47
      1.4220        57.82
      1.4230        57.83
      1.4240        57.94
      1.4250        57.97
      1.4260        58.08
      1.4270        58.29
      1.4280        58.59
      1.4290        58.74
      1.4300        58.78
      1.4310        58.90
      1.4320        59.13
      1.4330        59.34
      1.4340        59.62
      1.4350        59.88
      1.4360        60.09
      1.4370        60.17
      1.4380        60.24
      1.4390        60.40
      1.4400        60.68
      1.4410        60.75
      1.4420        60.62
      1.4430        60.70
      1.4440        60.82
      1.4450        60.98
      1.4460        60.99
      1.4470        61.17
      1.4480        61.23
      1.4490        61.37
      1.4500        61.31
      1.4510        61.27
      1.4520        61.27
      1.4530        61.29
      1.4540        61.07
      1.4550        61.01
      1.4560        60.83
      1.4570        60.88
      1.4580        60.84
      1.4590        60.75
      1.4600        60.71
      1.4610        60.84
      1.4620        61.06
      1.4630        61.02
      1.4640        60.94
      1.4650        60.84
      1.4660        60.68
      1.4670        60.55
      1.4680        60.60
      1.4690        60.43
      1.4700        60.52
      1.4710        60.70
      1.4720        60.65
      1.4730        60.67
      1.4740        60.75
      1.4750        60.64
      1.4760        60.79
      1.4770        60.67
      1.4780        60.81
      1.4790        60.74
      1.4800        60.67
      1.4810        60.67
      1.4820        60.51
      1.4830        60.62
      1.4840        60.69
      1.4850        60.73
      1.4860        60.86
      1.4870        60.77
      1.4880        60.62
      1.4890        60.74
      1.4900        60.72
      1.4910        60.46
      1.4920        60.49
      1.4930        60.49
      1.4940        60.61
      1.4950        60.62
      1.4960        60.62
      1.4970        60.78
      1.4980        60.92
      1.4990        61.12
      1.5000        61.39
      1.5010        61.47
      1.5020        61.73
      1.5030        61.97
      1.5040        62.18
      1.5050        62.32
      1.5060        62.65
      1.5070        62.91
      1.5080        63.11
      1.5090        63.25
      1.5100        63.42
      1.5110        63.77
      1.5120        63.95
      1.5130        64.20
      1.5140        64.24
      1.5150        64.57
      1.5160        64.69
      1.5170        64.75
      1.5180        64.91
      1.5190        65.11
      1.5200        65.06
      1.5210        65.15
      1.5220        64.99
      1.5230        64.77
      1.5240        64.73
      1.5250        64.72
      1.5260        64.51
      1.5270        64.37
      1.5280        64.37
      1.5290        64.10
      1.5300        63.94
      1.5310        63.80
      1.5320        63.74
      1.5330        63.60
      1.5340        63.58
      1.5350        63.48
      1.5360        63.43
      1.5370        63.47
      1.5380        63.19
      1.5390        62.96
      1.5400        62.88
      1.5410        62.76
      1.5420        62.81
      1.5430        62.93
      1.5440        62.91
      1.5450        62.93
      1.5460        62.91
      1.5470        63.00
      1.5480        62.91
      1.5490        63.05
      1.5500        63.03
      1.5510        62.94
      1.5520        62.93
      1.5530        63.00
      1.5540        62.86
      1.5550        62.78
      1.5560        62.74
      1.5570        62.69
      1.5580        62.76
      1.5590        62.66
      1.5600        62.59
      1.5610        62.70
      1.5620        62.67
      1.5630        62.44
      1.5640        62.32
      1.5650        62.20
      1.5660        62.11
      1.5670        62.07
      1.5680        61.91
      1.5690        61.79
      1.5700        61.84
      1.5710        61.94
      1.5720        61.95
      1.5730        61.95
      1.5740        62.02
      1.5750        62.03
      1.5760        61.98
      1.5770        61.94
      1.5780        61.91
      1.5790        62.03
      1.5800        62.12
      1.5810        62.00
      1.5820        62.02
      1.5830        62.21
      1.5840        62.26
      1.5850        62.35
      1.5860        62.37
      1.5870        62.34
      1.5880        62.53
      1.5890        62.77
      1.5900        62.85
      1.5910        62.92
      1.5920        62.74
      1.5930        62.61
      1.5940        62.66
      1.5950        62.51
      1.5960        62.53
      1.5970        62.45
      1.5980        62.42
      1.5990        62.33
      1.6000        62.30
      1.6010        62.25
      1.6020        62.22
      1.6030        62.08
      1.6040        61.86
      1.6050        61.63
      1.6060        61.56
      1.6070        61.46
      1.6080        61.27
      1.6090        60.91
      1.6100        60.71
      1.6110        60.51
      1.6120        60.47
      1.6130        60.33
      1.6140        60.05
      1.6150        59.96
      1.6160        59.75
      1.6170        59.40
      1.6180        59.22
      1.6190        59.14
      1.6200        58.85
      1.6210        58.60
      1.6220        58.35
      1.6230        58.29
      1.6240        58.33
      1.6250        58.39
      1.6260        58.33
      1.6270        58.31
      1.6280        58.46
      1.6290        58.54
      1.6300        58.57
      1.6310        58.54
      1.6320        58.58
      1.6330        58.56
      1.6340        58.77
      1.6350        58.87
      1.6360        58.96
      1.6370        59.17
      1.6380        59.43
      1.6390        59.36
      1.6400        59.55
      1.6410        59.78
      1.6420        59.90
      1.6430        59.87
      1.6440        59.80
      1.6450        59.82
      1.6460        59.83
      1.6470        59.84
      1.6480        59.60
      1.6490        59.55
      1.6500        59.48
      1.6510        59.47
      1.6520        59.40
      1.6530        59.32
      1.6540        59.27
      1.6550        59.13
      1.6560        59.17
      1.6570        59.09
      1.6580        58.97
      1.6590        59.08
      1.6600        58.86
      1.6610        58.90
      1.6620        58.77
      1.6630        58.67
      1.6640        58.63
      1.6650        58.47
      1.6660        58.39
      1.6670        58.38
      1.6680        58.54
      1.6690        58.62
      1.6700        58.55
      1.6710        58.50
      1.6720        58.50
      1.6730        58.50
      1.6740        58.34
      1.6750        58.24
      1.6760        58.07
      1.6770        58.08
      1.6780        57.94
      1.6790        57.81
      1.6800        57.94
      1.6810        57.69
      1.6820        57.61
      1.6830        57.50
      1.6840        57.42
      1.6850        57.35
      1.6860        57.09
      1.6870        56.82
      1.6880        56.61
      1.6890        56.33
      1.6900        56.21
      1.6910        55.98
      1.6920        55.74
      1.6930        55.65
      1.6940        55.46
      1.6950        55.38
      1.6960        55.26
      1.6970        55.06
      1.6980        54.80
      1.6990        54.58
      1.7000        54.38
      1.7010        54.30
      1.7020        54.16
      1.7030        54.04
      1.7040        53.88
      1.7050        53.68
      1.7060        53.68
      1.7070        53.68
      1.7080        53.70
      1.7090        53.64
      1.7100        53.77
      1.7110        53.72
      1.7120        53.74
      1.7130        53.70
      1.7140        53.69
      1.7150        53.76
      1.7160        53.91
      1.7170        53.95
      1.7180        53.95
      1.7190        53.97
      1.7200        53.93
      1.7210        53.81
      1.7220        53.81
      1.7230        53.81
      1.7240        53.78
      1.7250        53.86
      1.7260        53.90
      1.7270        53.85
      1.7280        53.74
      1.7290        53.69
      1.7300        53.36
      1.7310        53.19
      1.7320        53.08
      1.7330        52.97
      1.7340        53.01
      1.7350        52.87
      1.7360        52.60
      1.7370        52.55
      1.7380        52.47
      1.7390        52.45
      1.7400        52.37
      1.7410        52.41
      1.7420        52.51
      1.7430        52.57
      1.7440        52.59
      1.7450        52.55
      1.7460        52.50
      1.7470        52.46
      1.7480        52.42
      1.7490        52.61
      1.7500        52.88
      1.7510        53.07
      1.7520        53.19
      1.7530        53.20
      1.7540        53.39
      1.7550        53.41
      1.7560        53.62
      1.7570        53.53
      1.7580        53.56
      1.7590        53.52
      1.7600        53.72
      1.7610        53.71
      1.7620        53.67
      1.7630        53.71
      1.7640        53.80
      1.7650        53.79
      1.7660        53.85
      1.7670        53.97
      1.7680        53.96
      1.7690        53.92
      1.7700        53.62
      1.7710        53.50
      1.7720        53.38
      1.7730        53.34
      1.7740        53.04
      1.7750        53.03
      1.7760        52.70
      1.7770        52.65
      1.7780        52.62
      1.7790        52.46
      1.7800        52.09
      1.7810        51.96
      1.7820        51.74
      1.7830        51.38
      1.7840        51.15
      1.7850        51.03
      1.7860        50.81
      1.7870        50.52
      1.7880        50.19
      1.7890        49.87
      1.7900        49.70
      1.7910        49.51
      1.7920        49.41
      1.7930        49.25
      1.7940        49.03
      1.7950        48.77
      1.7960        48.61
      1.7970        48.47
      1.7980        48.29
      1.7990        48.21
      1.8000        48.07
      1.8010        47.91
      1.8020        47.66
      1.8030        47.72
      1.8040        47.59
      1.8050        47.35
      1.8060        47.31
      1.8070        47.06
      1.8080        47.07
      1.8090        47.02
      1.8100        46.84
      1.8110        46.81
      1.8120        46.48
      1.8130        46.26
      1.8140        46.14
      1.8150        46.01
      1.8160        46.00
      1.8170        45.67
      1.8180        45.67
      1.8190        45.65
      1.8200        45.64
      1.8210        45.58
      1.8220        45.66
      1.8230        45.31
      1.8240        45.18
      1.8250        45.03
      1.8260        44.94
      1.8270        44.83
      1.8280        44.67
      1.8290        44.64
      1.8300        44.67
      1.8310        44.55
      1.8320        44.63
      1.8330        44.70
      1.8340        44.74
      1.8350        44.63
      1.8360        44.55
      1.8370        44.73
      1.8380        44.43
      1.8390        44.18
      1.8400        44.03
      1.8410        43.95
      1.8420        43.95
      1.8430        44.08
      1.8440        44.08
      1.8450        44.14
      1.8460        43.99
      1.8470        44.09
      1.8480        44.03
      1.8490        43.64
      1.8500        43.65
      1.8510        43.60
      1.8520        43.50
      1.8530        43.30
      1.8540        43.15
      1.8550        43.14
      1.8560        42.99
      1.8570        42.61
      1.8580        42.59
      1.8590        42.47
      1.8600        42.39
      1.8610        42.20
      1.8620        41.93
      1.8630        41.73
      1.8640        41.51
      1.8650        41.33
      1.8660        41.18
      1.8670        40.97
      1.8680        40.82
      1.8690        40.96
      1.8700        40.74
      1.8710        40.56
      1.8720        40.51
      1.8730        40.36
      1.8740        40.15
      1.8750        39.91
      1.8760        39.91
      1.8770        40.06
      1.8780        39.91
      1.8790        39.77
      1.8800        39.62
      1.8810        39.38
      1.8820        39.37
      1.8830        39.27
      1.8840        39.22
      1.8850        39.19
      1.8860        39.09
      1.8870        38.92
      1.8880        38.69
      1.8890        38.48
      1.8900        38.34
      1.8910        38.18
      1.8920        37.92
      1.8930        37.88
      1.8940        37.75
      1.8950        37.68
      1.8960        37.56
      1.8970        37.47
      1.8980        37.36
      1.8990        37.32
      1.9000        37.10
      1.9010        37.18
      1.9020        36.89
      1.9030        36.63
      1.9040        36.54
      1.9050        36.36
      1.9060        36.38
      1.9070        36.31
      1.9080        36.40
      1.9090        36.19
      1.9100        36.03
      1.9110        36.03
      1.9120        35.91
      1.9130        35.68
      1.9140        35.67
      1.9150        35.64
      1.9160        35.37
      1.9170        35.21
      1.9180        35.18
      1.9190        35.06
      1.9200        35.22
      1.9210        35.10
      1.9220        35.07
      1.9230        35.11
      1.9240        34.97
      1.9250        34.87
      1.9260        34.72
      1.9270        34.61
      1.9280        34.42
      1.9290        34.43
      1.9300        34.36
      1.9310        34.05
      1.9320        34.18
      1.9330        34.13
      1.9340        34.10
      1.9350        33.88
      1.9360        33.83
      1.9370        33.55
      1.9380        33.43
      1.9390        33.17
      1.9400        32.93
      1.9410        32.61
      1.9420        32.52
      1.9430        32.35
      1.9440        32.18
      1.9450        32.02
      1.9460        31.84
      1.9470        31.76
      1.9480        31.61
      1.9490        31.52
      1.9500        31.40
      1.9510        31.47
      1.9520        31.10
      1.9530        31.09
      1.9540        30.84
      1.9550        30.73
      1.9560        30.60
      1.9570        30.59
      1.9580        30.55
      1.9590        30.57
      1.9600        30.63
      1.9610        30.84
      1.9620        30.61
      1.9630        30.64
      1.9640        30.61
      1.9650        30.60
      1.9660        30.47
      1.9670        30.44
      1.9680        30.43
      1.9690        30.28
      1.9700        30.21
      1.9710        30.13
      1.9720        30.09
      1.9730        29.98
      1.9740        30.04
      1.9750        30.02
      1.9760        29.96
      1.9770        30.01
      1.9780        29.77
      1.9790        29.69
      1.9800        29.47
      1.9810        29.27
      1.9820        29.37
      1.9830        29.11
      1.9840        28.98
      1.9850        28.71
      1.9860        28.75
      1.9870        28.58
      1.9880        28.48
      1.9890        28.42
      1.9900        28.41
      1.9910        28.21
      1.9920        28.11
      1.9930        28.01
      1.9940        27.86
      1.9950        27.90
      1.9960        27.86
      1.9970        27.74
      1.9980        27.74
      1.9990        27.60
      2.0000        27.63
      2.0010        27.54
      2.0020        27.44
      2.0030        27.56
      2.0040        27.51
      2.0050        27.57
      2.0060        27.42
      2.0070        27.38
      2.0080        27.20
      2.0090        27.07
      2.0100        26.95
      2.0110        26.81
      2.0120        26.71
      2.0130        26.63
      2.0140        26.54
      2.0150        26.32
      2.0160        26.27
      2.0170        26.22
      2.0180        26.00
      2.0190        25.95
      2.0200        25.72
      2.0210        25.60
      2.0220        25.52
      2.0230        25.24
      2.0240        25.20
      2.0250        24.97
      2.0260        24.94
      2.0270        24.96
      2.0280        24.96
      2.0290        24.87
      2.0300        24.96
      2.0310        25.15
      2.0320        25.08
      2.0330        24.93
      2.0340        24.78
      2.0350        24.69
      2.0360        24.59
      2.0370        24.37
      2.0380        24.36
      2.0390        24.33
      2.0400        24.44
      2.0410        24.43
      2.0420        24.39
      2.0430        24.39
      2.0440        24.41
      2.0450        24.61
      2.0460        24.59
      2.0470        24.70
      2.0480        24.81
      2.0490        24.88
      2.0500        24.67
      2.0510        24.58
      2.0520        24.62
      2.0530        24.66
      2.0540        24.79
      2.0550        24.75
      2.0560        24.72
      2.0570        24.74
      2.0580        24.75
      2.0590        24.68
      2.0600        24.37
      2.0610        24.43
      2.0620        24.36
      2.0630        24.27
      2.0640        24.05
      2.0650        23.97
      2.0660        23.85
      2.0670        23.46
      2.0680        23.23
      2.0690        23.06
      2.0700        22.84
      2.0710        22.59
      2.0720        22.60
      2.0730        22.45
      2.0740        22.27
      2.0750        22.09
      2.0760        21.78
      2.0770        21.66
      2.0780        21.60
      2.0790        21.42
      2.0800        21.57
      2.0810        21.37
      2.0820        21.21
      2.0830        21.29
      2.0840        21.40
      2.0850        21.27
      2.0860        21.33
      2.0870        21.38
      2.0880        21.44
      2.0890        21.50
      2.0900        21.46
      2.0910        21.55
      2.0920        21.34
      2.0930        21.43
      2.0940        21.30
      2.0950        21.35
      2.0960        21.43
      2.0970        21.27
      2.0980        21.12
      2.0990        21.08
      2.1000        20.86
      2.1010        20.86
      2.1020        20.93
      2.1030        20.87
      2.1040        20.72
      2.1050        20.69
      2.1060        20.31
      2.1070        20.11
      2.1080        19.86
      2.1090        19.70
      2.1100        19.56
      2.1110        19.41
      2.1120        19.36
      2.1130        19.21
      2.1140        19.37
      2.1150        19.27
      2.1160        19.12
      2.1170        19.15
      2.1180        19.11
      2.1190        19.20
      2.1200        19.19
      2.1210        19.07
      2.1220        18.96
      2.1230        18.80
      2.1240        18.69
      2.1250        18.65
      2.1260        18.72
      2.1270        18.85
      2.1280        18.84
      2.1290        18.66
      2.1300        18.96
      2.1310        18.91
      2.1320        18.96
      2.1330        18.85
      2.1340        18.65
      2.1350        18.69
      2.1360        18.80
      2.1370        18.96
      2.1380        18.97
      2.1390        18.82
      2.1400        18.82
      2.1410        18.71
      2.1420        18.49
      2.1430        18.51
      2.1440        18.48
      2.1450        18.29
      2.1460        18.15
      2.1470        17.95
      2.1480        17.84
      2.1490        17.96
      2.1500        17.68
      2.1510        17.57
      2.1520        17.48
      2.1530        17.48
      2.1540        17.34
      2.1550        17.19
      2.1560        17.07
      2.1570        16.91
      2.1580        16.91
      2.1590        16.78
      2.1600        16.59
      2.1610        16.58
      2.1620        16.74
      2.1630        16.67
      2.1640        16.53
      2.1650        16.45
      2.1660        16.54
      2.1670        16.70
      2.1680        16.65
      2.1690        16.61
      2.1700        16.61
      2.1710        16.55
      2.1720        16.45
      2.1730        16.37
      2.1740        16.44
      2.1750        16.36
      2.1760        16.43
      2.1770        16.41
      2.1780        16.36
      2.1790        16.52
      2.1800        16.54
      2.1810        16.45
      2.1820        16.22
      2.1830        16.12
      2.1840        16.07
      2.1850        16.01
      2.1860        15.94
      2.1870        15.63
      2.1880        15.56
      2.1890        15.51
      2.1900        15.39
      2.1910        15.48
      2.1920        15.29
      2.1930        15.36
      2.1940        15.17
      2.1950        15.11
      2.1960        15.07
      2.1970        15.04
      2.1980        14.97
      2.1990        14.72
      2.2000        14.56
      2.2010        14.72
      2.2020        14.72
      2.2030        14.73
      2.2040        14.88
      2.2050        14.91
      2.2060        14.85
      2.2070        14.89
      2.2080        15.11
      2.2090        14.99
      2.2100        15.07
      2.2110        15.11
      2.2120        15.26
      2.2130        15.04
      2.2140        15.18
      2.2150        15.24
      2.2160        15.13
      2.2170        15.08
      2.2180        15.08
      2.2190        15.17
      2.2200        15.33
      2.2210        15.24
      2.2220        15.24
      2.2230        15.17
      2.2240        14.92
      2.2250        14.86
      2.2260        14.64
      2.2270        14.53
      2.2280        14.42
      2.2290        14.33
      2.2300        14.27
      2.2310        14.06
      2.2320        14.06
      2.2330        14.19
      2.2340        14.17
      2.2350        13.94
      2.2360        13.91
      2.2370        13.79
      2.2380        13.62
      2.2390        13.43
      2.2400        13.23
      2.2410        13.19
      2.2420        13.07
      2.2430        12.99
      2.2440        13.05
      2.2450        13.12
      2.2460        13.28
      2.2470        13.28
      2.2480        13.20
      2.2490        13.36
      2.2500        13.36
      2.2510        13.42
      2.2520        13.27
      2.2530        13.21
      2.2540        13.19
      2.2550        13.37
      2.2560        13.48
      2.2570        13.51
      2.2580        13.55
      2.2590        13.68
      2.2600        13.76
      2.2610        13.63
      2.2620        13.80
      2.2630        13.86
      2.2640        13.86
      2.2650        13.86
      2.2660        13.67
      2.2670        13.59
      2.2680        13.53
      2.2690        13.33
      2.2700        13.39
      2.2710        13.27
      2.2720        13.28
      2.2730        13.04
      2.2740        12.88
      2.2750        12.88
      2.2760        12.76
      2.2770        12.64
      2.2780        12.56
      2.2790        12.38
      2.2800        12.26
      2.2810        12.19
      2.2820        12.09
      2.2830        11.94
      2.2840        11.92
      2.2850        11.65
      2.2860        11.70
      2.2870        11.79
      2.2880        11.78
      2.2890        11.86
      2.2900        11.71
      2.2910        11.73
      2.2920        11.68
      2.2930        11.92
      2.2940        12.04
      2.2950        12.08
      2.2960        11.96
      2.2970        11.94
      2.2980        11.88
      2.2990        12.00
      2.3000        12.19
      2.3010        12.17
      2.3020        12.13
      2.3030        12.18
      2.3040        12.16
      2.3050        12.17
      2.3060        12.26
      2.3070        12.13
      2.3080        12.09
      2.3090        12.06
      2.3100        11.98
      2.3110        11.99
      2.3120        11.88
      2.3130        11.73
      2.3140        11.58
      2.3150        11.35
      2.3160        11.32
      2.3170        11.40
      2.3180        11.40
      2.3190        11.22
      2.3200        11.01
      2.3210        11.03
      2.3220        11.00
      2.3230        10.91
      2.3240        10.72
      2.3250        10.84
      2.3260        10.55
      2.3270        10.61
      2.3280        10.56
      2.3290        10.49
      2.3300        10.48
      2.3310        10.45
      2.3320        10.46
      2.3330        10.56
      2.3340        10.50
      2.3350        10.68
      2.3360        10.71
      2.3370        10.76
      2.3380        10.87
      2.3390        11.01
      2.3400        11.04
      2.3410        10.96
      2.3420        10.96
      2.3430        10.97
      2.3440        11.16
      2.3450        11.15
      2.3460        11.27
      2.3470        11.25
      2.3480        11.41
      2.3490        11.37
      2.3500        11.30
      2.3510        11.08
      2.3520        11.12
      2.3530        10.91
      2.3540        10.86
      2.3550        10.63
      2.3560        10.51
      2.3570        10.27
      2.3580        10.07
      2.3590         9.99
      2.3600         9.85
      2.3610         9.88
      2.3620         9.86
      2.3630         9.79
      2.3640         9.71
      2.3650         9.59
      2.3660         9.55
      2.3670         9.47
      2.3680         9.41
      2.3690         9.38
      2.3700         9.51
      2.3710         9.69
      2.3720         9.67
      2.3730         9.78
      2.3740         9.81
      2.3750         9.97
      2.3760        10.09
      2.3770        10.17
      2.3780        10.29
      2.3790        10.30
      2.3800        10.44
      2.3810        10.49
      2.3820        10.57
      2.3830        10.58
      2.3840        10.54
      2.3850        10.52
      2.3860        10.64
      2.3870        10.74
      2.3880        10.70
      2.3890        10.78
      2.3900        10.64
      2.3910        10.56
      2.3920        10.50
      2.3930        10.40
      2.3940        10.47
      2.3950        10.27
      2.3960        10.16
      2.3970        10.09
      2.3980         9.99
      2.3990         9.96
      2.4000         9.88
      2.4010         9.92
      2.4020         9.67
      2.4030         9.74
      2.4040         9.70
      2.4050         9.62
      2.4060         9.54
      2.4070         9.43
      2.4080         9.26
      2.4090         9.21
      2.4100         9.14
      2.4110         9.18
      2.4120         9.15
      2.4130         9.19
      2.4140         9.26
      2.4150         9.21
      2.4160         9.25
      2.4170         9.35
      2.4180         9.38
      2.4190         9.50
      2.4200         9.49
      2.4210         9.38
      2.4220         9.41
      2.4230         9.30
      2.4240         9.37
      2.4250         9.34
      2.4260         9.32
      2.4270         9.33
      2.4280         9.41
      2.4290         9.42
      2.4300         9.38
      2.4310         9.33
      2.4320         9.34
      2.4330         9.23
      2.4340         9.02
      2.4350         8.97
      2.4360         8.84
      2.4370         8.84
      2.4380         8.76
      2.4390         8.57
      2.4400         8.47
      2.4410         8.33
      2.4420         8.32
      2.4430         8.22
      2.4440         8.04
      2.4450         8.06
      2.4460         8.06
      2.4470         8.08
      2.4480         7.95
      2.4490         7.82
      2.4500         7.92
      2.4510         7.98
      2.4520         7.94
      2.4530         7.88
      2.4540         7.92
      2.4550         8.05
      2.4560         8.06
      2.4570         7.97
      2.4580         8.04
      2.4590         8.14
      2.4600         8.28
      2.4610         8.41
      2.4620         8.47
      2.4630         8.51
      2.4640         8.67
      2.4650         8.77
      2.4660         8.64
      2.4670         8.52
      2.4680         8.52
      2.4690         8.50
      2.4700         8.61
      2.4710         8.50
      2.4720         8.46
      2.4730         8.53
      2.4740         8.47
      2.4750         8.27
      2.4760         8.27
      2.4770         8.14
      2.4780         8.14
      2.4790         7.98
      2.4800         7.81
      2.4810         7.62
      2.4820         7.56
      2.4830         7.40
      2.4840         7.19
      2.4850         7.16
      2.4860         7.22
      2.4870         7.22
      2.4880         7.18
      2.4890         7.19
      2.4900         7.04
      2.4910         7.14
      2.4920         7.06
      2.4930         6.88
      2.4940         6.80
      2.4950         6.96
      2.4960         6.79
      2.4970         6.81
      2.4980         6.77
      2.4990         6.72
      2.5000         6.79
      2.5010         6.85
      2.5020         6.80
      2.5030         7.07
      2.5040         7.12
      2.5050         7.13
      2.5060         7.16
      2.5070         7.21
      2.5080         7.31
      2.5090         7.16
      2.5100         7.03
      2.5110         6.97
      2.5120         6.94
      2.5130         7.09
      2.5140         7.16
      2.5150         6.90
      2.5160         6.90
      2.5170         6.74
      2.5180         6.62
      2.5190         6.57
      2.5200         6.57
      2.5210         6.47
      2.5220         6.50
      2.5230         6.33
      2.5240         6.19
      2.5250         5.97
      2.5260         5.76
      2.5270         5.71
      2.5280         5.50
      2.5290         5.52
      2.5300         5.47
      2.5310         5.34
      2.5320         5.37
      2.5330         5.19
      2.5340         5.14
      2.5350         5.25
      2.5360         5.30
      2.5370         5.29
      2.5380         5.17
      2.5390         5.15
      2.5400         4.59
      2.5410         4.62
      2.5420         4.63
      2.5430         4.55
      2.5440         4.59
      2.5450         5.10
      2.5460         5.11
      2.5470         4.55
      2.5480         5.18
      2.5490         5.23
      2.5500         5.30
      2.5510         5.28
      2.5520         5.28
      2.5530         5.32
      2.5540         5.27
      2.5550         5.20
      2.5560         5.20
      2.5570         5.37
      2.5580         5.47
      2.5590         5.40
      2.5600         5.33
      2.5610         5.28
      2.5620         5.31
      2.5630         5.37
      2.5640         5.25
      2.5650         5.22
      2.5660         5.31
      2.5670         5.28
      2.5680         5.11
      2.5690         4.85
      2.5700         4.78
      2.5710         4.74
      2.5720         4.69
      2.5730         4.70
      2.5740         4.58
      2.5750         4.69
      2.5760         4.65
      2.5770         4.53
      2.5780         4.51
      2.5790         4.49
      2.5800         4.56
      2.5810         4.49
      2.5820         4.49
      2.5830         4.60
      2.5840         4.72
      2.5850         4.68
      2.5860         4.60
      2.5870         4.55
      2.5880         4.78
      2.5890         4.96
      2.5900         5.00
      2.5910         4.95
      2.5920         4.89
      2.5930         4.81
      2.5940         4.85
      2.5950         4.65
      2.5960         4.58
      2.5970         4.50
      2.5980         4.46
      2.5990         4.45
      2.6000         4.22
      2.6010         4.39
      2.6020         4.29
      2.6030         4.07
      2.6040         4.02
      2.6050         3.43
      2.6060         3.26
      2.6070         3.66
      2.6080         2.97
      2.6090         2.85
      2.6100         2.79
      2.6110         2.80
      2.6120         2.75
      2.6130         3.35
      2.6140         3.39
      2.6150         3.50
      2.6160         3.55
      2.6170         3.54
      2.6180         3.50
      2.6190         3.65
      2.6200         3.74
      2.6210         3.50
      2.6220         2.90
      2.6230         2.97
      2.6240         3.39
      2.6250         3.55
      2.6260         3.77
      2.6270         3.82
      2.6280         3.85
      2.6290         3.38
      2.6300         3.42
      2.6310         3.31
      2.6320         3.28
      2.6330         3.16
      2.6340         3.11
      2.6350         3.01
      2.6360         3.05
      2.6370         3.12
      2.6380         3.17
      2.6390         3.09
      2.6400         3.10
      2.6410         3.09
      2.6420         3.18
      2.6430         3.03
      2.6440         2.91
      2.6450         2.70
      2.6460         2.55
      2.6470         2.39
      2.6480         1.72
      2.6490         1.72
      2.6500         1.64
      2.6510         1.57
      2.6520         2.18
      2.6530         2.06
      2.6540         1.99
      2.6550         1.99
      2.6560         1.44
      2.6570         1.47
      2.6580         1.41
      2.6590         1.36
      2.6600         1.24
      2.6610         1.24
      2.6620         1.11
      2.6630         1.17
      2.6640         2.42
      2.6650         1.87
      2.6660         1.98
      2.6670         2.10
      2.6680         2.16
      2.6690         2.12
      2.6700         2.08
      2.6710         2.21
      2.6720         2.16
      2.6730         2.13
      2.6740         2.13
      2.6750         2.07
      2.6760         2.02
      2.6770         1.43
      2.6780         1.43
      2.6790         1.39
      2.6800         1.40
      2.6810         1.42
      2.6820         1.86
      2.6830         1.91
      2.6840         1.83
      2.6850         1.91
      2.6860         1.76
      2.6870         1.36
      2.6880         1.79
      2.6890         1.29
      2.6900         1.83
      2.6910         1.00
      2.6920         1.00
      2.6930         1.25
      2.6940         1.24
      2.6950         1.24
      2.6960         1.23
      2.6970         1.25
      2.6980         1.17
      2.6990         1.20
      2.7000         1.23
      2.7010         1.24
      2.7020         1.19
      2.7030         1.08
      2.7040         1.00
      2.7050         1.00
      2.7060         1.00
      2.7070         1.00
      2.7080         1.00
      2.7090         1.00
      2.7100         1.00
      2.7110         1.00
      2.7120         1.00
      2.7130         1.15
      2.7140         1.27
      2.7150         1.41
      2.7160         1.45
      2.7170         1.43
      2.7180         1.50
      2.7190         1.43
      2.7200         1.98
      2.7210         1.97
      2.7220         2.06
      2.7230         2.03
      2.7240         1.58
      2.7250         2.05
      2.7260         1.98
      2.7270         1.89
      2.7280         1.95
      2.7290         1.85
      2.7300         1.33
      2.7310         1.24
      2.7320         1.00
      2.7330         1.13
      2.7340         1.00
      2.7350         1.00
      2.7360         1.00
      2.7370         1.00
      2.7380         1.00
      2.7390         1.00
      2.7400         1.00
      2.7410         1.00
      2.7420         1.00
      2.7430         1.00
      2.7440         1.00
      2.7450         1.00
      2.7460         1.00
      2.7470         1.00
      2.7480         1.00
      2.7490         1.00
      2.7500         1.00
      2.7510         1.00
      2.7520         1.00
      2.7530         1.00
      2.7540         1.00
      2.7550         1.00
      2.7560         1.00
      2.7570         1.00
      2.7580         1.00
      2.7590         1.00
      2.7600         1.00
      2.7610         1.00
      2.7620         1.00
      2.7630         1.00
      2.7640         1.00
      2.7650         1.00
      2.7660         1.00
      2.7670         1.00
      2.7680         1.00
      2.7690         1.00
      2.7700         1.00
      2.7710         1.00
      2.7720         1.00
      2.7730         1.00
      2.7740         1.00
      2.7750         1.00
      2.7760         1.00
      2.7770         1.00
      2.7780         1.00
      2.7790         1.00
      2.7800         1.00
      2.7810         1.00
      2.7820         1.00
      2.7830         1.00
      2.7840         1.00
      2.7850         1.00
      2.7860         1.00
      2.7870         1.00
      2.7880         1.00
      2.7890         1.00
      2.7900         1.00
      2.7910         1.00
      2.7920         1.00
      2.7930         1.00
      2.7940         1.00
      2.7950         1.00
      2.7960         1.00
      2.7970         1.00
      2.7980         1.00
      2.7990         1.00
      2.8000         1.00
      2.8010         1.45
      2.8020         1.44
      2.8030         1.00
      2.8040         1.49
      2.8050         1.47
      2.8060         1.51
      2.8070         1.52
      2.8080         1.56
      2.8090         1.54
      2.8100         1.56
      2.8110         1.52
      2.8120         1.48
      2.8130         1.00
      2.8140         1.00
      2.8150         1.00
      2.8160         1.00
      2.8170         1.00
      2.8180         1.00
      2.8190         1.00
      2.8200         1.00
      2.8210         1.00
      2.8220         1.00
      2.8230         1.00
      2.8240         1.00
      2.8250         1.00
      2.8260         1.00
      2.8270         1.09
      2.8280         1.00
      2.8290         1.00
      2.8300         1.00
      2.8310         1.00
      2.8320         1.00
      2.8330         1.00
      2.8340         1.00
      2.8350         1.00
      2.8360         1.00
      2.8370         1.00
      2.8380         1.00
      2.8390         1.00
      2.8400         1.01
      2.8410         1.00
      2.8420         1.00
      2.8430         1.00
      2.8440         1.11
      2.8450         1.16
      2.8460         1.26
      2.8470         1.63
      2.8480         1.11
      2.8490         1.00
      2.8500         1.00
      2.8510         1.07
      2.8520         1.00
      2.8530         1.00
      2.8540         1.00
      2.8550         1.00
      2.8560         1.00
      2.8570         1.00
      2.8580         1.00
      2.8590         1.00
      2.8600         1.00
      2.8610         1.00
      2.8620         1.00
      2.8630         1.00
      2.8640         1.00
      2.8650         1.00
      2.8660         1.00
      2.8670         1.00
      2.8680         1.00
      2.8690         1.00
      2.8700         1.00
      2.8710         1.00
      2.8720         1.00
      2.8730         1.00
      2.8740         1.00
      2.8750         1.00
      2.8760         1.00
      2.8770         1.00
      2.8780         1.00
      2.8790         1.00
      2.8800         1.00
      2.8810         1.00
      2.8820         1.00
      2.8830         1.00
      2.8840         1.20
      2.8850         1.29
      2.8860         1.00
      2.8870         1.00
      2.8880         1.00
      2.8890         1.00
      2.8900         1.00
      2.8910         1.00
      2.8920         1.00
      2.8930         1.00
      2.8940         1.00
      2.8950         1.00
      2.8960         1.00
      2.8970         1.00
      2.8980         1.00
      2.8990         1.00
      2.9000         1.00
      2.9010         1.00
      2.9020         1.00
      2.9030         1.00
      2.9040         1.00
      2.9050         1.00
      2.9060         1.00
      2.9070         1.00
      2.9080         1.00
      2.9090         1.00
      2.9100         1.00
      2.9110         1.00
      2.9120         1.00
      2.9130         1.00
      2.9140         1.00
      2.9150         1.14
      2.9160         1.15
      2.9170         1.30
      2.9180         1.34
      2.9190         1.55
      2.9200         1.47
      2.9210         1.40
      2.9220         1.43
      2.9230         1.43
      2.9240         1.48
      2.9250         1.55
      2.9260         1.58
      2.9270         1.58
      2.9280         1.64
      2.9290         1.54
      2.9300         1.46
      2.9310         1.41
      2.9320         1.00
      2.9330         1.00
      2.9340         1.00
      2.9350         1.00
      2.9360         1.00
      2.9370         1.00
      2.9380         1.00
      2.9390         1.00
      2.9400         1.00
      2.9410         1.00
      2.9420         1.00
      2.9430         1.00
      2.9440         1.00
      2.9450         1.00
      2.9460         1.00
      2.9470         1.00
      2.9480         1.00
      2.9490         1.00
      2.9500         1.00
      2.9510         1.00
      2.9520         1.00
      2.9530         1.00
      2.9540         1.00
      2.9550         1.00
      2.9560         1.00
      2.9570         1.00
      2.9580         1.00
      2.9590         1.00
      2.9600         1.00
      2.9610         1.28
      2.9620         1.30
      2.9630         1.37
      2.9640         1.30
      2.9650         1.00
      2.9660         1.26
      2.9670         1.35
      2.9680         1.39
      2.9690         1.39
      2.9700         1.34
      2.9710         1.81
      2.9720         1.22
      2.9730         1.07
      2.9740         1.11
      2.9750         1.00
      2.9760         1.00
      2.9770         1.00
      2.9780         1.00
      2.9790         1.00
      2.9800         1.00
      2.9810         1.00
      2.9820         1.00
      2.9830         1.00
      2.9840         1.00
      2.9850         1.00
      2.9860         1.00
      2.9870         1.00
      2.9880         1.02
      2.9890         1.07
      2.9900         1.02
      2.9910         1.00
      2.9920         1.20
      2.9930         1.28
      2.9940         1.31
      2.9950         1.42
      2.9960         1.30
      2.9970         1.39
      2.9980         1.34
      2.9990         1.92
