        Time   Palpation Force
      0.0000         1.00
      0.0010         1.00
      0.0020         1.00
      0.0030         1.00
      0.0040         1.00
      0.0050         1.00
      0.0060         1.00
      0.0070         1.00
      0.0080         1.00
      0.0090         1.00
      0.0100         1.00
      0.0110         1.00
      0.0120         1.00
      0.0130         1.00
      0.0140         1.00
      0.0150         1.00
      0.0160         1.00
      0.0170         1.00
      0.0180         1.00
      0.0190         1.00
      0.0200         1.00
      0.0210         1.00
      0.0220         1.00
      0.0230         1.00
      0.0240         1.00
      0.0250         1.00
      0.0260         1.00
      0.0270         1.00
      0.0280         1.00
      0.0290         1.00
      0.0300         1.00
      0.0310         1.00
      0.0320         1.00
      0.0330         1.00
      0.0340         1.00
      0.0350         1.00
      0.0360         1.00
      0.0370         1.00
      0.0380         1.00
      0.0390         1.00
      0.0400         1.00
      0.0410         1.00
      0.0420         1.00
      0.0430         1.00
      0.0440         1.00
      0.0450         1.00
      0.0460         1.00
      0.0470         1.00
      0.0480         1.00
      0.0490         1.00
      0.0500         1.00
      0.0510         1.00
      0.0520         1.00
      0.0530         1.00
      0.0540         1.00
      0.0550         1.00
      0.0560         1.00
      0.0570         1.00
      0.0580         1.00
      0.0590         1.00
      0.0600         1.00
      0.0610         1.00
      0.0620         1.00
      0.0630         1.00
      0.0640         1.00
      0.0650         1.00
      0.0660         1.00
      0.0670         1.00
      0.0680         1.00
      0.0690         1.00
      0.0700         1.00
      0.0710         1.00
      0.0720         1.00
      0.0730         1.00
      0.0740         1.00
      0.0750         1.00
      0.0760         1.00
      0.0770         1.00
      0.0780         1.00
      0.0790         1.00
      0.0800         1.00
      0.0810         1.00
      0.0820         1.00
      0.0830         1.00
      0.0840         1.00
      0.0850         1.00
      0.0860         1.00
      0.0870         1.00
      0.0880         1.00
      0.0890         1.00
      0.0900         1.00
      0.0910         1.00
      0.0920         1.00
      0.0930         1.00
      0.0940         1.00
      0.0950         1.00
      0.0960         1.00
      0.0970         1.00
      0.0980         1.00
      0.0990         1.00
      0.1000         1.00
      0.1010         1.00
      0.1020         1.00
      0.1030         1.00
      0.1040         1.00
      0.1050         1.00
      0.1060         1.00
      0.1070         1.00
      0.1080         1.00
      0.1090         1.00
      0.1100         1.00
      0.1110         1.00
      0.1120         1.00
      0.1130         1.00
      0.1140         1.00
      0.1150         1.00
      0.1160         1.00
      0.1170         1.00
      0.1180         1.00
      0.1190         1.00
      0.1200         1.00
      0.1210         1.00
      0.1220         1.00
      0.1230         1.00
      0.1240         1.00
      0.1250         1.00
      0.1260         1.00
      0.1270         1.00
      0.1280         1.00
      0.1290         1.00
      0.1300         1.00
      0.1310         1.00
      0.1320         1.00
      0.1330         1.00
      0.1340         1.00
      0.1350         1.00
      0.1360         1.00
      0.1370         1.00
      0.1380         1.00
      0.1390         1.00
      0.1400         1.00
      0.1410         1.00
      0.1420         1.00
      0.1430         1.00
      0.1440         1.00
      0.1450         1.00
      0.1460         1.00
      0.1470         1.00
      0.1480         1.00
      0.1490         1.00
      0.1500         1.00
      0.1510         1.00
      0.1520         1.00
      0.1530         1.00
      0.1540         1.00
      0.1550         1.00
      0.1560         1.00
      0.1570         1.00
      0.1580         1.00
      0.1590         1.00
      0.1600         1.00
      0.1610         1.00
      0.1620         1.00
      0.1630         1.00
      0.1640         1.00
      0.1650         1.00
      0.1660         1.00
      0.1670         1.00
      0.1680         1.00
      0.1690         1.00
      0.1700         1.00
      0.1710         1.00
      0.1720         1.00
      0.1730         1.00
      0.1740         1.00
      0.1750         1.00
      0.1760         1.00
      0.1770         1.00
      0.1780         1.00
      0.1790         1.00
      0.1800         1.00
      0.1810         1.00
      0.1820         1.00
      0.1830         1.00
      0.1840         1.00
      0.1850         1.00
      0.1860         1.00
      0.1870         1.00
      0.1880         1.00
      0.1890         1.00
      0.1900         1.00
      0.1910         1.00
      0.1920         1.00
      0.1930         1.00
      0.1940         1.00
      0.1950         1.00
      0.1960         1.00
      0.1970         1.00
      0.1980         1.00
      0.1990         1.00
      0.2000         1.00
      0.2010         1.00
      0.2020         1.00
      0.2030         1.00
      0.2040         1.00
      0.2050         1.00
      0.2060         1.00
      0.2070         1.00
      0.2080         1.00
      0.2090         1.00
      0.2100         1.00
      0.2110         1.00
      0.2120         1.00
      0.2130         1.00
      0.2140         1.00
      0.2150         1.00
      0.2160         1.00
      0.2170         1.00
      0.2180         1.00
      0.2190         1.00
      0.2200         1.00
      0.2210         1.00
      0.2220         1.00
      0.2230         1.00
      0.2240         1.00
      0.2250         1.00
      0.2260         1.00
      0.2270         1.00
      0.2280         1.00
      0.2290         1.00
      0.2300         1.00
      0.2310         1.00
      0.2320         1.00
      0.2330         1.00
      0.2340         1.00
      0.2350         1.00
      0.2360         1.00
      0.2370         1.00
      0.2380         1.00
      0.2390         1.00
      0.2400         1.00
      0.2410         1.00
      0.2420         1.00
      0.2430         1.00
      0.2440         1.00
      0.2450         1.00
      0.2460         1.00
      0.2470         1.00
      0.2480         1.00
      0.2490         1.00
      0.2500         1.00
      0.2510         1.00
      0.2520         1.00
      0.2530         1.00
      0.2540         1.00
      0.2550         1.00
      0.2560         1.00
      0.2570         1.00
      0.2580         1.00
      0.2590         1.00
      0.2600         1.00
      0.2610         1.00
      0.2620         1.00
      0.2630         1.00
      0.2640         1.00
      0.2650         1.00
      0.2660         1.00
      0.2670         1.00
      0.2680         1.00
      0.2690         1.00
      0.2700         1.00
      0.2710         1.00
      0.2720         1.00
      0.2730         1.00
      0.2740         1.00
      0.2750         1.00
      0.2760         1.00
      0.2770         1.00
      0.2780         1.00
      0.2790         1.00
      0.2800         1.00
      0.2810         1.00
      0.2820         1.00
      0.2830         1.00
      0.2840         1.00
      0.2850         1.00
      0.2860         1.00
      0.2870         1.00
      0.2880         1.00
      0.2890         1.00
      0.2900         1.00
      0.2910         1.00
      0.2920         1.00
      0.2930         1.00
      0.2940         1.00
      0.2950         1.00
      0.2960         1.00
      0.2970         1.00
      0.2980         1.00
      0.2990         1.00
      0.3000         1.00
      0.3010         1.00
      0.3020         1.00
      0.3030         1.00
      0.3040         1.00
      0.3050         1.00
      0.3060         1.00
      0.3070         1.00
      0.3080         1.00
      0.3090         1.00
      0.3100         1.00
      0.3110         1.00
      0.3120         1.00
      0.3130         1.00
      0.3140         1.00
      0.3150         1.00
      0.3160         1.00
      0.3170         1.00
      0.3180         1.00
      0.3190         1.00
      0.3200         1.00
      0.3210         1.00
      0.3220         1.00
      0.3230         1.00
      0.3240         1.00
      0.3250         1.00
      0.3260         1.00
      0.3270         1.00
      0.3280         1.00
      0.3290         1.00
      0.3300         1.00
      0.3310         1.00
      0.3320         1.00
      0.3330         1.00
      0.3340         1.00
      0.3350         1.00
      0.3360         1.00
      0.3370         1.00
      0.3380         1.00
      0.3390         1.00
      0.3400         1.00
      0.3410         1.00
      0.3420         1.00
      0.3430         1.00
      0.3440         1.00
      0.3450         1.00
      0.3460         1.00
      0.3470         1.00
      0.3480         1.00
      0.3490         1.00
      0.3500         1.00
      0.3510         1.00
      0.3520         1.00
      0.3530         1.00
      0.3540         1.00
      0.3550         1.00
      0.3560         1.00
      0.3570         1.00
      0.3580         1.00
      0.3590         1.00
      0.3600         1.00
      0.3610         1.00
      0.3620         1.00
      0.3630         1.00
      0.3640         1.00
      0.3650         1.00
      0.3660         1.00
      0.3670         1.00
      0.3680         1.00
      0.3690         1.00
      0.3700         1.00
      0.3710         1.00
      0.3720         1.00
      0.3730         1.00
      0.3740         1.00
      0.3750         1.00
      0.3760         1.00
      0.3770         1.00
      0.3780         1.00
      0.3790         1.00
      0.3800         1.00
      0.3810         1.00
      0.3820         1.00
      0.3830         1.00
      0.3840         1.00
      0.3850         1.00
      0.3860         1.00
      0.3870         1.00
      0.3880         1.00
      0.3890         1.00
      0.3900         1.00
      0.3910         1.00
      0.3920         1.00
      0.3930         1.00
      0.3940         1.00
      0.3950         1.00
      0.3960         1.00
      0.3970         1.00
      0.3980         1.00
      0.3990         1.00
      0.4000         1.00
      0.4010         1.00
      0.4020         1.00
      0.4030         1.00
      0.4040         1.00
      0.4050         1.00
      0.4060         1.00
      0.4070         1.00
      0.4080         1.00
      0.4090         1.00
      0.4100         1.00
      0.4110         1.00
      0.4120         1.00
      0.4130         1.00
      0.4140         1.00
      0.4150         1.00
      0.4160         1.00
      0.4170         1.00
      0.4180         1.00
      0.4190         1.00
      0.4200         1.00
      0.4210         1.00
      0.4220         1.00
      0.4230         1.00
      0.4240         1.00
      0.4250         1.00
      0.4260         1.00
      0.4270         1.00
      0.4280         1.00
      0.4290         1.00
      0.4300         1.00
      0.4310         1.00
      0.4320         1.00
      0.4330         1.00
      0.4340         1.00
      0.4350         1.00
      0.4360         1.00
      0.4370         1.00
      0.4380         1.00
      0.4390         1.00
      0.4400         1.00
      0.4410         1.00
      0.4420         1.00
      0.4430         1.00
      0.4440         1.00
      0.4450         1.00
      0.4460         1.00
      0.4470         1.00
      0.4480         1.00
      0.4490         1.00
      0.4500         1.00
      0.4510         1.00
      0.4520         1.00
      0.4530         1.00
      0.4540         1.00
      0.4550         1.00
      0.4560         1.00
      0.4570         1.00
      0.4580         1.00
      0.4590         1.00
      0.4600         1.00
      0.4610         1.00
      0.4620         1.00
      0.4630         1.00
      0.4640         1.00
      0.4650         1.00
      0.4660         1.00
      0.4670         1.00
      0.4680         1.00
      0.4690         1.00
      0.4700         1.00
      0.4710         1.00
      0.4720         1.00
      0.4730         1.00
      0.4740         1.00
      0.4750         1.00
      0.4760         1.00
      0.4770         1.00
      0.4780         1.00
      0.4790         1.00
      0.4800         1.00
      0.4810         1.00
      0.4820         1.00
      0.4830         1.00
      0.4840         1.00
      0.4850         1.00
      0.4860         1.00
      0.4870         1.00
      0.4880         1.00
      0.4890         1.00
      0.4900         1.00
      0.4910         1.00
      0.4920         1.00
      0.4930         1.00
      0.4940         1.00
      0.4950         1.00
      0.4960         1.00
      0.4970         1.00
      0.4980         1.00
      0.4990         1.00
      0.5000         1.00
      0.5010         1.00
      0.5020         1.00
      0.5030         1.00
      0.5040         1.00
      0.5050         1.00
      0.5060         1.00
      0.5070         1.00
      0.5080         1.00
      0.5090         1.00
      0.5100         1.00
      0.5110         1.00
      0.5120         1.00
      0.5130         1.00
      0.5140         1.00
      0.5150         1.00
      0.5160         1.00
      0.5170         1.00
      0.5180         1.00
      0.5190         1.00
      0.5200         1.00
      0.5210         1.00
      0.5220         1.00
      0.5230         1.00
      0.5240         1.00
      0.5250         1.00
      0.5260         1.00
      0.5270         1.00
      0.5280         1.00
      0.5290         1.00
      0.5300         1.00
      0.5310         1.00
      0.5320         1.00
      0.5330         1.00
      0.5340         1.00
      0.5350         1.00
      0.5360         1.00
      0.5370         1.00
      0.5380         1.00
      0.5390         1.00
      0.5400         1.00
      0.5410         1.00
      0.5420         1.00
      0.5430         1.00
      0.5440         1.00
      0.5450         1.00
      0.5460         1.00
      0.5470         1.00
      0.5480         1.00
      0.5490         1.00
      0.5500         1.00
      0.5510         1.00
      0.5520         1.00
      0.5530         1.00
      0.5540         1.00
      0.5550         1.00
      0.5560         1.00
      0.5570         1.00
      0.5580         1.00
      0.5590         1.00
      0.5600         1.00
      0.5610         1.00
      0.5620         1.00
      0.5630         1.00
      0.5640         1.00
      0.5650         1.00
      0.5660         1.00
      0.5670         1.00
      0.5680         1.00
      0.5690         1.00
      0.5700         1.00
      0.5710         1.00
      0.5720         1.00
      0.5730         1.00
      0.5740         1.00
      0.5750         1.00
      0.5760         1.00
      0.5770         1.00
      0.5780         1.00
      0.5790         1.00
      0.5800         1.00
      0.5810         1.00
      0.5820         1.00
      0.5830         1.00
      0.5840         1.00
      0.5850         1.00
      0.5860         1.00
      0.5870         1.00
      0.5880         1.00
      0.5890         1.00
      0.5900         1.00
      0.5910         1.00
      0.5920         1.00
      0.5930         1.00
      0.5940         1.00
      0.5950         1.00
      0.5960         1.00
      0.5970         1.00
      0.5980         1.00
      0.5990         1.00
      0.6000         1.00
      0.6010         1.00
      0.6020         1.00
      0.6030         1.00
      0.6040         1.00
      0.6050         1.00
      0.6060         1.00
      0.6070         1.00
      0.6080         1.00
      0.6090         1.00
      0.6100         1.00
      0.6110         1.00
      0.6120         1.00
      0.6130         1.00
      0.6140         1.00
      0.6150         1.00
      0.6160         1.00
      0.6170         1.00
      0.6180         1.00
      0.6190         1.00
      0.6200         1.00
      0.6210         1.00
      0.6220         1.00
      0.6230         1.00
      0.6240         1.00
      0.6250         1.00
      0.6260         1.00
      0.6270         1.00
      0.6280         1.00
      0.6290         1.00
      0.6300         1.00
      0.6310         1.00
      0.6320         1.00
      0.6330         1.00
      0.6340         1.00
      0.6350         1.00
      0.6360         1.00
      0.6370         1.00
      0.6380         1.00
      0.6390         1.00
      0.6400         1.00
      0.6410         1.00
      0.6420         1.00
      0.6430         1.00
      0.6440         1.00
      0.6450         1.00
      0.6460         1.00
      0.6470         1.00
      0.6480         1.00
      0.6490         1.00
      0.6500         1.00
      0.6510         1.00
      0.6520         1.00
      0.6530         1.00
      0.6540         1.00
      0.6550         1.00
      0.6560         1.00
      0.6570         1.00
      0.6580         1.00
      0.6590         1.00
      0.6600         1.00
      0.6610         1.00
      0.6620         1.00
      0.6630         1.00
      0.6640         1.00
      0.6650         1.00
      0.6660         1.00
      0.6670         1.00
      0.6680         1.00
      0.6690         1.00
      0.6700         1.00
      0.6710         1.00
      0.6720         1.00
      0.6730         1.00
      0.6740         1.00
      0.6750         1.00
      0.6760         1.00
      0.6770         1.00
      0.6780         1.00
      0.6790         1.00
      0.6800         1.00
      0.6810         1.00
      0.6820         1.00
      0.6830         1.00
      0.6840         1.00
      0.6850         1.00
      0.6860         1.00
      0.6870         1.00
      0.6880         1.00
      0.6890         1.00
      0.6900         1.00
      0.6910         1.00
      0.6920         1.00
      0.6930         1.00
      0.6940         1.00
      0.6950         1.00
      0.6960         1.00
      0.6970         1.00
      0.6980         1.00
      0.6990         1.00
      0.7000         1.00
      0.7010         1.00
      0.7020         1.00
      0.7030         1.00
      0.7040         1.00
      0.7050         1.00
      0.7060         1.00
      0.7070         1.00
      0.7080         1.00
      0.7090         1.00
      0.7100         1.00
      0.7110         1.00
      0.7120         1.00
      0.7130         1.00
      0.7140         1.00
      0.7150         1.00
      0.7160         1.00
      0.7170         1.00
      0.7180         1.00
      0.7190         1.00
      0.7200         1.00
      0.7210         1.00
      0.7220         1.00
      0.7230         1.00
      0.7240         1.00
      0.7250         1.00
      0.7260         1.00
      0.7270         1.00
      0.7280         1.00
      0.7290         1.00
      0.7300         1.00
      0.7310         1.00
      0.7320         1.00
      0.7330         1.00
      0.7340         1.00
      0.7350         1.00
      0.7360         1.00
      0.7370         1.00
      0.7380         1.00
      0.7390         1.00
      0.7400         1.00
      0.7410         1.00
      0.7420         1.00
      0.7430         1.00
      0.7440         1.00
      0.7450         1.00
      0.7460         1.00
      0.7470         1.00
      0.7480         1.00
      0.7490         1.00
      0.7500         1.00
      0.7510         1.00
      0.7520         1.00
      0.7530         1.00
      0.7540         1.00
      0.7550         1.00
      0.7560         1.00
      0.7570         1.00
      0.7580         1.00
      0.7590         1.00
      0.7600         1.00
      0.7610         1.00
      0.7620         1.00
      0.7630         1.00
      0.7640         1.00
      0.7650         1.00
      0.7660         1.00
      0.7670         1.00
      0.7680         1.00
      0.7690         1.00
      0.7700         1.00
      0.7710         1.00
      0.7720         1.00
      0.7730         1.00
      0.7740         1.00
      0.7750         1.00
      0.7760         1.00
      0.7770         1.00
      0.7780         1.00
      0.7790         1.00
      0.7800         1.00
      0.7810         1.00
      0.7820         1.00
      0.7830         1.00
      0.7840         1.00
      0.7850         1.00
      0.7860         1.00
      0.7870         1.00
      0.7880         1.00
      0.7890         1.00
      0.7900         1.00
      0.7910         1.00
      0.7920         1.00
      0.7930         1.00
      0.7940         1.00
      0.7950         1.00
      0.7960         1.00
      0.7970         1.00
      0.7980         1.00
      0.7990         1.00
      0.8000         1.00
      0.8010         1.00
      0.8020         1.00
      0.8030         1.00
      0.8040         1.00
      0.8050         1.00
      0.8060         1.00
      0.8070         1.00
      0.8080         1.00
      0.8090         1.00
      0.8100         1.00
      0.8110         1.00
      0.8120         1.00
      0.8130         1.00
      0.8140         1.00
      0.8150         1.00
      0.8160         1.00
      0.8170         1.00
      0.8180         1.00
      0.8190         1.00
      0.8200         1.00
      0.8210         1.00
      0.8220         1.00
      0.8230         1.00
      0.8240         1.00
      0.8250         1.00
      0.8260         1.00
      0.8270         1.00
      0.8280         1.00
      0.8290         1.00
      0.8300         1.00
      0.8310         1.00
      0.8320         1.00
      0.8330         1.00
      0.8340         1.00
      0.8350         1.00
      0.8360         1.00
      0.8370         1.00
      0.8380         1.00
      0.8390         1.00
      0.8400         1.00
      0.8410         1.00
      0.8420         1.00
      0.8430         1.00
      0.8440         1.00
      0.8450         1.00
      0.8460         1.00
      0.8470         1.00
      0.8480         1.00
      0.8490         1.00
      0.8500         1.00
      0.8510         1.00
      0.8520         1.00
      0.8530         1.00
      0.8540         1.00
      0.8550         1.00
      0.8560         1.00
      0.8570         1.00
      0.8580         1.00
      0.8590         1.00
      0.8600         1.00
      0.8610         1.00
      0.8620         1.00
      0.8630         1.00
      0.8640         1.00
      0.8650         1.00
      0.8660         1.00
      0.8670         1.00
      0.8680         1.00
      0.8690         1.00
      0.8700         1.00
      0.8710         1.00
      0.8720         1.00
      0.8730         1.00
      0.8740         1.00
      0.8750         1.00
      0.8760         1.00
      0.8770         1.00
      0.8780         1.00
      0.8790         1.00
      0.8800         1.00
      0.8810         1.00
      0.8820         1.00
      0.8830         1.00
      0.8840         1.00
      0.8850         1.00
      0.8860         1.00
      0.8870         1.00
      0.8880         1.00
      0.8890         1.00
      0.8900         1.00
      0.8910         1.00
      0.8920         1.00
      0.8930         1.00
      0.8940         1.00
      0.8950         1.00
      0.8960         1.00
      0.8970         1.00
      0.8980         1.00
      0.8990         1.00
      0.9000         1.00
      0.9010         1.00
      0.9020         1.00
      0.9030         1.00
      0.9040         1.00
      0.9050         1.00
      0.9060         1.00
      0.9070         1.00
      0.9080         1.00
      0.9090         1.00
      0.9100         1.00
      0.9110         1.00
      0.9120         1.00
      0.9130         1.00
      0.9140         1.00
      0.9150         1.00
      0.9160         1.00
      0.9170         1.00
      0.9180         1.00
      0.9190         1.00
      0.9200         1.00
      0.9210         1.00
      0.9220         1.00
      0.9230         1.00
      0.9240         1.00
      0.9250         1.00
      0.9260         1.00
      0.9270         1.00
      0.9280         1.00
      0.9290         1.00
      0.9300         1.00
      0.9310         1.00
      0.9320         1.00
      0.9330         1.00
      0.9340         1.00
      0.9350         1.00
      0.9360         1.00
      0.9370         1.00
      0.9380         1.00
      0.9390         1.00
      0.9400         1.00
      0.9410         1.00
      0.9420         1.00
      0.9430         1.00
      0.9440         1.00
      0.9450         1.00
      0.9460         1.00
      0.9470         1.00
      0.9480         1.00
      0.9490         1.00
      0.9500         1.00
      0.9510         1.00
      0.9520         1.00
      0.9530         1.00
      0.9540         1.00
      0.9550         1.00
      0.9560         1.00
      0.9570         1.00
      0.9580         1.00
      0.9590         1.00
      0.9600         1.00
      0.9610         1.00
      0.9620         1.00
      0.9630         1.00
      0.9640         1.00
      0.9650         1.00
      0.9660         1.00
      0.9670         1.00
      0.9680         1.00
      0.9690         1.00
      0.9700         1.00
      0.9710         1.00
      0.9720         1.00
      0.9730         1.00
      0.9740         1.00
      0.9750         1.00
      0.9760         1.00
      0.9770         1.00
      0.9780         1.00
      0.9790         1.00
      0.9800         1.00
      0.9810         1.00
      0.9820         1.00
      0.9830         1.00
      0.9840         1.00
      0.9850         1.00
      0.9860         1.00
      0.9870         1.00
      0.9880         1.00
      0.9890         1.00
      0.9900         1.00
      0.9910         1.00
      0.9920         1.00
      0.9930         1.00
      0.9940         1.00
      0.9950         1.00
      0.9960         1.00
      0.9970         1.00
      0.9980         1.00
      0.9990         1.00
      1.0000         1.00
      1.0010         1.00
      1.0020         1.00
      1.0030         1.00
      1.0040         1.00
      1.0050         1.00
      1.0060         1.00
      1.0070         1.00
      1.0080         1.00
      1.0090         1.00
      1.0100         1.00
      1.0110         1.00
      1.0120         1.00
      1.0130         1.00
      1.0140         1.00
      1.0150         1.00
      1.0160         1.00
      1.0170         1.00
      1.0180         1.00
      1.0190         1.00
      1.0200         1.00
      1.0210         1.00
      1.0220         1.00
      1.0230         1.00
      1.0240         1.00
      1.0250         1.00
      1.0260         1.00
      1.0270         1.00
      1.0280         1.00
      1.0290         1.00
      1.0300         1.00
      1.0310         1.00
      1.0320         1.00
      1.0330         1.00
      1.0340         1.00
      1.0350         1.00
      1.0360         1.00
      1.0370         1.00
      1.0380         1.00
      1.0390         1.00
      1.0400         1.00
      1.0410         1.00
      1.0420         1.00
      1.0430         1.00
      1.0440         1.00
      1.0450         1.00
      1.0460         1.00
      1.0470         1.00
      1.0480         1.00
      1.0490         1.00
      1.0500         1.00
      1.0510         1.00
      1.0520         1.00
      1.0530         1.00
      1.0540         1.00
      1.0550         1.00
      1.0560         1.00
      1.0570         1.00
      1.0580         1.00
      1.0590         1.00
      1.0600         1.00
      1.0610         1.00
      1.0620         1.00
      1.0630         1.00
      1.0640         1.00
      1.0650         1.00
      1.0660         1.00
      1.0670         1.00
      1.0680         1.00
      1.0690         1.00
      1.0700         1.00
      1.0710         1.00
      1.0720         1.00
      1.0730         1.00
      1.0740         1.00
      1.0750         1.00
      1.0760         1.00
      1.0770         1.00
      1.0780         1.00
      1.0790         1.00
      1.0800         1.00
      1.0810         1.00
      1.0820         1.00
      1.0830         1.00
      1.0840         1.00
      1.0850         1.00
      1.0860         1.00
      1.0870         1.00
      1.0880         1.00
      1.0890         1.00
      1.0900         1.00
      1.0910         1.00
      1.0920         1.00
      1.0930         1.00
      1.0940         1.00
      1.0950         1.00
      1.0960         1.00
      1.0970         1.00
      1.0980         1.00
      1.0990         1.00
      1.1000         1.00
      1.1010         1.00
      1.1020         1.27
      1.1030         1.24
      1.1040         1.19
      1.1050         1.00
      1.1060         1.00
      1.1070         1.00
      1.1080         1.00
      1.1090         1.00
      1.1100         1.00
      1.1110         1.00
      1.1120         1.00
      1.1130         1.00
      1.1140         1.00
      1.1150         1.00
      1.1160         1.00
      1.1170         1.00
      1.1180         1.00
      1.1190         1.00
      1.1200         1.00
      1.1210         1.00
      1.1220         1.00
      1.1230         1.00
      1.1240         1.00
      1.1250         1.00
      1.1260         1.00
      1.1270         1.27
      1.1280         1.27
      1.1290         1.28
      1.1300         1.32
      1.1310         1.29
      1.1320         1.29
      1.1330         1.73
      1.1340         1.17
      1.1350         1.07
      1.1360         1.14
      1.1370         1.66
      1.1380         1.15
      1.1390         1.15
      1.1400         1.07
      1.1410         1.00
      1.1420         1.12
      1.1430         1.12
      1.1440         1.00
      1.1450         1.06
      1.1460         1.00
      1.1470         1.00
      1.1480         1.00
      1.1490         1.00
      1.1500         1.00
      1.1510         1.00
      1.1520         1.00
      1.1530         1.00
      1.1540         1.00
      1.1550         1.00
      1.1560         1.00
      1.1570         1.00
      1.1580         1.00
      1.1590         1.00
      1.1600         1.00
      1.1610         1.00
      1.1620         1.00
      1.1630         1.00
      1.1640         1.00
      1.1650         1.00
      1.1660         1.00
      1.1670         1.00
      1.1680         1.00
      1.1690         1.00
      1.1700         1.00
      1.1710         1.00
      1.1720         1.24
      1.1730         1.41
      1.1740         1.45
      1.1750         1.86
      1.1760         1.92
      1.1770         1.49
      1.1780         2.10
      1.1790         2.24
      1.1800         2.26
      1.1810         2.36
      1.1820         2.40
      1.1830         2.26
      1.1840         2.27
      1.1850         2.26
      1.1860         2.10
      1.1870         2.11
      1.1880         1.53
      1.1890         1.00
      1.1900         1.62
      1.1910         1.65
      1.1920         1.15
      1.1930         1.17
      1.1940         1.13
      1.1950         1.13
      1.1960         1.11
      1.1970         1.06
      1.1980         1.05
      1.1990         1.09
      1.2000         1.10
      1.2010         1.07
      1.2020         1.09
      1.2030         1.06
      1.2040         1.09
      1.2050         1.11
      1.2060         1.15
      1.2070         1.19
      1.2080         1.15
      1.2090         1.74
      1.2100         1.80
      1.2110         1.75
      1.2120         1.77
      1.2130         1.25
      1.2140         1.29
      1.2150         1.27
      1.2160         1.26
      1.2170         1.29
      1.2180         1.31
      1.2190         1.86
      1.2200         2.45
      1.2210         2.57
      1.2220         2.70
      1.2230         2.85
      1.2240         2.76
      1.2250         2.89
      1.2260         2.83
      1.2270         2.75
      1.2280         2.80
      1.2290         2.70
      1.2300         2.50
      1.2310         2.68
      1.2320         2.75
      1.2330         2.81
      1.2340         2.75
      1.2350         2.73
      1.2360         2.81
      1.2370         2.84
      1.2380         2.91
      1.2390         2.95
      1.2400         2.99
      1.2410         3.06
      1.2420         3.11
      1.2430         2.96
      1.2440         3.11
      1.2450         2.59
      1.2460         3.17
      1.2470         3.25
      1.2480         3.34
      1.2490         3.34
      1.2500         3.46
      1.2510         3.54
      1.2520         3.53
      1.2530         3.58
      1.2540         3.68
      1.2550         3.76
      1.2560         3.91
      1.2570         4.03
      1.2580         4.15
      1.2590         4.17
      1.2600         4.09
      1.2610         4.18
      1.2620         4.19
      1.2630         4.38
      1.2640         4.34
      1.2650         4.27
      1.2660         4.21
      1.2670         4.43
      1.2680         4.41
      1.2690         4.40
      1.2700         4.52
      1.2710         4.46
      1.2720         4.48
      1.2730         4.49
      1.2740         4.45
      1.2750         4.48
      1.2760         4.38
      1.2770         4.34
      1.2780         4.37
      1.2790         4.32
      1.2800         4.33
      1.2810         4.24
      1.2820         4.26
      1.2830         4.32
      1.2840         4.36
      1.2850         4.47
      1.2860         4.56
      1.2870         4.29
      1.2880         4.47
      1.2890         4.68
      1.2900         4.69
      1.2910         4.91
      1.2920         5.07
      1.2930         5.57
      1.2940         5.69
      1.2950         5.72
      1.2960         5.87
      1.2970         5.98
      1.2980         5.94
      1.2990         6.01
      1.3000         6.01
      1.3010         6.20
      1.3020         6.22
      1.3030         6.22
      1.3040         6.37
      1.3050         6.40
      1.3060         6.44
      1.3070         6.63
      1.3080         6.57
      1.3090         6.52
      1.3100         6.68
      1.3110         6.45
      1.3120         6.37
      1.3130         6.37
      1.3140         6.39
      1.3150         6.47
      1.3160         6.35
      1.3170         6.44
      1.3180         6.40
      1.3190         6.44
      1.3200         6.59
      1.3210         6.47
      1.3220         6.49
      1.3230         6.39
      1.3240         6.36
      1.3250         6.46
      1.3260         6.28
      1.3270         6.33
      1.3280         6.43
      1.3290         6.52
      1.3300         6.56
      1.3310         6.62
      1.3320         6.67
      1.3330         6.87
      1.3340         6.94
      1.3350         6.99
      1.3360         7.26
      1.3370         7.29
      1.3380         7.47
      1.3390         7.60
      1.3400         7.52
      1.3410         7.57
      1.3420         7.71
      1.3430         7.92
      1.3440         8.02
      1.3450         8.05
      1.3460         8.35
      1.3470         8.43
      1.3480         8.42
      1.3490         8.45
      1.3500         8.33
      1.3510         8.45
      1.3520         8.45
      1.3530         8.30
      1.3540         8.31
      1.3550         8.21
      1.3560         8.14
      1.3570         8.12
      1.3580         8.07
      1.3590         7.94
      1.3600         8.05
      1.3610         8.18
      1.3620         8.22
      1.3630         8.20
      1.3640         8.07
      1.3650         7.99
      1.3660         7.98
      1.3670         8.04
      1.3680         8.26
      1.3690         8.25
      1.3700         8.36
      1.3710         8.40
      1.3720         8.44
      1.3730         8.57
      1.3740         8.75
      1.3750         9.01
      1.3760         9.11
      1.3770         9.15
      1.3780         9.28
      1.3790         9.43
      1.3800         9.47
      1.3810         9.44
      1.3820         9.40
      1.3830         9.48
      1.3840         9.73
      1.3850         9.91
      1.3860         9.96
      1.3870         9.95
      1.3880         9.80
      1.3890         9.79
      1.3900         9.91
      1.3910         9.90
      1.3920        10.01
      1.3930         9.90
      1.3940         9.84
      1.3950         9.78
      1.3960         9.83
      1.3970         9.82
      1.3980         9.70
      1.3990         9.59
      1.4000         9.59
      1.4010         9.61
      1.4020         9.63
      1.4030         9.69
      1.4040         9.54
      1.4050         9.66
      1.4060         9.70
      1.4070         9.65
      1.4080         9.73
      1.4090         9.82
      1.4100         9.82
      1.4110         9.91
      1.4120         9.99
      1.4130        10.24
      1.4140        10.33
      1.4150        10.32
      1.4160        10.33
      1.4170        10.57
      1.4180        10.68
      1.4190        10.79
      1.4200        10.99
      1.4210        11.11
      1.4220        11.29
      1.4230        11.49
      1.4240        11.60
      1.4250        11.72
      1.4260        11.81
      1.4270        11.93
      1.4280        12.04
      1.4290        12.15
      1.4300        12.21
      1.4310        12.21
      1.4320        12.20
      1.4330        12.27
      1.4340        12.15
      1.4350        12.31
      1.4360        12.43
      1.4370        12.29
      1.4380        12.26
      1.4390        12.44
      1.4400        12.44
      1.4410        12.37
      1.4420        12.28
      1.4430        12.19
      1.4440        12.27
      1.4450        12.13
      1.4460        12.31
      1.4470        12.40
      1.4480        12.43
      1.4490        12.26
      1.4500        12.29
      1.4510        12.34
      1.4520        12.48
      1.4530        12.37
      1.4540        12.59
      1.4550        12.63
      1.4560        12.68
      1.4570        12.84
      1.4580        13.08
      1.4590        13.18
      1.4600        13.23
      1.4610        13.34
      1.4620        13.58
      1.4630        13.61
      1.4640        13.66
      1.4650        13.73
      1.4660        13.61
      1.4670        13.65
      1.4680        13.57
      1.4690        13.77
      1.4700        13.83
      1.4710        14.05
      1.4720        13.96
      1.4730        14.01
      1.4740        13.93
      1.4750        13.91
      1.4760        13.85
      1.4770        13.72
      1.4780        13.75
      1.4790        13.73
      1.4800        13.75
      1.4810        13.76
      1.4820        13.61
      1.4830        13.55
      1.4840        13.41
      1.4850        13.44
      1.4860        13.55
      1.4870        13.52
      1.4880        13.59
      1.4890        13.63
      1.4900        13.59
      1.4910        13.44
      1.4920        13.46
      1.4930        13.61
      1.4940        13.78
      1.4950        13.82
      1.4960        13.92
      1.4970        14.19
      1.4980        14.24
      1.4990        14.35
      1.5000        14.51
      1.5010        14.76
      1.5020        14.81
      1.5030        14.94
      1.5040        15.26
      1.5050        15.42
      1.5060        15.45
      1.5070        15.66
      1.5080        15.76
      1.5090        16.00
      1.5100        16.05
      1.5110        16.15
      1.5120        16.25
      1.5130        16.17
      1.5140        16.14
      1.5150        16.32
      1.5160        16.26
      1.5170        16.30
      1.5180        16.20
      1.5190        16.04
      1.5200        15.85
      1.5210        15.77
      1.5220        15.97
      1.5230        15.93
      1.5240        15.85
      1.5250        15.74
      1.5260        15.71
      1.5270        15.62
      1.5280        15.61
      1.5290        15.38
      1.5300        15.45
      1.5310        15.58
      1.5320        15.72
      1.5330        15.72
      1.5340        15.75
      1.5350        15.85
      1.5360        16.02
      1.5370        16.10
      1.5380        16.31
      1.5390        16.51
      1.5400        16.63
      1.5410        16.58
      1.5420        16.61
      1.5430        16.70
      1.5440        16.85
      1.5450        17.04
      1.5460        17.19
      1.5470        17.32
      1.5480        17.39
      1.5490        17.68
      1.5500        17.83
      1.5510        17.88
      1.5520        17.90
      1.5530        18.09
      1.5540        18.13
      1.5550        17.95
      1.5560        17.95
      1.5570        17.89
      1.5580        17.81
      1.5590        17.73
      1.5600        17.67
      1.5610        17.79
      1.5620        17.62
      1.5630        17.70
      1.5640        17.55
      1.5650        17.51
      1.5660        17.47
      1.5670        17.38
      1.5680        17.31
      1.5690        17.08
      1.5700        16.97
      1.5710        16.73
      1.5720        16.52
      1.5730        16.44
      1.5740        16.47
      1.5750        16.54
      1.5760        16.52
      1.5770        16.64
      1.5780        16.73
      1.5790        16.93
      1.5800        17.09
      1.5810        17.05
      1.5820        17.19
      1.5830        17.20
      1.5840        17.32
      1.5850        17.34
      1.5860        17.41
      1.5870        17.56
      1.5880        17.79
      1.5890        17.91
      1.5900        18.04
      1.5910        18.24
      1.5920        18.53
      1.5930        18.48
      1.5940        18.57
      1.5950        18.59
      1.5960        18.49
      1.5970        18.42
      1.5980        18.42
      1.5990        18.26
      1.6000        18.20
      1.6010        18.27
      1.6020        18.24
      1.6030        18.22
      1.6040        18.15
      1.6050        18.04
      1.6060        18.04
      1.6070        17.97
      1.6080        17.71
      1.6090        17.75
      1.6100        17.61
      1.6110        17.56
      1.6120        17.51
      1.6130        17.48
      1.6140        17.40
      1.6150        17.32
      1.6160        17.44
      1.6170        17.36
      1.6180        17.31
      1.6190        17.44
      1.6200        17.51
      1.6210        17.48
      1.6220        17.51
      1.6230        17.74
      1.6240        17.79
      1.6250        17.85
      1.6260        17.82
      1.6270        17.82
      1.6280        18.11
      1.6290        18.13
      1.6300        18.19
      1.6310        18.31
      1.6320        18.31
      1.6330        18.47
      1.6340        18.63
      1.6350        18.79
      1.6360        18.87
      1.6370        18.99
      1.6380        19.13
      1.6390        19.11
      1.6400        19.22
      1.6410        19.27
      1.6420        19.34
      1.6430        19.12
      1.6440        19.32
      1.6450        19.47
      1.6460        19.53
      1.6470        19.54
      1.6480        19.58
      1.6490        19.62
      1.6500        19.62
      1.6510        19.49
      1.6520        19.35
      1.6530        19.26
      1.6540        19.05
      1.6550        18.89
      1.6560        18.97
      1.6570        18.97
      1.6580        19.11
      1.6590        19.08
      1.6600        19.15
      1.6610        19.12
      1.6620        19.16
      1.6630        19.29
      1.6640        19.21
      1.6650        19.25
      1.6660        19.21
      1.6670        19.35
      1.6680        19.29
      1.6690        19.37
      1.6700        19.33
      1.6710        19.60
      1.6720        19.73
      1.6730        19.93
      1.6740        20.03
      1.6750        20.16
      1.6760        20.08
      1.6770        20.24
      1.6780        20.10
      1.6790        20.10
      1.6800        20.03
      1.6810        19.95
      1.6820        19.98
      1.6830        19.85
      1.6840        19.81
      1.6850        19.79
      1.6860        19.93
      1.6870        19.91
      1.6880        19.97
      1.6890        19.83
      1.6900        20.01
      1.6910        19.84
      1.6920        19.82
      1.6930        19.64
      1.6940        19.70
      1.6950        19.69
      1.6960        19.83
      1.6970        19.83
      1.6980        19.83
      1.6990        19.99
      1.7000        19.80
      1.7010        19.90
      1.7020        19.90
      1.7030        20.06
      1.7040        20.15
      1.7050        20.16
      1.7060        20.19
      1.7070        19.98
      1.7080        20.05
      1.7090        20.22
      1.7100        20.45
      1.7110        20.50
      1.7120        20.54
      1.7130        20.73
      1.7140        20.66
      1.7150        20.81
      1.7160        20.69
      1.7170        20.67
      1.7180        20.87
      1.7190        20.89
      1.7200        21.02
      1.7210        21.03
      1.7220        20.95
      1.7230        20.91
      1.7240        20.83
      1.7250        20.74
      1.7260        20.69
      1.7270        20.87
      1.7280        20.83
      1.7290        20.82
      1.7300        20.59
      1.7310        20.67
      1.7320        20.78
      1.7330        20.73
      1.7340        20.82
      1.7350        20.70
      1.7360        20.85
      1.7370        20.81
      1.7380        20.67
      1.7390        20.67
      1.7400        20.63
      1.7410        20.72
      1.7420        20.87
      1.7430        20.88
      1.7440        21.05
      1.7450        21.11
      1.7460        21.11
      1.7470        21.18
      1.7480        21.13
      1.7490        21.21
      1.7500        21.29
      1.7510        21.25
      1.7520        21.33
      1.7530        21.38
      1.7540        21.52
      1.7550        21.64
      1.7560        21.46
      1.7570        21.56
      1.7580        21.45
      1.7590        21.43
      1.7600        21.60
      1.7610        21.72
      1.7620        21.69
      1.7630        21.59
      1.7640        21.49
      1.7650        21.50
      1.7660        21.56
      1.7670        21.60
      1.7680        21.73
      1.7690        21.53
      1.7700        21.54
      1.7710        21.64
      1.7720        21.37
      1.7730        21.27
      1.7740        21.10
      1.7750        21.05
      1.7760        21.27
      1.7770        21.19
      1.7780        21.43
      1.7790        21.41
      1.7800        21.46
      1.7810        21.39
      1.7820        21.28
      1.7830        21.42
      1.7840        21.54
      1.7850        21.67
      1.7860        21.81
      1.7870        21.75
      1.7880        21.83
      1.7890        22.13
      1.7900        22.26
      1.7910        22.26
      1.7920        22.58
      1.7930        22.73
      1.7940        22.81
      1.7950        22.85
      1.7960        22.69
      1.7970        22.79
      1.7980        22.75
      1.7990        22.89
      1.8000        22.79
      1.8010        22.72
      1.8020        22.83
      1.8030        23.00
      1.8040        22.88
      1.8050        22.80
      1.8060        22.63
      1.8070        22.64
      1.8080        22.50
      1.8090        22.28
      1.8100        22.16
      1.8110        22.07
      1.8120        21.92
      1.8130        21.87
      1.8140        21.87
      1.8150        21.84
      1.8160        21.88
      1.8170        21.87
      1.8180        21.84
      1.8190        21.76
      1.8200        21.80
      1.8210        21.85
      1.8220        21.86
      1.8230        21.68
      1.8240        21.61
      1.8250        21.68
      1.8260        21.76
      1.8270        21.73
      1.8280        21.95
      1.8290        22.09
      1.8300        22.12
      1.8310        22.16
      1.8320        22.32
      1.8330        22.33
      1.8340        22.43
      1.8350        22.59
      1.8360        22.67
      1.8370        22.63
      1.8380        22.76
      1.8390        22.87
      1.8400        22.86
      1.8410        22.84
      1.8420        22.96
      1.8430        23.06
      1.8440        23.28
      1.8450        23.18
      1.8460        23.20
      1.8470        23.32
      1.8480        23.10
      1.8490        23.00
      1.8500        23.12
      1.8510        23.11
      1.8520        23.04
      1.8530        23.11
      1.8540        23.12
      1.8550        23.01
      1.8560        23.02
      1.8570        23.00
      1.8580        22.87
      1.8590        22.77
      1.8600        22.72
      1.8610        22.64
      1.8620        22.56
      1.8630        22.52
      1.8640        22.45
      1.8650        22.60
      1.8660        22.64
      1.8670        22.49
      1.8680        22.51
      1.8690        22.59
      1.8700        22.48
      1.8710        22.44
      1.8720        22.39
      1.8730        22.47
      1.8740        22.50
      1.8750        22.67
      1.8760        22.83
      1.8770        22.90
      1.8780        22.92
      1.8790        22.94
      1.8800        23.18
      1.8810        23.33
      1.8820        23.33
      1.8830        23.29
      1.8840        23.36
      1.8850        23.28
      1.8860        23.33
      1.8870        23.41
      1.8880        23.49
      1.8890        23.48
      1.8900        23.45
      1.8910        23.57
      1.8920        23.60
      1.8930        23.39
      1.8940        23.27
      1.8950        23.13
      1.8960        22.74
      1.8970        22.60
      1.8980        22.63
      1.8990        22.59
      1.9000        22.47
      1.9010        22.37
      1.9020        22.40
      1.9030        22.54
      1.9040        22.52
      1.9050        22.48
      1.9060        22.51
      1.9070        22.48
      1.9080        22.60
      1.9090        22.72
      1.9100        22.76
      1.9110        22.79
      1.9120        22.86
      1.9130        23.09
      1.9140        23.19
      1.9150        23.34
      1.9160        23.61
      1.9170        23.88
      1.9180        24.01
      1.9190        24.10
      1.9200        24.12
      1.9210        24.20
      1.9220        24.23
      1.9230        24.12
      1.9240        24.28
      1.9250        24.51
      1.9260        24.50
      1.9270        24.41
      1.9280        24.32
      1.9290        24.08
      1.9300        24.18
      1.9310        24.22
      1.9320        24.19
      1.9330        24.19
      1.9340        24.08
      1.9350        24.01
      1.9360        23.98
      1.9370        23.79
      1.9380        23.68
      1.9390        23.64
      1.9400        23.56
      1.9410        23.64
      1.9420        23.63
      1.9430        23.68
      1.9440        23.50
      1.9450        23.42
      1.9460        23.38
      1.9470        23.52
      1.9480        23.47
      1.9490        23.66
      1.9500        23.60
      1.9510        23.63
      1.9520        23.75
      1.9530        23.79
      1.9540        23.93
      1.9550        23.93
      1.9560        23.99
      1.9570        24.21
      1.9580        24.21
      1.9590        24.32
      1.9600        24.50
      1.9610        24.64
      1.9620        24.80
      1.9630        24.87
      1.9640        25.03
      1.9650        25.11
      1.9660        25.10
      1.9670        25.14
      1.9680        25.38
      1.9690        25.37
      1.9700        25.45
      1.9710        25.27
      1.9720        25.18
      1.9730        25.18
      1.9740        25.16
      1.9750        25.27
      1.9760        25.27
      1.9770        25.27
      1.9780        25.16
      1.9790        25.06
      1.9800        25.08
      1.9810        24.74
      1.9820        24.58
      1.9830        24.59
      1.9840        24.47
      1.9850        24.46
      1.9860        24.52
      1.9870        24.52
      1.9880        24.35
      1.9890        24.36
      1.9900        24.34
      1.9910        24.59
      1.9920        24.67
      1.9930        24.69
      1.9940        24.82
      1.9950        24.73
      1.9960        24.74
      1.9970        24.66
      1.9980        24.73
      1.9990        24.85
      2.0000        24.71
      2.0010        24.97
      2.0020        24.97
      2.0030        24.89
      2.0040        25.06
      2.0050        24.95
      2.0060        24.99
      2.0070        25.16
      2.0080        25.10
      2.0090        25.02
      2.0100        24.93
      2.0110        24.78
      2.0120        24.76
      2.0130        24.74
      2.0140        24.71
      2.0150        24.75
      2.0160        24.72
      2.0170        24.65
      2.0180        24.71
      2.0190        24.60
      2.0200        24.58
      2.0210        24.51
      2.0220        24.56
      2.0230        24.62
      2.0240        24.45
      2.0250        24.57
      2.0260        24.53
      2.0270        24.31
      2.0280        24.47
      2.0290        24.57
      2.0300        24.59
      2.0310        24.69
      2.0320        24.55
      2.0330        24.58
      2.0340        24.37
      2.0350        24.34
      2.0360        24.50
      2.0370        24.54
      2.0380        24.60
      2.0390        24.68
      2.0400        24.75
      2.0410        24.78
      2.0420        24.79
      2.0430        24.87
      2.0440        24.84
      2.0450        24.82
      2.0460        24.96
      2.0470        25.05
      2.0480        25.04
      2.0490        25.11
      2.0500        25.09
      2.0510        25.12
      2.0520        25.21
      2.0530        25.21
      2.0540        25.23
      2.0550        25.22
      2.0560        25.21
      2.0570        25.08
      2.0580        25.00
      2.0590        24.96
      2.0600        24.92
      2.0610        24.98
      2.0620        24.95
      2.0630        24.86
      2.0640        24.93
      2.0650        24.82
      2.0660        24.62
      2.0670        24.56
      2.0680        24.48
      2.0690        24.35
      2.0700        24.35
      2.0710        24.31
      2.0720        24.23
      2.0730        24.24
      2.0740        24.35
      2.0750        24.51
      2.0760        24.35
      2.0770        24.61
      2.0780        24.75
      2.0790        24.72
      2.0800        24.74
      2.0810        24.57
      2.0820        24.59
      2.0830        24.75
      2.0840        24.75
      2.0850        24.87
      2.0860        24.77
      2.0870        24.80
      2.0880        24.89
      2.0890        24.97
      2.0900        24.97
      2.0910        24.96
      2.0920        25.08
      2.0930        24.97
      2.0940        24.88
      2.0950        24.74
      2.0960        24.80
      2.0970        24.73
      2.0980        24.61
      2.0990        24.65
      2.1000        24.67
      2.1010        24.72
      2.1020        24.55
      2.1030        24.38
      2.1040        24.34
      2.1050        24.26
      2.1060        24.38
      2.1070        24.26
      2.1080        24.20
      2.1090        24.14
      2.1100        24.15
      2.1110        24.06
      2.1120        24.06
      2.1130        24.03
      2.1140        24.11
      2.1150        24.13
      2.1160        24.15
      2.1170        24.09
      2.1180        24.14
      2.1190        24.21
      2.1200        24.33
      2.1210        24.29
      2.1220        24.53
      2.1230        24.59
      2.1240        24.64
      2.1250        24.66
      2.1260        24.74
      2.1270        24.80
      2.1280        24.85
      2.1290        24.92
      2.1300        24.79
      2.1310        24.85
      2.1320        24.71
      2.1330        24.71
      2.1340        24.63
      2.1350        24.52
      2.1360        24.52
      2.1370        24.61
      2.1380        24.57
      2.1390        24.48
      2.1400        24.34
      2.1410        24.37
      2.1420        24.25
      2.1430        24.13
      2.1440        24.13
      2.1450        24.00
      2.1460        23.90
      2.1470        23.82
      2.1480        23.64
      2.1490        23.54
      2.1500        23.64
      2.1510        23.56
      2.1520        23.60
      2.1530        23.69
      2.1540        23.80
      2.1550        23.73
      2.1560        23.63
      2.1570        23.76
      2.1580        23.69
      2.1590        23.68
      2.1600        23.80
      2.1610        23.94
      2.1620        23.87
      2.1630        24.03
      2.1640        24.07
      2.1650        24.33
      2.1660        24.47
      2.1670        24.60
      2.1680        24.58
      2.1690        24.65
      2.1700        24.59
      2.1710        24.71
      2.1720        24.87
      2.1730        24.88
      2.1740        24.79
      2.1750        24.97
      2.1760        25.08
      2.1770        24.83
      2.1780        24.90
      2.1790        24.79
      2.1800        24.63
      2.1810        24.56
      2.1820        24.56
      2.1830        24.40
      2.1840        24.21
      2.1850        23.90
      2.1860        23.69
      2.1870        23.63
      2.1880        23.69
      2.1890        23.57
      2.1900        23.78
      2.1910        23.84
      2.1920        23.74
      2.1930        23.69
      2.1940        23.63
      2.1950        23.50
      2.1960        23.47
      2.1970        23.42
      2.1980        23.44
      2.1990        23.67
      2.2000        23.84
      2.2010        23.86
      2.2020        24.04
      2.2030        24.17
      2.2040        24.34
      2.2050        24.53
      2.2060        24.74
      2.2070        24.91
      2.2080        24.89
      2.2090        25.01
      2.2100        24.89
      2.2110        24.70
      2.2120        24.61
      2.2130        24.49
      2.2140        24.51
      2.2150        24.54
      2.2160        24.67
      2.2170        24.69
      2.2180        24.59
      2.2190        24.54
      2.2200        24.38
      2.2210        24.29
      2.2220        23.97
      2.2230        23.84
      2.2240        23.73
      2.2250        23.74
      2.2260        23.45
      2.2270        23.16
      2.2280        23.28
      2.2290        23.11
      2.2300        23.07
      2.2310        22.96
      2.2320        23.05
      2.2330        23.19
      2.2340        23.32
      2.2350        23.35
      2.2360        23.04
      2.2370        23.15
      2.2380        23.16
      2.2390        23.04
      2.2400        23.09
      2.2410        23.17
      2.2420        23.33
      2.2430        23.33
      2.2440        23.44
      2.2450        23.35
      2.2460        23.51
      2.2470        23.63
      2.2480        23.60
      2.2490        23.77
      2.2500        23.74
      2.2510        23.85
      2.2520        23.81
      2.2530        23.79
      2.2540        23.59
      2.2550        23.57
      2.2560        23.70
      2.2570        23.51
      2.2580        23.54
      2.2590        23.54
      2.2600        23.50
      2.2610        23.38
      2.2620        23.42
      2.2630        23.46
      2.2640        23.30
      2.2650        23.27
      2.2660        23.29
      2.2670        23.30
      2.2680        23.16
      2.2690        22.95
      2.2700        22.86
      2.2710        22.81
      2.2720        22.63
      2.2730        22.44
      2.2740        22.54
      2.2750        22.50
      2.2760        22.36
      2.2770        22.46
      2.2780        22.26
      2.2790        22.19
      2.2800        22.16
      2.2810        22.11
      2.2820        21.96
      2.2830        22.04
      2.2840        22.03
      2.2850        22.01
      2.2860        21.76
      2.2870        21.80
      2.2880        21.76
      2.2890        21.80
      2.2900        21.82
      2.2910        21.81
      2.2920        21.91
      2.2930        22.01
      2.2940        22.05
      2.2950        21.95
      2.2960        21.96
      2.2970        21.99
      2.2980        22.10
      2.2990        22.06
      2.3000        22.15
      2.3010        22.14
      2.3020        22.09
      2.3030        21.99
      2.3040        22.06
      2.3050        21.94
      2.3060        21.99
      2.3070        21.88
      2.3080        21.99
      2.3090        22.09
      2.3100        22.05
      2.3110        22.10
      2.3120        22.06
      2.3130        21.99
      2.3140        21.73
      2.3150        21.62
      2.3160        21.43
      2.3170        21.32
      2.3180        21.26
      2.3190        21.27
      2.3200        20.90
      2.3210        20.74
      2.3220        20.75
      2.3230        20.69
      2.3240        20.52
      2.3250        20.60
      2.3260        20.58
      2.3270        20.67
      2.3280        20.43
      2.3290        20.35
      2.3300        20.30
      2.3310        20.20
      2.3320        20.21
      2.3330        20.13
      2.3340        20.31
      2.3350        20.32
      2.3360        20.44
      2.3370        20.43
      2.3380        20.43
      2.3390        20.29
      2.3400        20.42
      2.3410        20.58
      2.3420        20.60
      2.3430        20.46
      2.3440        20.42
      2.3450        20.22
      2.3460        20.26
      2.3470        20.11
      2.3480        20.07
      2.3490        19.96
      2.3500        19.90
      2.3510        19.80
      2.3520        19.71
      2.3530        19.67
      2.3540        19.52
      2.3550        19.51
      2.3560        19.42
      2.3570        19.19
      2.3580        19.08
      2.3590        19.02
      2.3600        19.08
      2.3610        18.92
      2.3620        18.79
      2.3630        18.73
      2.3640        18.83
      2.3650        18.82
      2.3660        18.71
      2.3670        18.62
      2.3680        18.74
      2.3690        18.74
      2.3700        18.59
      2.3710        18.63
      2.3720        18.63
      2.3730        18.56
      2.3740        18.48
      2.3750        18.47
      2.3760        18.36
      2.3770        18.49
      2.3780        18.44
      2.3790        18.44
      2.3800        18.20
      2.3810        18.21
      2.3820        18.28
      2.3830        18.25
      2.3840        18.09
      2.3850        18.20
      2.3860        18.25
      2.3870        18.10
      2.3880        17.88
      2.3890        17.76
      2.3900        17.76
      2.3910        17.65
      2.3920        17.42
      2.3930        17.34
      2.3940        17.38
      2.3950        17.38
      2.3960        17.43
      2.3970        17.31
      2.3980        17.31
      2.3990        17.11
      2.4000        17.17
      2.4010        17.17
      2.4020        17.07
      2.4030        17.15
      2.4040        17.06
      2.4050        16.75
      2.4060        16.56
      2.4070        16.64
      2.4080        16.60
      2.4090        16.67
      2.4100        16.72
      2.4110        16.80
      2.4120        16.88
      2.4130        16.85
      2.4140        16.75
      2.4150        16.54
      2.4160        16.57
      2.4170        16.56
      2.4180        16.58
      2.4190        16.66
      2.4200        16.67
      2.4210        16.48
      2.4220        16.41
      2.4230        16.13
      2.4240        16.06
      2.4250        16.07
      2.4260        16.03
      2.4270        15.89
      2.4280        15.89
      2.4290        15.70
      2.4300        15.57
      2.4310        15.41
      2.4320        15.26
      2.4330        15.11
      2.4340        15.09
      2.4350        15.02
      2.4360        14.84
      2.4370        14.63
      2.4380        14.37
      2.4390        14.29
      2.4400        14.11
      2.4410        14.00
      2.4420        13.84
      2.4430        13.84
      2.4440        13.69
      2.4450        13.63
      2.4460        13.63
      2.4470        13.69
      2.4480        13.58
      2.4490        13.45
      2.4500        13.39
      2.4510        13.39
      2.4520        13.36
      2.4530        13.46
      2.4540        13.39
      2.4550        13.62
      2.4560        13.55
      2.4570        13.55
      2.4580        13.52
      2.4590        13.54
      2.4600        13.54
      2.4610        13.67
      2.4620        13.62
      2.4630        13.52
      2.4640        13.45
      2.4650        13.60
      2.4660        13.44
      2.4670        13.16
      2.4680        13.10
      2.4690        13.06
      2.4700        13.01
      2.4710        12.82
      2.4720        12.77
      2.4730        12.67
      2.4740        12.47
      2.4750        12.15
      2.4760        12.02
      2.4770        11.87
      2.4780        11.79
      2.4790        11.80
      2.4800        11.58
      2.4810        11.36
      2.4820        11.25
      2.4830        11.28
      2.4840        11.36
      2.4850        11.10
      2.4860        11.08
      2.4870        10.94
      2.4880        10.77
      2.4890        10.88
      2.4900        10.89
      2.4910        10.89
      2.4920        10.77
      2.4930        10.58
      2.4940        10.82
      2.4950        10.88
      2.4960        10.95
      2.4970        11.00
      2.4980        10.80
      2.4990        10.62
      2.5000        10.68
      2.5010        10.57
      2.5020        10.61
      2.5030        10.65
      2.5040        10.70
      2.5050        10.74
      2.5060        10.67
      2.5070        10.74
      2.5080        10.87
      2.5090        10.76
      2.5100        10.63
      2.5110        10.56
      2.5120        10.51
      2.5130        10.49
      2.5140        10.17
      2.5150         9.87
      2.5160         9.60
      2.5170         9.51
      2.5180         9.54
      2.5190         9.45
      2.5200         9.33
      2.5210         9.35
      2.5220         9.09
      2.5230         8.85
      2.5240         8.59
      2.5250         8.58
      2.5260         8.42
      2.5270         8.27
      2.5280         8.16
      2.5290         7.93
      2.5300         7.76
      2.5310         7.75
      2.5320         7.65
      2.5330         7.61
      2.5340         7.42
      2.5350         7.52
      2.5360         7.68
      2.5370         7.67
      2.5380         7.75
      2.5390         7.73
      2.5400         7.72
      2.5410         7.58
      2.5420         7.68
      2.5430         7.75
      2.5440         7.71
      2.5450         7.59
      2.5460         7.63
      2.5470         7.66
      2.5480         7.60
      2.5490         7.64
      2.5500         7.74
      2.5510         7.67
      2.5520         7.59
      2.5530         7.52
      2.5540         7.58
      2.5550         7.55
      2.5560         7.48
      2.5570         7.42
      2.5580         7.26
      2.5590         6.79
      2.5600         6.78
      2.5610         6.77
      2.5620         6.81
      2.5630         6.63
      2.5640         6.63
      2.5650         6.50
      2.5660         6.42
      2.5670         6.42
      2.5680         6.42
      2.5690         6.36
      2.5700         6.43
      2.5710         6.33
      2.5720         6.47
      2.5730         6.67
      2.5740         6.67
      2.5750         6.61
      2.5760         6.60
      2.5770         6.57
      2.5780         6.56
      2.5790         6.51
      2.5800         6.52
      2.5810         7.04
      2.5820         6.97
      2.5830         7.05
      2.5840         7.08
      2.5850         7.17
      2.5860         7.19
      2.5870         7.21
      2.5880         7.27
      2.5890         7.28
      2.5900         7.05
      2.5910         7.03
      2.5920         6.93
      2.5930         6.80
      2.5940         6.81
      2.5950         6.78
      2.5960         6.69
      2.5970         6.57
      2.5980         6.53
      2.5990         6.30
      2.6000         6.08
      2.6010         5.85
      2.6020         5.87
      2.6030         5.67
      2.6040         5.03
      2.6050         4.38
      2.6060         4.37
      2.6070         4.40
      2.6080         4.22
      2.6090         4.17
      2.6100         4.21
      2.6110         4.10
      2.6120         4.06
      2.6130         4.10
      2.6140         4.05
      2.6150         4.09
      2.6160         4.03
      2.6170         3.97
      2.6180         3.95
      2.6190         3.76
      2.6200         3.95
      2.6210         4.03
      2.6220         4.06
      2.6230         4.16
      2.6240         4.09
      2.6250         3.95
      2.6260         4.01
      2.6270         3.95
      2.6280         3.86
      2.6290         3.86
      2.6300         3.83
      2.6310         3.90
      2.6320         3.84
      2.6330         3.82
      2.6340         3.86
      2.6350         3.79
      2.6360         3.73
      2.6370         3.68
      2.6380         3.68
      2.6390         3.78
      2.6400         3.63
      2.6410         3.50
      2.6420         3.36
      2.6430         3.22
      2.6440         3.21
      2.6450         3.19
      2.6460         3.02
      2.6470         2.95
      2.6480         2.40
      2.6490         2.86
      2.6500         2.83
      2.6510         2.24
      2.6520         2.16
      2.6530         2.05
      2.6540         2.04
      2.6550         2.00
      2.6560         1.99
      2.6570         2.00
      2.6580         1.93
      2.6590         1.93
      2.6600         1.87
      2.6610         2.39
      2.6620         2.33
      2.6630         2.35
      2.6640         2.32
      2.6650         2.36
      2.6660         2.45
      2.6670         2.48
      2.6680         2.54
      2.6690         2.52
      2.6700         2.43
      2.6710         2.43
      2.6720         2.47
      2.6730         2.89
      2.6740         2.27
      2.6750         2.24
      2.6760         2.15
      2.6770         2.09
      2.6780         2.12
      2.6790         1.61
      2.6800         2.12
      2.6810         2.01
      2.6820         1.56
      2.6830         1.53
      2.6840         1.54
      2.6850         1.53
      2.6860         1.48
      2.6870         1.36
      2.6880         1.31
      2.6890         1.26
      2.6900         1.30
      2.6910         1.29
      2.6920         1.22
      2.6930         1.19
      2.6940         1.18
      2.6950         1.09
      2.6960         1.10
      2.6970         1.07
      2.6980         1.03
      2.6990         1.00
      2.7000         1.00
      2.7010         1.00
      2.7020         1.00
      2.7030         1.00
      2.7040         1.00
      2.7050         1.00
      2.7060         1.00
      2.7070         1.00
      2.7080         1.00
      2.7090         1.00
      2.7100         1.00
      2.7110         1.00
      2.7120         1.00
      2.7130         1.00
      2.7140         1.00
      2.7150         1.00
      2.7160         1.00
      2.7170         1.00
      2.7180         1.00
      2.7190         1.00
      2.7200         1.00
      2.7210         1.00
      2.7220         1.00
      2.7230         1.00
      2.7240         1.00
      2.7250         1.00
      2.7260         1.00
      2.7270         1.00
      2.7280         1.00
      2.7290         1.00
      2.7300         1.00
      2.7310         1.00
      2.7320         1.00
      2.7330         1.00
      2.7340         1.00
      2.7350         1.00
      2.7360         1.00
      2.7370         1.00
      2.7380         1.00
      2.7390         1.00
      2.7400         1.00
      2.7410         1.00
      2.7420         1.00
      2.7430         1.00
      2.7440         1.00
      2.7450         1.00
      2.7460         1.00
      2.7470         1.00
      2.7480         1.00
      2.7490         1.00
      2.7500         1.00
      2.7510         1.00
      2.7520         1.00
      2.7530         1.00
      2.7540         1.00
      2.7550         1.00
      2.7560         1.00
      2.7570         1.00
      2.7580         1.00
      2.7590         1.00
      2.7600         1.00
      2.7610         1.00
      2.7620         1.00
      2.7630         1.00
      2.7640         1.00
      2.7650         1.00
      2.7660         1.00
      2.7670         1.00
      2.7680         1.00
      2.7690         1.00
      2.7700         1.00
      2.7710         1.00
      2.7720         1.00
      2.7730         1.00
      2.7740         1.00
      2.7750         1.00
      2.7760         1.00
      2.7770         1.00
      2.7780         1.00
      2.7790         1.00
      2.7800         1.00
      2.7810         1.00
      2.7820         1.00
      2.7830         1.00
      2.7840         1.00
      2.7850         1.00
      2.7860         1.00
      2.7870         1.00
      2.7880         1.00
      2.7890         1.00
      2.7900         1.00
      2.7910         1.00
      2.7920         1.00
      2.7930         1.00
      2.7940         1.00
      2.7950         1.00
      2.7960         1.00
      2.7970         1.00
      2.7980         1.00
      2.7990         1.00
      2.8000         1.00
      2.8010         1.00
      2.8020         1.00
      2.8030         1.00
      2.8040         1.00
      2.8050         1.00
      2.8060         1.00
      2.8070         1.00
      2.8080         1.00
      2.8090         1.00
      2.8100         1.00
      2.8110         1.00
      2.8120         1.00
      2.8130         1.00
      2.8140         1.00
      2.8150         1.00
      2.8160         1.00
      2.8170         1.00
      2.8180         1.00
      2.8190         1.00
      2.8200         1.00
      2.8210         1.00
      2.8220         1.00
      2.8230         1.00
      2.8240         1.00
      2.8250         1.00
      2.8260         1.00
      2.8270         1.00
      2.8280         1.00
      2.8290         1.00
      2.8300         1.00
      2.8310         1.00
      2.8320         1.00
      2.8330         1.00
      2.8340         1.00
      2.8350         1.00
      2.8360         1.00
      2.8370         1.00
      2.8380         1.00
      2.8390         1.00
      2.8400         1.00
      2.8410         1.00
      2.8420         1.00
      2.8430         1.00
      2.8440         1.00
      2.8450         1.00
      2.8460         1.00
      2.8470         1.00
      2.8480         1.00
      2.8490         1.00
      2.8500         1.00
      2.8510         1.00
      2.8520         1.00
      2.8530         1.00
      2.8540         1.00
      2.8550         1.00
      2.8560         1.00
      2.8570         1.00
      2.8580         1.00
      2.8590         1.00
      2.8600         1.00
      2.8610         1.00
      2.8620         1.00
      2.8630         1.00
      2.8640         1.00
      2.8650         1.00
      2.8660         1.00
      2.8670         1.00
      2.8680         1.00
      2.8690         1.00
      2.8700         1.00
      2.8710         1.00
      2.8720         1.00
      2.8730         1.00
      2.8740         1.00
      2.8750         1.00
      2.8760         1.00
      2.8770         1.00
      2.8780         1.00
      2.8790         1.00
      2.8800         1.00
      2.8810         1.00
      2.8820         1.00
      2.8830         1.00
      2.8840         1.00
      2.8850         1.00
      2.8860         1.00
      2.8870         1.00
      2.8880         1.00
      2.8890         1.00
      2.8900         1.00
      2.8910         1.00
      2.8920         1.00
      2.8930         1.00
      2.8940         1.00
      2.8950         1.00
      2.8960         1.00
      2.8970         1.00
      2.8980         1.00
      2.8990         1.00
      2.9000         1.00
      2.9010         1.00
      2.9020         1.00
      2.9030         1.00
      2.9040         1.00
      2.9050         1.00
      2.9060         1.00
      2.9070         1.00
      2.9080         1.00
      2.9090         1.00
      2.9100         1.00
      2.9110         1.00
      2.9120         1.00
      2.9130         1.00
      2.9140         1.00
      2.9150         1.00
      2.9160         1.00
      2.9170         1.00
      2.9180         1.00
      2.9190         1.00
      2.9200         1.00
      2.9210         1.00
      2.9220         1.00
      2.9230         1.00
      2.9240         1.00
      2.9250         1.00
      2.9260         1.00
      2.9270         1.00
      2.9280         1.00
      2.9290         1.00
      2.9300         1.00
      2.9310         1.00
      2.9320         1.00
      2.9330         1.00
      2.9340         1.00
      2.9350         1.00
      2.9360         1.00
      2.9370         1.00
      2.9380         1.00
      2.9390         1.00
      2.9400         1.00
      2.9410         1.00
      2.9420         1.00
      2.9430         1.00
      2.9440         1.00
      2.9450         1.00
      2.9460         1.00
      2.9470         1.00
      2.9480         1.00
      2.9490         1.00
      2.9500         1.00
      2.9510         1.00
      2.9520         1.00
      2.9530         1.00
      2.9540         1.00
      2.9550         1.00
      2.9560         1.00
      2.9570         1.00
      2.9580         1.00
      2.9590         1.00
      2.9600         1.00
      2.9610         1.00
      2.9620         1.00
      2.9630         1.00
      2.9640         1.00
      2.9650         1.00
      2.9660         1.00
      2.9670         1.00
      2.9680         1.00
      2.9690         1.00
      2.9700         1.00
      2.9710         1.00
      2.9720         1.00
      2.9730         1.00
      2.9740         1.00
      2.9750         1.00
      2.9760         1.00
      2.9770         1.00
      2.9780         1.00
      2.9790         1.00
      2.9800         1.00
      2.9810         1.00
      2.9820         1.00
      2.9830         1.00
      2.9840         1.00
      2.9850         1.00
      2.9860         1.00
      2.9870         1.00
      2.9880         1.00
      2.9890         1.00
      2.9900         1.00
      2.9910         1.00
      2.9920         1.00
      2.9930         1.00
      2.9940         1.00
      2.9950         1.00
      2.9960         1.00
      2.9970         1.00
      2.9980         1.00
      2.9990         1.00
