        Time   Palpation Force
      0.0000         1.00
      0.0010         1.00
      0.0020         1.00
      0.0030         1.00
      0.0040         1.00
      0.0050         1.00
      0.0060         1.00
      0.0070         1.00
      0.0080         1.00
      0.0090         1.00
      0.0100         1.00
      0.0110         1.00
      0.0120         1.00
      0.0130         1.00
      0.0140         1.00
      0.0150         1.00
      0.0160         1.00
      0.0170         1.00
      0.0180         1.00
      0.0190         1.00
      0.0200         1.00
      0.0210         1.00
      0.0220         1.00
      0.0230         1.00
      0.0240         1.23
      0.0250         1.00
      0.0260         1.00
      0.0270         1.00
      0.0280         1.31
      0.0290         1.39
      0.0300         1.40
      0.0310         1.35
      0.0320         1.38
      0.0330         1.00
      0.0340         1.00
      0.0350         1.00
      0.0360         1.00
      0.0370         1.03
      0.0380         1.09
      0.0390         1.07
      0.0400         1.05
      0.0410         1.00
      0.0420         1.00
      0.0430         1.00
      0.0440         1.00
      0.0450         1.00
      0.0460         1.00
      0.0470         1.00
      0.0480         1.00
      0.0490         1.00
      0.0500         1.00
      0.0510         1.00
      0.0520         1.00
      0.0530         1.00
      0.0540         1.00
      0.0550         1.00
      0.0560         1.00
      0.0570         1.00
      0.0580         1.00
      0.0590         1.00
      0.0600         1.00
      0.0610         1.00
      0.0620         1.00
      0.0630         1.00
      0.0640         1.00
      0.0650         1.00
      0.0660         1.00
      0.0670         1.00
      0.0680         1.00
      0.0690         1.00
      0.0700         1.00
      0.0710         1.00
      0.0720         1.00
      0.0730         1.00
      0.0740         1.00
      0.0750         1.00
      0.0760         1.00
      0.0770         1.00
      0.0780         1.00
      0.0790         1.00
      0.0800         1.00
      0.0810         1.00
      0.0820         1.00
      0.0830         1.00
      0.0840         1.00
      0.0850         1.28
      0.0860         1.47
      0.0870         1.48
      0.0880         1.40
      0.0890         1.36
      0.0900         1.46
      0.0910         1.38
      0.0920         1.24
      0.0930         1.00
      0.0940         1.00
      0.0950         1.00
      0.0960         1.27
      0.0970         1.00
      0.0980         1.00
      0.0990         1.00
      0.1000         1.00
      0.1010         1.00
      0.1020         1.00
      0.1030         1.00
      0.1040         1.00
      0.1050         1.00
      0.1060         1.00
      0.1070         1.00
      0.1080         1.00
      0.1090         1.00
      0.1100         1.00
      0.1110         1.00
      0.1120         1.00
      0.1130         1.00
      0.1140         1.00
      0.1150         1.00
      0.1160         1.00
      0.1170         1.00
      0.1180         1.00
      0.1190         1.00
      0.1200         1.00
      0.1210         1.00
      0.1220         1.00
      0.1230         1.00
      0.1240         1.00
      0.1250         1.00
      0.1260         1.00
      0.1270         1.00
      0.1280         1.00
      0.1290         1.00
      0.1300         1.00
      0.1310         1.00
      0.1320         1.00
      0.1330         1.00
      0.1340         1.00
      0.1350         1.00
      0.1360         1.00
      0.1370         1.00
      0.1380         1.00
      0.1390         1.00
      0.1400         1.00
      0.1410         1.00
      0.1420         1.00
      0.1430         1.00
      0.1440         1.00
      0.1450         1.00
      0.1460         1.00
      0.1470         1.00
      0.1480         1.00
      0.1490         1.00
      0.1500         1.08
      0.1510         1.12
      0.1520         1.00
      0.1530         1.00
      0.1540         1.14
      0.1550         1.16
      0.1560         1.20
      0.1570         1.23
      0.1580         1.00
      0.1590         1.00
      0.1600         1.00
      0.1610         1.00
      0.1620         1.00
      0.1630         1.00
      0.1640         1.00
      0.1650         1.00
      0.1660         1.00
      0.1670         1.00
      0.1680         1.00
      0.1690         1.00
      0.1700         1.00
      0.1710         1.00
      0.1720         1.00
      0.1730         1.00
      0.1740         1.00
      0.1750         1.00
      0.1760         1.00
      0.1770         1.00
      0.1780         1.35
      0.1790         1.51
      0.1800         1.46
      0.1810         1.38
      0.1820         1.44
      0.1830         1.39
      0.1840         1.31
      0.1850         1.26
      0.1860         1.27
      0.1870         1.30
      0.1880         1.24
      0.1890         1.00
      0.1900         1.00
      0.1910         1.00
      0.1920         1.00
      0.1930         1.00
      0.1940         1.00
      0.1950         1.00
      0.1960         1.00
      0.1970         1.00
      0.1980         1.00
      0.1990         1.00
      0.2000         1.00
      0.2010         1.00
      0.2020         1.00
      0.2030         1.00
      0.2040         1.00
      0.2050         1.00
      0.2060         1.00
      0.2070         1.00
      0.2080         1.00
      0.2090         1.00
      0.2100         1.00
      0.2110         1.00
      0.2120         1.06
      0.2130         1.67
      0.2140         1.68
      0.2150         1.79
      0.2160         1.81
      0.2170         1.88
      0.2180         2.34
      0.2190         2.45
      0.2200         2.41
      0.2210         1.78
      0.2220         2.35
      0.2230         1.87
      0.2240         1.83
      0.2250         1.87
      0.2260         1.99
      0.2270         1.37
      0.2280         1.00
      0.2290         1.00
      0.2300         1.00
      0.2310         1.00
      0.2320         1.00
      0.2330         1.00
      0.2340         1.00
      0.2350         1.00
      0.2360         1.00
      0.2370         1.00
      0.2380         1.00
      0.2390         1.00
      0.2400         1.00
      0.2410         1.00
      0.2420         1.00
      0.2430         1.00
      0.2440         1.00
      0.2450         1.00
      0.2460         1.00
      0.2470         1.00
      0.2480         1.00
      0.2490         1.00
      0.2500         1.00
      0.2510         1.00
      0.2520         1.00
      0.2530         1.00
      0.2540         1.00
      0.2550         1.07
      0.2560         1.00
      0.2570         1.00
      0.2580         1.00
      0.2590         1.00
      0.2600         1.00
      0.2610         1.11
      0.2620         1.15
      0.2630         1.27
      0.2640         1.32
      0.2650         1.23
      0.2660         1.20
      0.2670         1.00
      0.2680         1.00
      0.2690         1.00
      0.2700         1.00
      0.2710         1.00
      0.2720         1.00
      0.2730         1.00
      0.2740         1.00
      0.2750         1.00
      0.2760         1.00
      0.2770         1.00
      0.2780         1.00
      0.2790         1.00
      0.2800         1.00
      0.2810         1.00
      0.2820         1.00
      0.2830         1.00
      0.2840         1.00
      0.2850         1.00
      0.2860         1.00
      0.2870         1.00
      0.2880         1.00
      0.2890         1.00
      0.2900         1.00
      0.2910         1.00
      0.2920         1.00
      0.2930         1.00
      0.2940         1.00
      0.2950         1.00
      0.2960         1.00
      0.2970         1.00
      0.2980         1.00
      0.2990         1.00
      0.3000         1.00
      0.3010         1.00
      0.3020         1.00
      0.3030         1.00
      0.3040         1.18
      0.3050         1.00
      0.3060         1.00
      0.3070         1.00
      0.3080         1.00
      0.3090         1.00
      0.3100         1.00
      0.3110         1.00
      0.3120         1.00
      0.3130         1.00
      0.3140         1.00
      0.3150         1.00
      0.3160         1.00
      0.3170         1.00
      0.3180         1.00
      0.3190         1.00
      0.3200         1.00
      0.3210         1.00
      0.3220         1.00
      0.3230         1.00
      0.3240         1.00
      0.3250         1.00
      0.3260         1.00
      0.3270         1.00
      0.3280         1.00
      0.3290         1.00
      0.3300         1.00
      0.3310         1.00
      0.3320         1.00
      0.3330         1.00
      0.3340         1.00
      0.3350         1.00
      0.3360         1.00
      0.3370         1.00
      0.3380         1.00
      0.3390         1.00
      0.3400         1.00
      0.3410         1.00
      0.3420         1.00
      0.3430         1.00
      0.3440         1.00
      0.3450         1.00
      0.3460         1.00
      0.3470         1.00
      0.3480         1.00
      0.3490         1.00
      0.3500         1.00
      0.3510         1.00
      0.3520         1.00
      0.3530         1.00
      0.3540         1.00
      0.3550         1.00
      0.3560         1.00
      0.3570         1.00
      0.3580         1.00
      0.3590         1.00
      0.3600         1.00
      0.3610         1.00
      0.3620         1.00
      0.3630         1.00
      0.3640         1.00
      0.3650         1.00
      0.3660         1.00
      0.3670         1.00
      0.3680         1.00
      0.3690         1.00
      0.3700         1.00
      0.3710         1.00
      0.3720         1.00
      0.3730         1.00
      0.3740         1.00
      0.3750         1.00
      0.3760         1.00
      0.3770         1.00
      0.3780         1.00
      0.3790         1.00
      0.3800         1.00
      0.3810         1.00
      0.3820         1.00
      0.3830         1.00
      0.3840         1.00
      0.3850         1.00
      0.3860         1.00
      0.3870         1.00
      0.3880         1.00
      0.3890         1.00
      0.3900         1.00
      0.3910         1.00
      0.3920         1.00
      0.3930         1.00
      0.3940         1.00
      0.3950         1.00
      0.3960         1.00
      0.3970         1.00
      0.3980         1.00
      0.3990         1.00
      0.4000         1.00
      0.4010         1.00
      0.4020         1.00
      0.4030         1.00
      0.4040         1.00
      0.4050         1.00
      0.4060         1.00
      0.4070         1.00
      0.4080         1.00
      0.4090         1.00
      0.4100         1.00
      0.4110         1.00
      0.4120         1.00
      0.4130         1.00
      0.4140         1.00
      0.4150         1.00
      0.4160         1.00
      0.4170         1.00
      0.4180         1.00
      0.4190         1.00
      0.4200         1.00
      0.4210         1.00
      0.4220         1.00
      0.4230         1.00
      0.4240         1.00
      0.4250         1.00
      0.4260         1.00
      0.4270         1.00
      0.4280         1.00
      0.4290         1.00
      0.4300         1.00
      0.4310         1.00
      0.4320         1.00
      0.4330         1.00
      0.4340         1.00
      0.4350         1.00
      0.4360         1.00
      0.4370         1.00
      0.4380         1.00
      0.4390         1.00
      0.4400         1.00
      0.4410         1.00
      0.4420         1.00
      0.4430         1.00
      0.4440         1.00
      0.4450         1.00
      0.4460         1.00
      0.4470         1.00
      0.4480         1.00
      0.4490         1.00
      0.4500         1.00
      0.4510         1.00
      0.4520         1.00
      0.4530         1.00
      0.4540         1.00
      0.4550         1.00
      0.4560         1.00
      0.4570         1.00
      0.4580         1.00
      0.4590         1.00
      0.4600         1.00
      0.4610         1.00
      0.4620         1.00
      0.4630         1.00
      0.4640         1.00
      0.4650         1.00
      0.4660         1.00
      0.4670         1.00
      0.4680         1.00
      0.4690         1.00
      0.4700         1.00
      0.4710         1.00
      0.4720         1.00
      0.4730         1.00
      0.4740         1.00
      0.4750         1.00
      0.4760         1.00
      0.4770         1.00
      0.4780         1.00
      0.4790         1.00
      0.4800         1.00
      0.4810         1.00
      0.4820         1.00
      0.4830         1.00
      0.4840         1.00
      0.4850         1.00
      0.4860         1.00
      0.4870         1.00
      0.4880         1.00
      0.4890         1.00
      0.4900         1.00
      0.4910         1.00
      0.4920         1.00
      0.4930         1.00
      0.4940         1.00
      0.4950         1.00
      0.4960         1.00
      0.4970         1.00
      0.4980         1.00
      0.4990         1.00
      0.5000         1.00
      0.5010         1.00
      0.5020         1.00
      0.5030         1.00
      0.5040         1.00
      0.5050         1.00
      0.5060         1.00
      0.5070         1.00
      0.5080         1.00
      0.5090         1.00
      0.5100         1.00
      0.5110         1.00
      0.5120         1.00
      0.5130         1.00
      0.5140         1.00
      0.5150         1.00
      0.5160         1.00
      0.5170         1.00
      0.5180         1.00
      0.5190         1.00
      0.5200         1.00
      0.5210         1.00
      0.5220         1.00
      0.5230         1.00
      0.5240         1.00
      0.5250         1.00
      0.5260         1.00
      0.5270         1.00
      0.5280         1.00
      0.5290         1.00
      0.5300         1.00
      0.5310         1.00
      0.5320         1.00
      0.5330         1.00
      0.5340         1.00
      0.5350         1.00
      0.5360         1.00
      0.5370         1.00
      0.5380         1.00
      0.5390         1.00
      0.5400         1.00
      0.5410         1.00
      0.5420         1.00
      0.5430         1.00
      0.5440         1.00
      0.5450         1.00
      0.5460         1.00
      0.5470         1.00
      0.5480         1.00
      0.5490         1.00
      0.5500         1.00
      0.5510         1.00
      0.5520         1.00
      0.5530         1.00
      0.5540         1.00
      0.5550         1.00
      0.5560         1.00
      0.5570         1.00
      0.5580         1.00
      0.5590         1.00
      0.5600         1.00
      0.5610         1.00
      0.5620         1.00
      0.5630         1.00
      0.5640         1.00
      0.5650         1.00
      0.5660         1.00
      0.5670         1.00
      0.5680         1.00
      0.5690         1.00
      0.5700         1.00
      0.5710         1.00
      0.5720         1.00
      0.5730         1.00
      0.5740         1.00
      0.5750         1.00
      0.5760         1.00
      0.5770         1.00
      0.5780         1.00
      0.5790         1.00
      0.5800         1.00
      0.5810         1.00
      0.5820         1.00
      0.5830         1.00
      0.5840         1.00
      0.5850         1.00
      0.5860         1.00
      0.5870         1.00
      0.5880         1.00
      0.5890         1.00
      0.5900         1.00
      0.5910         1.00
      0.5920         1.00
      0.5930         1.00
      0.5940         1.00
      0.5950         1.00
      0.5960         1.00
      0.5970         1.00
      0.5980         1.00
      0.5990         1.00
      0.6000         1.00
      0.6010         1.00
      0.6020         1.00
      0.6030         1.00
      0.6040         1.00
      0.6050         1.00
      0.6060         1.00
      0.6070         1.00
      0.6080         1.00
      0.6090         1.00
      0.6100         1.00
      0.6110         1.00
      0.6120         1.00
      0.6130         1.00
      0.6140         1.00
      0.6150         1.00
      0.6160         1.00
      0.6170         1.00
      0.6180         1.00
      0.6190         1.00
      0.6200         1.00
      0.6210         1.00
      0.6220         1.00
      0.6230         1.00
      0.6240         1.00
      0.6250         1.00
      0.6260         1.00
      0.6270         1.00
      0.6280         1.00
      0.6290         1.00
      0.6300         1.00
      0.6310         1.00
      0.6320         1.00
      0.6330         1.00
      0.6340         1.00
      0.6350         1.00
      0.6360         1.00
      0.6370         1.00
      0.6380         1.00
      0.6390         1.00
      0.6400         1.00
      0.6410         1.00
      0.6420         1.00
      0.6430         1.00
      0.6440         1.00
      0.6450         1.00
      0.6460         1.00
      0.6470         1.00
      0.6480         1.00
      0.6490         1.00
      0.6500         1.00
      0.6510         1.00
      0.6520         1.00
      0.6530         1.00
      0.6540         1.00
      0.6550         1.00
      0.6560         1.00
      0.6570         1.00
      0.6580         1.00
      0.6590         1.00
      0.6600         1.00
      0.6610         1.00
      0.6620         1.00
      0.6630         1.00
      0.6640         1.00
      0.6650         1.00
      0.6660         1.00
      0.6670         1.00
      0.6680         1.00
      0.6690         1.00
      0.6700         1.00
      0.6710         1.00
      0.6720         1.00
      0.6730         1.00
      0.6740         1.00
      0.6750         1.00
      0.6760         1.00
      0.6770         1.00
      0.6780         1.00
      0.6790         1.00
      0.6800         1.00
      0.6810         1.00
      0.6820         1.00
      0.6830         1.00
      0.6840         1.00
      0.6850         1.00
      0.6860         1.00
      0.6870         1.00
      0.6880         1.00
      0.6890         1.00
      0.6900         1.00
      0.6910         1.00
      0.6920         1.00
      0.6930         1.00
      0.6940         1.00
      0.6950         1.00
      0.6960         1.00
      0.6970         1.00
      0.6980         1.00
      0.6990         1.00
      0.7000         1.00
      0.7010         1.00
      0.7020         1.00
      0.7030         1.00
      0.7040         1.00
      0.7050         1.00
      0.7060         1.00
      0.7070         1.00
      0.7080         1.00
      0.7090         1.00
      0.7100         1.00
      0.7110         1.00
      0.7120         1.00
      0.7130         1.00
      0.7140         1.00
      0.7150         1.00
      0.7160         1.00
      0.7170         1.00
      0.7180         1.00
      0.7190         1.00
      0.7200         1.00
      0.7210         1.00
      0.7220         1.00
      0.7230         1.00
      0.7240         1.00
      0.7250         1.00
      0.7260         1.00
      0.7270         1.00
      0.7280         1.00
      0.7290         1.00
      0.7300         1.00
      0.7310         1.00
      0.7320         1.00
      0.7330         1.00
      0.7340         1.00
      0.7350         1.00
      0.7360         1.00
      0.7370         1.00
      0.7380         1.00
      0.7390         1.00
      0.7400         1.00
      0.7410         1.00
      0.7420         1.00
      0.7430         1.00
      0.7440         1.00
      0.7450         1.00
      0.7460         1.00
      0.7470         1.00
      0.7480         1.00
      0.7490         1.00
      0.7500         1.00
      0.7510         1.00
      0.7520         1.00
      0.7530         1.00
      0.7540         1.00
      0.7550         1.00
      0.7560         1.00
      0.7570         1.00
      0.7580         1.00
      0.7590         1.00
      0.7600         1.00
      0.7610         1.00
      0.7620         1.00
      0.7630         1.00
      0.7640         1.00
      0.7650         1.00
      0.7660         1.00
      0.7670         1.00
      0.7680         1.00
      0.7690         1.00
      0.7700         1.00
      0.7710         1.00
      0.7720         1.00
      0.7730         1.00
      0.7740         1.00
      0.7750         1.00
      0.7760         1.00
      0.7770         1.00
      0.7780         1.00
      0.7790         1.00
      0.7800         1.00
      0.7810         1.00
      0.7820         1.00
      0.7830         1.00
      0.7840         1.00
      0.7850         1.00
      0.7860         1.00
      0.7870         1.00
      0.7880         1.00
      0.7890         1.00
      0.7900         1.00
      0.7910         1.00
      0.7920         1.00
      0.7930         1.00
      0.7940         1.00
      0.7950         1.00
      0.7960         1.00
      0.7970         1.00
      0.7980         1.00
      0.7990         1.00
      0.8000         1.00
      0.8010         1.00
      0.8020         1.00
      0.8030         1.00
      0.8040         1.00
      0.8050         1.00
      0.8060         1.00
      0.8070         1.00
      0.8080         1.00
      0.8090         1.00
      0.8100         1.00
      0.8110         1.00
      0.8120         1.00
      0.8130         1.00
      0.8140         1.00
      0.8150         1.00
      0.8160         1.00
      0.8170         1.00
      0.8180         1.00
      0.8190         1.00
      0.8200         1.00
      0.8210         1.00
      0.8220         1.00
      0.8230         1.00
      0.8240         1.00
      0.8250         1.00
      0.8260         1.00
      0.8270         1.00
      0.8280         1.00
      0.8290         1.00
      0.8300         1.00
      0.8310         1.00
      0.8320         1.00
      0.8330         1.00
      0.8340         1.00
      0.8350         1.00
      0.8360         1.00
      0.8370         1.00
      0.8380         1.00
      0.8390         1.00
      0.8400         1.60
      0.8410         1.21
      0.8420         1.26
      0.8430         1.29
      0.8440         1.28
      0.8450         1.81
      0.8460         1.85
      0.8470         1.89
      0.8480         1.87
      0.8490         1.92
      0.8500         1.97
      0.8510         1.87
      0.8520         1.85
      0.8530         1.47
      0.8540         2.07
      0.8550         2.12
      0.8560         2.11
      0.8570         2.19
      0.8580         2.08
      0.8590         2.19
      0.8600         2.08
      0.8610         2.14
      0.8620         1.80
      0.8630         1.87
      0.8640         2.40
      0.8650         2.48
      0.8660         2.46
      0.8670         2.38
      0.8680         2.52
      0.8690         2.66
      0.8700         3.38
      0.8710         3.61
      0.8720         3.67
      0.8730         3.79
      0.8740         3.82
      0.8750         3.93
      0.8760         4.17
      0.8770         4.37
      0.8780         4.55
      0.8790         4.51
      0.8800         4.78
      0.8810         4.88
      0.8820         4.90
      0.8830         5.12
      0.8840         5.17
      0.8850         5.16
      0.8860         5.25
      0.8870         5.21
      0.8880         5.13
      0.8890         5.32
      0.8900         5.17
      0.8910         5.22
      0.8920         5.27
      0.8930         5.20
      0.8940         5.26
      0.8950         5.22
      0.8960         5.29
      0.8970         5.28
      0.8980         5.31
      0.8990         5.40
      0.9000         5.37
      0.9010         5.49
      0.9020         5.68
      0.9030         5.75
      0.9040         5.92
      0.9050         6.15
      0.9060         6.32
      0.9070         6.59
      0.9080         6.79
      0.9090         6.97
      0.9100         7.28
      0.9110         7.57
      0.9120         7.76
      0.9130         7.95
      0.9140         8.14
      0.9150         8.50
      0.9160         8.65
      0.9170         8.91
      0.9180         9.11
      0.9190         9.28
      0.9200         9.56
      0.9210         9.74
      0.9220         9.87
      0.9230         9.95
      0.9240        10.09
      0.9250        10.29
      0.9260        10.38
      0.9270        10.54
      0.9280        10.59
      0.9290        10.46
      0.9300        10.54
      0.9310        10.64
      0.9320        10.76
      0.9330        10.75
      0.9340        10.86
      0.9350        10.97
      0.9360        11.06
      0.9370        11.04
      0.9380        11.17
      0.9390        11.17
      0.9400        11.18
      0.9410        11.36
      0.9420        11.39
      0.9430        11.70
      0.9440        11.84
      0.9450        11.87
      0.9460        12.06
      0.9470        12.11
      0.9480        12.44
      0.9490        12.73
      0.9500        12.87
      0.9510        12.99
      0.9520        13.28
      0.9530        13.84
      0.9540        13.99
      0.9550        14.16
      0.9560        14.27
      0.9570        14.49
      0.9580        14.74
      0.9590        15.05
      0.9600        15.36
      0.9610        15.49
      0.9620        15.76
      0.9630        15.91
      0.9640        16.25
      0.9650        16.49
      0.9660        16.85
      0.9670        17.17
      0.9680        17.38
      0.9690        17.65
      0.9700        17.88
      0.9710        18.07
      0.9720        18.23
      0.9730        18.32
      0.9740        18.48
      0.9750        18.71
      0.9760        19.03
      0.9770        19.28
      0.9780        19.55
      0.9790        19.79
      0.9800        19.97
      0.9810        20.13
      0.9820        20.37
      0.9830        20.53
      0.9840        20.58
      0.9850        20.86
      0.9860        20.94
      0.9870        21.07
      0.9880        21.26
      0.9890        21.38
      0.9900        21.69
      0.9910        21.96
      0.9920        22.10
      0.9930        22.38
      0.9940        22.69
      0.9950        22.87
      0.9960        23.05
      0.9970        23.18
      0.9980        23.29
      0.9990        23.57
      1.0000        23.80
      1.0010        24.23
      1.0020        24.39
      1.0030        24.69
      1.0040        25.01
      1.0050        25.22
      1.0060        25.44
      1.0070        25.76
      1.0080        25.90
      1.0090        26.14
      1.0100        26.25
      1.0110        26.43
      1.0120        26.85
      1.0130        26.96
      1.0140        27.21
      1.0150        27.43
      1.0160        27.71
      1.0170        28.00
      1.0180        28.24
      1.0190        28.55
      1.0200        28.83
      1.0210        28.91
      1.0220        29.31
      1.0230        29.62
      1.0240        29.65
      1.0250        29.83
      1.0260        30.11
      1.0270        30.24
      1.0280        30.37
      1.0290        30.66
      1.0300        30.97
      1.0310        31.23
      1.0320        31.42
      1.0330        31.69
      1.0340        31.87
      1.0350        32.13
      1.0360        32.32
      1.0370        32.55
      1.0380        32.84
      1.0390        32.87
      1.0400        33.05
      1.0410        33.10
      1.0420        33.20
      1.0430        33.26
      1.0440        33.61
      1.0450        33.92
      1.0460        34.15
      1.0470        34.34
      1.0480        34.75
      1.0490        34.88
      1.0500        35.03
      1.0510        35.20
      1.0520        35.30
      1.0530        35.44
      1.0540        35.67
      1.0550        35.75
      1.0560        35.66
      1.0570        35.74
      1.0580        35.66
      1.0590        35.70
      1.0600        35.63
      1.0610        35.83
      1.0620        35.89
      1.0630        35.86
      1.0640        35.99
      1.0650        36.00
      1.0660        36.02
      1.0670        35.98
      1.0680        36.00
      1.0690        36.09
      1.0700        36.30
      1.0710        36.25
      1.0720        36.33
      1.0730        36.25
      1.0740        36.31
      1.0750        36.37
      1.0760        36.73
      1.0770        36.98
      1.0780        37.24
      1.0790        37.50
      1.0800        37.72
      1.0810        37.91
      1.0820        38.21
      1.0830        38.48
      1.0840        38.67
      1.0850        38.91
      1.0860        39.04
      1.0870        39.44
      1.0880        39.67
      1.0890        39.76
      1.0900        39.73
      1.0910        40.17
      1.0920        40.39
      1.0930        40.82
      1.0940        41.05
      1.0950        41.29
      1.0960        41.39
      1.0970        41.38
      1.0980        41.61
      1.0990        41.77
      1.1000        42.01
      1.1010        42.20
      1.1020        42.33
      1.1030        42.43
      1.1040        42.54
      1.1050        42.60
      1.1060        42.90
      1.1070        42.99
      1.1080        43.06
      1.1090        43.34
      1.1100        43.50
      1.1110        43.57
      1.1120        43.77
      1.1130        43.86
      1.1140        44.02
      1.1150        44.38
      1.1160        44.64
      1.1170        44.84
      1.1180        44.93
      1.1190        45.25
      1.1200        45.46
      1.1210        45.69
      1.1220        45.83
      1.1230        46.12
      1.1240        46.25
      1.1250        46.70
      1.1260        46.65
      1.1270        46.68
      1.1280        46.92
      1.1290        46.99
      1.1300        47.14
      1.1310        46.99
      1.1320        47.03
      1.1330        46.95
      1.1340        46.93
      1.1350        46.84
      1.1360        46.72
      1.1370        46.66
      1.1380        46.62
      1.1390        46.31
      1.1400        46.29
      1.1410        46.13
      1.1420        46.07
      1.1430        45.85
      1.1440        45.74
      1.1450        45.34
      1.1460        45.29
      1.1470        45.29
      1.1480        45.13
      1.1490        45.11
      1.1500        45.06
      1.1510        45.18
      1.1520        45.14
      1.1530        45.26
      1.1540        45.40
      1.1550        45.38
      1.1560        45.54
      1.1570        45.85
      1.1580        46.01
      1.1590        46.38
      1.1600        46.54
      1.1610        46.65
      1.1620        46.91
      1.1630        47.34
      1.1640        47.65
      1.1650        48.19
      1.1660        48.54
      1.1670        49.02
      1.1680        49.42
      1.1690        49.68
      1.1700        50.09
      1.1710        50.62
      1.1720        50.96
      1.1730        51.16
      1.1740        51.34
      1.1750        51.59
      1.1760        51.73
      1.1770        51.82
      1.1780        52.20
      1.1790        52.32
      1.1800        52.35
      1.1810        52.75
      1.1820        53.01
      1.1830        53.11
      1.1840        53.25
      1.1850        53.19
      1.1860        53.26
      1.1870        53.11
      1.1880        53.18
      1.1890        53.19
      1.1900        53.22
      1.1910        53.05
      1.1920        53.03
      1.1930        53.12
      1.1940        53.12
      1.1950        53.27
      1.1960        53.51
      1.1970        53.71
      1.1980        53.63
      1.1990        53.62
      1.2000        53.75
      1.2010        53.76
      1.2020        53.69
      1.2030        53.57
      1.2040        53.76
      1.2050        53.76
      1.2060        53.86
      1.2070        53.94
      1.2080        53.91
      1.2090        53.86
      1.2100        53.87
      1.2110        53.93
      1.2120        53.99
      1.2130        54.10
      1.2140        54.15
      1.2150        54.03
      1.2160        53.95
      1.2170        53.83
      1.2180        53.85
      1.2190        54.05
      1.2200        54.23
      1.2210        54.16
      1.2220        54.15
      1.2230        54.27
      1.2240        54.27
      1.2250        54.50
      1.2260        54.58
      1.2270        54.73
      1.2280        54.83
      1.2290        55.10
      1.2300        55.25
      1.2310        55.42
      1.2320        55.53
      1.2330        55.74
      1.2340        56.01
      1.2350        56.29
      1.2360        56.67
      1.2370        57.12
      1.2380        57.58
      1.2390        57.70
      1.2400        57.84
      1.2410        58.40
      1.2420        58.87
      1.2430        59.20
      1.2440        59.47
      1.2450        59.71
      1.2460        60.05
      1.2470        60.27
      1.2480        60.55
      1.2490        60.81
      1.2500        61.04
      1.2510        61.40
      1.2520        61.63
      1.2530        61.78
      1.2540        61.94
      1.2550        62.08
      1.2560        62.06
      1.2570        62.03
      1.2580        61.99
      1.2590        62.02
      1.2600        62.14
      1.2610        61.92
      1.2620        61.75
      1.2630        61.67
      1.2640        61.45
      1.2650        61.24
      1.2660        61.14
      1.2670        61.18
      1.2680        61.16
      1.2690        61.02
      1.2700        60.96
      1.2710        60.76
      1.2720        60.81
      1.2730        60.88
      1.2740        60.76
      1.2750        60.68
      1.2760        60.60
      1.2770        60.63
      1.2780        60.62
      1.2790        60.79
      1.2800        60.61
      1.2810        60.76
      1.2820        60.93
      1.2830        61.02
      1.2840        61.30
      1.2850        61.60
      1.2860        61.75
      1.2870        61.91
      1.2880        62.03
      1.2890        62.31
      1.2900        62.58
      1.2910        62.85
      1.2920        63.01
      1.2930        62.99
      1.2940        63.15
      1.2950        63.46
      1.2960        63.81
      1.2970        63.98
      1.2980        64.02
      1.2990        64.07
      1.3000        64.41
      1.3010        64.50
      1.3020        64.58
      1.3030        64.85
      1.3040        65.01
      1.3050        65.13
      1.3060        65.09
      1.3070        65.25
      1.3080        65.48
      1.3090        65.59
      1.3100        65.75
      1.3110        65.89
      1.3120        66.00
      1.3130        66.23
      1.3140        66.54
      1.3150        66.71
      1.3160        66.86
      1.3170        66.95
      1.3180        67.18
      1.3190        67.51
      1.3200        67.77
      1.3210        67.97
      1.3220        68.23
      1.3230        68.35
      1.3240        68.55
      1.3250        68.90
      1.3260        69.34
      1.3270        69.44
      1.3280        69.54
      1.3290        69.72
      1.3300        69.84
      1.3310        70.04
      1.3320        70.20
      1.3330        70.38
      1.3340        70.36
      1.3350        70.51
      1.3360        70.48
      1.3370        70.56
      1.3380        70.70
      1.3390        70.72
      1.3400        70.70
      1.3410        70.75
      1.3420        70.68
      1.3430        70.62
      1.3440        70.48
      1.3450        70.30
      1.3460        70.18
      1.3470        70.20
      1.3480        70.14
      1.3490        70.30
      1.3500        70.30
      1.3510        70.28
      1.3520        70.31
      1.3530        70.34
      1.3540        70.42
      1.3550        70.38
      1.3560        70.54
      1.3570        70.82
      1.3580        70.78
      1.3590        70.86
      1.3600        70.97
      1.3610        71.17
      1.3620        71.37
      1.3630        71.65
      1.3640        71.91
      1.3650        72.11
      1.3660        72.23
      1.3670        72.43
      1.3680        72.65
      1.3690        72.58
      1.3700        72.64
      1.3710        72.77
      1.3720        72.89
      1.3730        72.97
      1.3740        73.04
      1.3750        73.09
      1.3760        73.24
      1.3770        73.18
      1.3780        73.41
      1.3790        73.52
      1.3800        73.69
      1.3810        73.68
      1.3820        73.74
      1.3830        73.63
      1.3840        73.71
      1.3850        73.74
      1.3860        73.93
      1.3870        73.93
      1.3880        73.94
      1.3890        74.13
      1.3900        74.32
      1.3910        74.21
      1.3920        74.39
      1.3930        74.45
      1.3940        74.55
      1.3950        74.74
      1.3960        74.76
      1.3970        74.88
      1.3980        75.00
      1.3990        75.02
      1.4000        74.92
      1.4010        74.90
      1.4020        74.98
      1.4030        75.08
      1.4040        75.10
      1.4050        75.06
      1.4060        74.98
      1.4070        74.91
      1.4080        74.75
      1.4090        74.74
      1.4100        74.58
      1.4110        74.65
      1.4120        74.43
      1.4130        74.25
      1.4140        74.19
      1.4150        74.04
      1.4160        73.92
      1.4170        73.67
      1.4180        73.48
      1.4190        73.36
      1.4200        73.25
      1.4210        73.37
      1.4220        73.29
      1.4230        73.43
      1.4240        73.36
      1.4250        73.52
      1.4260        73.52
      1.4270        73.52
      1.4280        73.68
      1.4290        73.65
      1.4300        73.70
      1.4310        73.74
      1.4320        73.80
      1.4330        74.04
      1.4340        74.23
      1.4350        74.41
      1.4360        74.47
      1.4370        74.74
      1.4380        74.93
      1.4390        75.15
      1.4400        75.34
      1.4410        75.26
      1.4420        75.45
      1.4430        75.46
      1.4440        75.68
      1.4450        75.84
      1.4460        75.99
      1.4470        76.22
      1.4480        76.43
      1.4490        76.58
      1.4500        76.77
      1.4510        77.13
      1.4520        77.32
      1.4530        77.41
      1.4540        77.59
      1.4550        77.71
      1.4560        78.04
      1.4570        78.03
      1.4580        78.11
      1.4590        78.30
      1.4600        78.58
      1.4610        78.89
      1.4620        78.87
      1.4630        78.99
      1.4640        78.98
      1.4650        78.98
      1.4660        79.01
      1.4670        79.19
      1.4680        79.26
      1.4690        79.31
      1.4700        79.31
      1.4710        79.29
      1.4720        79.33
      1.4730        79.41
      1.4740        79.48
      1.4750        79.51
      1.4760        79.32
      1.4770        79.36
      1.4780        79.39
      1.4790        79.30
      1.4800        79.16
      1.4810        79.03
      1.4820        78.99
      1.4830        78.88
      1.4840        78.73
      1.4850        78.60
      1.4860        78.56
      1.4870        78.38
      1.4880        78.24
      1.4890        78.29
      1.4900        78.21
      1.4910        77.91
      1.4920        77.90
      1.4930        77.77
      1.4940        77.55
      1.4950        77.55
      1.4960        77.42
      1.4970        77.50
      1.4980        77.50
      1.4990        77.48
      1.5000        77.50
      1.5010        77.43
      1.5020        77.50
      1.5030        77.78
      1.5040        77.95
      1.5050        78.10
      1.5060        78.13
      1.5070        78.15
      1.5080        78.17
      1.5090        78.06
      1.5100        78.15
      1.5110        78.34
      1.5120        78.28
      1.5130        78.21
      1.5140        78.10
      1.5150        77.94
      1.5160        78.06
      1.5170        78.02
      1.5180        78.02
      1.5190        78.01
      1.5200        78.12
      1.5210        78.25
      1.5220        78.28
      1.5230        78.21
      1.5240        78.40
      1.5250        78.56
      1.5260        78.72
      1.5270        78.87
      1.5280        79.06
      1.5290        79.25
      1.5300        79.39
      1.5310        79.59
      1.5320        79.91
      1.5330        80.29
      1.5340        80.76
      1.5350        81.04
      1.5360        81.36
      1.5370        81.73
      1.5380        82.03
      1.5390        82.34
      1.5400        82.44
      1.5410        82.63
      1.5420        82.85
      1.5430        82.92
      1.5440        83.10
      1.5450        83.00
      1.5460        83.19
      1.5470        83.21
      1.5480        83.10
      1.5490        83.18
      1.5500        83.23
      1.5510        83.14
      1.5520        83.04
      1.5530        82.86
      1.5540        82.66
      1.5550        82.48
      1.5560        82.33
      1.5570        82.03
      1.5580        81.61
      1.5590        81.33
      1.5600        81.06
      1.5610        80.78
      1.5620        80.57
      1.5630        80.25
      1.5640        79.75
      1.5650        79.47
      1.5660        79.08
      1.5670        78.75
      1.5680        78.71
      1.5690        78.38
      1.5700        78.16
      1.5710        77.98
      1.5720        77.89
      1.5730        77.91
      1.5740        77.84
      1.5750        77.89
      1.5760        77.76
      1.5770        77.63
      1.5780        77.82
      1.5790        77.81
      1.5800        77.84
      1.5810        77.91
      1.5820        77.96
      1.5830        77.98
      1.5840        78.14
      1.5850        78.32
      1.5860        78.47
      1.5870        78.79
      1.5880        78.93
      1.5890        79.09
      1.5900        79.21
      1.5910        79.30
      1.5920        79.28
      1.5930        79.35
      1.5940        79.45
      1.5950        79.36
      1.5960        79.47
      1.5970        79.65
      1.5980        79.47
      1.5990        79.47
      1.6000        79.63
      1.6010        79.70
      1.6020        79.75
      1.6030        79.95
      1.6040        80.06
      1.6050        80.03
      1.6060        80.21
      1.6070        80.14
      1.6080        80.14
      1.6090        80.30
      1.6100        80.45
      1.6110        80.65
      1.6120        80.92
      1.6130        81.08
      1.6140        81.21
      1.6150        81.40
      1.6160        81.45
      1.6170        81.56
      1.6180        81.81
      1.6190        82.00
      1.6200        82.01
      1.6210        82.00
      1.6220        82.11
      1.6230        82.12
      1.6240        82.01
      1.6250        82.22
      1.6260        82.17
      1.6270        82.17
      1.6280        82.21
      1.6290        82.02
      1.6300        81.79
      1.6310        81.51
      1.6320        81.20
      1.6330        80.78
      1.6340        80.44
      1.6350        80.21
      1.6360        79.96
      1.6370        79.64
      1.6380        79.34
      1.6390        79.15
      1.6400        78.92
      1.6410        78.82
      1.6420        78.45
      1.6430        78.25
      1.6440        78.19
      1.6450        77.96
      1.6460        77.68
      1.6470        77.52
      1.6480        77.51
      1.6490        77.33
      1.6500        77.43
      1.6510        77.53
      1.6520        77.59
      1.6530        77.76
      1.6540        77.88
      1.6550        77.96
      1.6560        78.21
      1.6570        78.45
      1.6580        78.73
      1.6590        78.81
      1.6600        78.95
      1.6610        79.14
      1.6620        79.39
      1.6630        79.61
      1.6640        79.80
      1.6650        80.00
      1.6660        80.24
      1.6670        80.41
      1.6680        80.53
      1.6690        80.92
      1.6700        81.14
      1.6710        81.20
      1.6720        81.36
      1.6730        81.58
      1.6740        81.82
      1.6750        82.07
      1.6760        82.26
      1.6770        82.43
      1.6780        82.36
      1.6790        82.52
      1.6800        82.79
      1.6810        82.99
      1.6820        83.10
      1.6830        83.27
      1.6840        83.45
      1.6850        83.42
      1.6860        83.62
      1.6870        83.75
      1.6880        83.86
      1.6890        83.93
      1.6900        83.97
      1.6910        84.03
      1.6920        84.15
      1.6930        84.17
      1.6940        84.29
      1.6950        84.39
      1.6960        84.59
      1.6970        84.70
      1.6980        85.01
      1.6990        85.05
      1.7000        84.98
      1.7010        84.87
      1.7020        84.77
      1.7030        84.58
      1.7040        84.67
      1.7050        84.70
      1.7060        84.62
      1.7070        84.48
      1.7080        84.19
      1.7090        84.01
      1.7100        83.79
      1.7110        83.64
      1.7120        83.38
      1.7130        83.12
      1.7140        82.69
      1.7150        82.33
      1.7160        81.87
      1.7170        81.56
      1.7180        81.16
      1.7190        80.81
      1.7200        80.61
      1.7210        80.33
      1.7220        80.12
      1.7230        79.92
      1.7240        79.47
      1.7250        79.13
      1.7260        78.78
      1.7270        78.62
      1.7280        78.36
      1.7290        78.15
      1.7300        78.03
      1.7310        77.86
      1.7320        77.64
      1.7330        77.65
      1.7340        77.53
      1.7350        77.39
      1.7360        77.29
      1.7370        77.13
      1.7380        77.09
      1.7390        77.10
      1.7400        76.94
      1.7410        76.77
      1.7420        76.89
      1.7430        76.85
      1.7440        76.80
      1.7450        76.81
      1.7460        76.81
      1.7470        76.84
      1.7480        77.12
      1.7490        77.14
      1.7500        77.14
      1.7510        77.15
      1.7520        77.24
      1.7530        77.10
      1.7540        77.11
      1.7550        77.08
      1.7560        76.86
      1.7570        76.91
      1.7580        76.95
      1.7590        76.92
      1.7600        76.88
      1.7610        76.92
      1.7620        76.72
      1.7630        76.72
      1.7640        76.71
      1.7650        76.63
      1.7660        76.68
      1.7670        76.60
      1.7680        76.30
      1.7690        76.23
      1.7700        75.93
      1.7710        75.68
      1.7720        75.42
      1.7730        75.45
      1.7740        75.22
      1.7750        75.02
      1.7760        75.13
      1.7770        74.95
      1.7780        74.57
      1.7790        74.27
      1.7800        74.08
      1.7810        73.93
      1.7820        73.72
      1.7830        73.50
      1.7840        73.25
      1.7850        73.05
      1.7860        72.73
      1.7870        72.36
      1.7880        72.07
      1.7890        71.96
      1.7900        71.97
      1.7910        71.89
      1.7920        71.54
      1.7930        71.05
      1.7940        70.71
      1.7950        70.61
      1.7960        70.11
      1.7970        69.64
      1.7980        69.45
      1.7990        69.08
      1.8000        68.67
      1.8010        68.18
      1.8020        67.77
      1.8030        67.30
      1.8040        66.82
      1.8050        66.32
      1.8060        65.92
      1.8070        65.64
      1.8080        65.38
      1.8090        64.64
      1.8100        64.02
      1.8110        63.55
      1.8120        63.31
      1.8130        63.11
      1.8140        62.87
      1.8150        62.32
      1.8160        62.03
      1.8170        61.77
      1.8180        61.31
      1.8190        60.98
      1.8200        60.73
      1.8210        60.65
      1.8220        60.41
      1.8230        60.17
      1.8240        59.92
      1.8250        59.68
      1.8260        59.42
      1.8270        59.09
      1.8280        58.77
      1.8290        58.66
      1.8300        58.50
      1.8310        58.18
      1.8320        57.91
      1.8330        57.64
      1.8340        57.25
      1.8350        56.90
      1.8360        56.49
      1.8370        56.14
      1.8380        55.84
      1.8390        55.48
      1.8400        55.16
      1.8410        54.81
      1.8420        54.52
      1.8430        54.16
      1.8440        53.86
      1.8450        53.58
      1.8460        53.18
      1.8470        52.95
      1.8480        52.75
      1.8490        52.51
      1.8500        52.25
      1.8510        51.84
      1.8520        51.51
      1.8530        51.17
      1.8540        51.07
      1.8550        51.06
      1.8560        50.99
      1.8570        50.71
      1.8580        50.56
      1.8590        50.45
      1.8600        50.24
      1.8610        49.97
      1.8620        49.73
      1.8630        49.57
      1.8640        49.35
      1.8650        49.18
      1.8660        49.11
      1.8670        48.68
      1.8680        48.26
      1.8690        47.93
      1.8700        47.51
      1.8710        47.42
      1.8720        47.26
      1.8730        47.02
      1.8740        46.75
      1.8750        46.38
      1.8760        46.03
      1.8770        45.81
      1.8780        45.54
      1.8790        45.30
      1.8800        44.93
      1.8810        44.57
      1.8820        44.14
      1.8830        43.86
      1.8840        43.47
      1.8850        43.12
      1.8860        42.67
      1.8870        42.51
      1.8880        42.17
      1.8890        41.82
      1.8900        41.67
      1.8910        41.26
      1.8920        40.84
      1.8930        40.62
      1.8940        40.28
      1.8950        39.88
      1.8960        39.54
      1.8970        39.33
      1.8980        38.94
      1.8990        38.66
      1.9000        38.49
      1.9010        38.27
      1.9020        38.11
      1.9030        37.81
      1.9040        37.51
      1.9050        37.32
      1.9060        37.09
      1.9070        36.69
      1.9080        36.52
      1.9090        36.18
      1.9100        35.90
      1.9110        35.74
      1.9120        35.71
      1.9130        35.34
      1.9140        35.09
      1.9150        34.96
      1.9160        34.77
      1.9170        34.52
      1.9180        34.36
      1.9190        34.01
      1.9200        33.69
      1.9210        33.35
      1.9220        33.14
      1.9230        32.87
      1.9240        32.64
      1.9250        32.36
      1.9260        32.00
      1.9270        31.99
      1.9280        31.64
      1.9290        31.46
      1.9300        31.21
      1.9310        30.95
      1.9320        30.46
      1.9330        30.23
      1.9340        30.02
      1.9350        29.57
      1.9360        29.33
      1.9370        29.05
      1.9380        28.73
      1.9390        28.51
      1.9400        28.31
      1.9410        28.07
      1.9420        27.80
      1.9430        27.58
      1.9440        27.66
      1.9450        27.37
      1.9460        27.23
      1.9470        26.97
      1.9480        26.92
      1.9490        26.78
      1.9500        26.62
      1.9510        26.49
      1.9520        26.42
      1.9530        26.14
      1.9540        25.88
      1.9550        25.95
      1.9560        25.71
      1.9570        25.39
      1.9580        25.30
      1.9590        25.17
      1.9600        24.93
      1.9610        24.85
      1.9620        24.67
      1.9630        24.48
      1.9640        24.11
      1.9650        23.94
      1.9660        23.64
      1.9670        23.40
      1.9680        23.34
      1.9690        23.06
      1.9700        22.77
      1.9710        22.57
      1.9720        22.47
      1.9730        22.45
      1.9740        22.35
      1.9750        22.09
      1.9760        22.00
      1.9770        22.10
      1.9780        21.82
      1.9790        21.62
      1.9800        21.48
      1.9810        21.26
      1.9820        21.12
      1.9830        21.04
      1.9840        20.83
      1.9850        20.70
      1.9860        20.70
      1.9870        20.45
      1.9880        20.17
      1.9890        20.23
      1.9900        20.25
      1.9910        20.14
      1.9920        19.86
      1.9930        19.65
      1.9940        19.49
      1.9950        19.30
      1.9960        19.06
      1.9970        18.69
      1.9980        18.61
      1.9990        18.53
      2.0000        18.44
      2.0010        18.24
      2.0020        18.18
      2.0030        17.94
      2.0040        17.83
      2.0050        17.64
      2.0060        17.56
      2.0070        17.52
      2.0080        17.39
      2.0090        17.16
      2.0100        16.85
      2.0110        16.74
      2.0120        16.59
      2.0130        16.43
      2.0140        16.41
      2.0150        16.37
      2.0160        16.30
      2.0170        16.30
      2.0180        16.27
      2.0190        16.16
      2.0200        16.03
      2.0210        16.07
      2.0220        15.84
      2.0230        15.86
      2.0240        15.75
      2.0250        15.68
      2.0260        15.42
      2.0270        15.32
      2.0280        15.30
      2.0290        15.34
      2.0300        15.30
      2.0310        15.27
      2.0320        15.26
      2.0330        15.12
      2.0340        14.83
      2.0350        14.65
      2.0360        14.53
      2.0370        14.37
      2.0380        14.12
      2.0390        14.03
      2.0400        13.99
      2.0410        13.72
      2.0420        13.64
      2.0430        13.54
      2.0440        13.55
      2.0450        13.49
      2.0460        13.47
      2.0470        13.35
      2.0480        13.10
      2.0490        12.82
      2.0500        12.55
      2.0510        12.17
      2.0520        11.88
      2.0530        11.76
      2.0540        11.66
      2.0550        11.45
      2.0560        11.22
      2.0570        11.25
      2.0580        11.18
      2.0590        11.07
      2.0600        10.82
      2.0610        10.86
      2.0620        10.62
      2.0630        10.46
      2.0640        10.24
      2.0650        10.19
      2.0660        10.11
      2.0670         9.93
      2.0680         9.84
      2.0690         9.76
      2.0700         9.92
      2.0710        10.05
      2.0720        10.19
      2.0730        10.19
      2.0740        10.16
      2.0750        10.20
      2.0760        10.30
      2.0770         9.99
      2.0780         9.98
      2.0790         9.83
      2.0800         9.72
      2.0810         9.52
      2.0820         9.49
      2.0830         9.40
      2.0840         9.36
      2.0850         9.27
      2.0860         9.14
      2.0870         9.20
      2.0880         9.13
      2.0890         9.08
      2.0900         8.77
      2.0910         8.62
      2.0920         8.34
      2.0930         8.31
      2.0940         8.11
      2.0950         8.06
      2.0960         7.89
      2.0970         7.81
      2.0980         7.65
      2.0990         7.56
      2.1000         7.53
      2.1010         7.59
      2.1020         7.58
      2.1030         7.43
      2.1040         7.33
      2.1050         7.22
      2.1060         7.28
      2.1070         7.20
      2.1080         7.17
      2.1090         7.10
      2.1100         7.13
      2.1110         7.00
      2.1120         6.91
      2.1130         6.79
      2.1140         6.90
      2.1150         6.78
      2.1160         6.77
      2.1170         6.89
      2.1180         6.74
      2.1190         6.70
      2.1200         6.73
      2.1210         6.69
      2.1220         6.69
      2.1230         6.58
      2.1240         6.45
      2.1250         6.39
      2.1260         6.14
      2.1270         5.95
      2.1280         5.87
      2.1290         5.65
      2.1300         5.47
      2.1310         5.49
      2.1320         5.50
      2.1330         5.38
      2.1340         5.20
      2.1350         5.07
      2.1360         5.00
      2.1370         4.80
      2.1380         4.80
      2.1390         4.65
      2.1400         4.53
      2.1410         4.47
      2.1420         4.22
      2.1430         4.33
      2.1440         4.33
      2.1450         4.32
      2.1460         4.26
      2.1470         4.26
      2.1480         4.10
      2.1490         4.12
      2.1500         4.21
      2.1510         3.99
      2.1520         4.08
      2.1530         4.03
      2.1540         3.89
      2.1550         3.90
      2.1560         3.86
      2.1570         3.83
      2.1580         3.65
      2.1590         3.69
      2.1600         3.59
      2.1610         2.94
      2.1620         3.64
      2.1630         3.62
      2.1640         3.06
      2.1650         2.96
      2.1660         2.88
      2.1670         2.85
      2.1680         2.91
      2.1690         2.95
      2.1700         2.80
      2.1710         2.82
      2.1720         2.68
      2.1730         2.68
      2.1740         2.59
      2.1750         2.59
      2.1760         2.44
      2.1770         2.55
      2.1780         2.66
      2.1790         2.54
      2.1800         2.51
      2.1810         2.55
      2.1820         2.38
      2.1830         2.38
      2.1840         2.36
      2.1850         2.27
      2.1860         2.28
      2.1870         2.19
      2.1880         2.12
      2.1890         2.02
      2.1900         1.99
      2.1910         1.96
      2.1920         1.96
      2.1930         1.36
      2.1940         2.42
      2.1950         2.47
      2.1960         2.81
      2.1970         2.68
      2.1980         2.76
      2.1990         2.81
      2.2000         2.74
      2.2010         2.69
      2.2020         2.66
      2.2030         2.50
      2.2040         1.85
      2.2050         1.97
      2.2060         1.97
      2.2070         1.97
      2.2080         1.99
      2.2090         1.99
      2.2100         1.50
      2.2110         1.44
      2.2120         1.46
      2.2130         1.51
      2.2140         1.48
      2.2150         1.55
      2.2160         1.39
      2.2170         1.31
      2.2180         1.00
      2.2190         1.09
      2.2200         1.18
      2.2210         1.08
      2.2220         1.13
      2.2230         1.00
      2.2240         1.00
      2.2250         1.00
      2.2260         1.00
      2.2270         1.00
      2.2280         1.00
      2.2290         1.00
      2.2300         1.00
      2.2310         1.00
      2.2320         1.00
      2.2330         1.00
      2.2340         1.00
      2.2350         1.00
      2.2360         1.00
      2.2370         1.00
      2.2380         1.00
      2.2390         1.00
      2.2400         1.00
      2.2410         1.00
      2.2420         1.00
      2.2430         1.00
      2.2440         1.00
      2.2450         1.00
      2.2460         1.00
      2.2470         1.00
      2.2480         1.00
      2.2490         1.00
      2.2500         1.00
      2.2510         1.00
      2.2520         1.00
      2.2530         1.00
      2.2540         1.00
      2.2550         1.00
      2.2560         1.00
      2.2570         1.00
      2.2580         1.00
      2.2590         1.00
      2.2600         1.00
      2.2610         1.00
      2.2620         1.00
      2.2630         1.00
      2.2640         1.00
      2.2650         1.00
      2.2660         1.00
      2.2670         1.00
      2.2680         1.00
      2.2690         1.00
      2.2700         1.00
      2.2710         1.00
      2.2720         1.00
      2.2730         1.00
      2.2740         1.00
      2.2750         1.00
      2.2760         1.00
      2.2770         1.00
      2.2780         1.00
      2.2790         1.00
      2.2800         1.00
      2.2810         1.00
      2.2820         1.00
      2.2830         1.00
      2.2840         1.00
      2.2850         1.00
      2.2860         1.00
      2.2870         1.00
      2.2880         1.00
      2.2890         1.00
      2.2900         1.00
      2.2910         1.00
      2.2920         1.00
      2.2930         1.00
      2.2940         1.00
      2.2950         1.00
      2.2960         1.00
      2.2970         1.00
      2.2980         1.00
      2.2990         1.00
      2.3000         1.00
      2.3010         1.00
      2.3020         1.00
      2.3030         1.00
      2.3040         1.00
      2.3050         1.00
      2.3060         1.00
      2.3070         1.00
      2.3080         1.00
      2.3090         1.00
      2.3100         1.00
      2.3110         1.00
      2.3120         1.00
      2.3130         1.00
      2.3140         1.00
      2.3150         1.00
      2.3160         1.00
      2.3170         1.00
      2.3180         1.00
      2.3190         1.00
      2.3200         1.00
      2.3210         1.00
      2.3220         1.00
      2.3230         1.00
      2.3240         1.00
      2.3250         1.00
      2.3260         1.00
      2.3270         1.00
      2.3280         1.00
      2.3290         1.00
      2.3300         1.00
      2.3310         1.00
      2.3320         1.00
      2.3330         1.00
      2.3340         1.00
      2.3350         1.00
      2.3360         1.00
      2.3370         1.00
      2.3380         1.00
      2.3390         1.00
      2.3400         1.00
      2.3410         1.00
      2.3420         1.00
      2.3430         1.00
      2.3440         1.00
      2.3450         1.00
      2.3460         1.00
      2.3470         1.00
      2.3480         1.00
      2.3490         1.00
      2.3500         1.00
      2.3510         1.00
      2.3520         1.00
      2.3530         1.00
      2.3540         1.00
      2.3550         1.00
      2.3560         1.00
      2.3570         1.00
      2.3580         1.00
      2.3590         1.00
      2.3600         1.00
      2.3610         1.00
      2.3620         1.00
      2.3630         1.00
      2.3640         1.00
      2.3650         1.00
      2.3660         1.00
      2.3670         1.00
      2.3680         1.00
      2.3690         1.00
      2.3700         1.00
      2.3710         1.00
      2.3720         1.00
      2.3730         1.00
      2.3740         1.00
      2.3750         1.00
      2.3760         1.00
      2.3770         1.00
      2.3780         1.00
      2.3790         1.00
      2.3800         1.00
      2.3810         1.00
      2.3820         1.00
      2.3830         1.00
      2.3840         1.00
      2.3850         1.00
      2.3860         1.00
      2.3870         1.00
      2.3880         1.00
      2.3890         1.00
      2.3900         1.00
      2.3910         1.00
      2.3920         1.00
      2.3930         1.00
      2.3940         1.00
      2.3950         1.00
      2.3960         1.00
      2.3970         1.00
      2.3980         1.00
      2.3990         1.00
      2.4000         1.00
      2.4010         1.00
      2.4020         1.00
      2.4030         1.00
      2.4040         1.00
      2.4050         1.00
      2.4060         1.00
      2.4070         1.00
      2.4080         1.00
      2.4090         1.00
      2.4100         1.00
      2.4110         1.00
      2.4120         1.00
      2.4130         1.00
      2.4140         1.00
      2.4150         1.00
      2.4160         1.00
      2.4170         1.00
      2.4180         1.00
      2.4190         1.00
      2.4200         1.00
      2.4210         1.00
      2.4220         1.00
      2.4230         1.00
      2.4240         1.00
      2.4250         1.00
      2.4260         1.00
      2.4270         1.00
      2.4280         1.00
      2.4290         1.00
      2.4300         1.00
      2.4310         1.00
      2.4320         1.00
      2.4330         1.00
      2.4340         1.00
      2.4350         1.00
      2.4360         1.00
      2.4370         1.00
      2.4380         1.00
      2.4390         1.00
      2.4400         1.00
      2.4410         1.00
      2.4420         1.00
      2.4430         1.00
      2.4440         1.00
      2.4450         1.00
      2.4460         1.00
      2.4470         1.00
      2.4480         1.00
      2.4490         1.00
      2.4500         1.00
      2.4510         1.00
      2.4520         1.00
      2.4530         1.00
      2.4540         1.00
      2.4550         1.00
      2.4560         1.00
      2.4570         1.00
      2.4580         1.00
      2.4590         1.00
      2.4600         1.00
      2.4610         1.00
      2.4620         1.00
      2.4630         1.00
      2.4640         1.00
      2.4650         1.00
      2.4660         1.00
      2.4670         1.00
      2.4680         1.00
      2.4690         1.00
      2.4700         1.00
      2.4710         1.00
      2.4720         1.00
      2.4730         1.00
      2.4740         1.00
      2.4750         1.00
      2.4760         1.00
      2.4770         1.00
      2.4780         1.00
      2.4790         1.00
      2.4800         1.00
      2.4810         1.00
      2.4820         1.00
      2.4830         1.00
      2.4840         1.00
      2.4850         1.00
      2.4860         1.00
      2.4870         1.00
      2.4880         1.00
      2.4890         1.00
      2.4900         1.00
      2.4910         1.00
      2.4920         1.00
      2.4930         1.00
      2.4940         1.00
      2.4950         1.00
      2.4960         1.00
      2.4970         1.00
      2.4980         1.00
      2.4990         1.00
      2.5000         1.00
      2.5010         1.00
      2.5020         1.00
      2.5030         1.00
      2.5040         1.00
      2.5050         1.00
      2.5060         1.00
      2.5070         1.00
      2.5080         1.00
      2.5090         1.00
      2.5100         1.00
      2.5110         1.00
      2.5120         1.00
      2.5130         1.00
      2.5140         1.00
      2.5150         1.00
      2.5160         1.00
      2.5170         1.00
      2.5180         1.00
      2.5190         1.00
      2.5200         1.00
      2.5210         1.00
      2.5220         1.00
      2.5230         1.00
      2.5240         1.00
      2.5250         1.00
      2.5260         1.00
      2.5270         1.00
      2.5280         1.00
      2.5290         1.00
      2.5300         1.00
      2.5310         1.00
      2.5320         1.00
      2.5330         1.00
      2.5340         1.00
      2.5350         1.00
      2.5360         1.00
      2.5370         1.00
      2.5380         1.00
      2.5390         1.00
      2.5400         1.00
      2.5410         1.00
      2.5420         1.00
      2.5430         1.00
      2.5440         1.00
      2.5450         1.00
      2.5460         1.00
      2.5470         1.00
      2.5480         1.00
      2.5490         1.00
      2.5500         1.00
      2.5510         1.00
      2.5520         1.00
      2.5530         1.00
      2.5540         1.00
      2.5550         1.00
      2.5560         1.00
      2.5570         1.00
      2.5580         1.00
      2.5590         1.00
      2.5600         1.00
      2.5610         1.00
      2.5620         1.00
      2.5630         1.00
      2.5640         1.00
      2.5650         1.00
      2.5660         1.00
      2.5670         1.00
      2.5680         1.00
      2.5690         1.00
      2.5700         1.00
      2.5710         1.00
      2.5720         1.00
      2.5730         1.00
      2.5740         1.00
      2.5750         1.00
      2.5760         1.00
      2.5770         1.00
      2.5780         1.00
      2.5790         1.00
      2.5800         1.00
      2.5810         1.00
      2.5820         1.00
      2.5830         1.00
      2.5840         1.00
      2.5850         1.00
      2.5860         1.00
      2.5870         1.00
      2.5880         1.00
      2.5890         1.00
      2.5900         1.00
      2.5910         1.00
      2.5920         1.00
      2.5930         1.00
      2.5940         1.00
      2.5950         1.00
      2.5960         1.00
      2.5970         1.00
      2.5980         1.00
      2.5990         1.00
      2.6000         1.00
      2.6010         1.00
      2.6020         1.00
      2.6030         1.00
      2.6040         1.00
      2.6050         1.00
      2.6060         1.00
      2.6070         1.00
      2.6080         1.00
      2.6090         1.00
      2.6100         1.00
      2.6110         1.00
      2.6120         1.00
      2.6130         1.00
      2.6140         1.00
      2.6150         1.00
      2.6160         1.00
      2.6170         1.00
      2.6180         1.00
      2.6190         1.00
      2.6200         1.00
      2.6210         1.00
      2.6220         1.00
      2.6230         1.00
      2.6240         1.00
      2.6250         1.00
      2.6260         1.00
      2.6270         1.00
      2.6280         1.00
      2.6290         1.00
      2.6300         1.00
      2.6310         1.00
      2.6320         1.00
      2.6330         1.00
      2.6340         1.00
      2.6350         1.00
      2.6360         1.00
      2.6370         1.00
      2.6380         1.00
      2.6390         1.00
      2.6400         1.00
      2.6410         1.00
      2.6420         1.00
      2.6430         1.00
      2.6440         1.00
      2.6450         1.00
      2.6460         1.00
      2.6470         1.00
      2.6480         1.00
      2.6490         1.00
      2.6500         1.00
      2.6510         1.00
      2.6520         1.00
      2.6530         1.00
      2.6540         1.00
      2.6550         1.00
      2.6560         1.00
      2.6570         1.00
      2.6580         1.00
      2.6590         1.00
      2.6600         1.00
      2.6610         1.00
      2.6620         1.00
      2.6630         1.00
      2.6640         1.00
      2.6650         1.00
      2.6660         1.00
      2.6670         1.00
      2.6680         1.00
      2.6690         1.00
      2.6700         1.00
      2.6710         1.00
      2.6720         1.00
      2.6730         1.00
      2.6740         1.00
      2.6750         1.00
      2.6760         1.00
      2.6770         1.00
      2.6780         1.00
      2.6790         1.00
      2.6800         1.00
      2.6810         1.00
      2.6820         1.00
      2.6830         1.00
      2.6840         1.00
      2.6850         1.00
      2.6860         1.00
      2.6870         1.00
      2.6880         1.00
      2.6890         1.00
      2.6900         1.00
      2.6910         1.00
      2.6920         1.00
      2.6930         1.00
      2.6940         1.00
      2.6950         1.00
      2.6960         1.00
      2.6970         1.00
      2.6980         1.00
      2.6990         1.00
      2.7000         1.00
      2.7010         1.00
      2.7020         1.00
      2.7030         1.00
      2.7040         1.00
      2.7050         1.00
      2.7060         1.00
      2.7070         1.00
      2.7080         1.00
      2.7090         1.00
      2.7100         1.00
      2.7110         1.00
      2.7120         1.00
      2.7130         1.00
      2.7140         1.00
      2.7150         1.00
      2.7160         1.00
      2.7170         1.00
      2.7180         1.00
      2.7190         1.00
      2.7200         1.00
      2.7210         1.00
      2.7220         1.00
      2.7230         1.00
      2.7240         1.00
      2.7250         1.00
      2.7260         1.00
      2.7270         1.00
      2.7280         1.00
      2.7290         1.00
      2.7300         1.00
      2.7310         1.00
      2.7320         1.00
      2.7330         1.00
      2.7340         1.00
      2.7350         1.00
      2.7360         1.00
      2.7370         1.00
      2.7380         1.00
      2.7390         1.00
      2.7400         1.00
      2.7410         1.00
      2.7420         1.00
      2.7430         1.00
      2.7440         1.00
      2.7450         1.00
      2.7460         1.00
      2.7470         1.00
      2.7480         1.00
      2.7490         1.00
      2.7500         1.00
      2.7510         1.00
      2.7520         1.00
      2.7530         1.00
      2.7540         1.00
      2.7550         1.00
      2.7560         1.00
      2.7570         1.00
      2.7580         1.00
      2.7590         1.00
      2.7600         1.00
      2.7610         1.00
      2.7620         1.00
      2.7630         1.00
      2.7640         1.00
      2.7650         1.00
      2.7660         1.00
      2.7670         1.00
      2.7680         1.00
      2.7690         1.00
      2.7700         1.00
      2.7710         1.00
      2.7720         1.00
      2.7730         1.00
      2.7740         1.00
      2.7750         1.00
      2.7760         1.00
      2.7770         1.00
      2.7780         1.00
      2.7790         1.00
      2.7800         1.00
      2.7810         1.00
      2.7820         1.00
      2.7830         1.00
      2.7840         1.00
      2.7850         1.00
      2.7860         1.00
      2.7870         1.00
      2.7880         1.00
      2.7890         1.00
      2.7900         1.00
      2.7910         1.09
      2.7920         1.00
      2.7930         1.00
      2.7940         1.21
      2.7950         1.00
      2.7960         1.00
      2.7970         1.00
      2.7980         1.00
      2.7990         1.00
      2.8000         1.00
      2.8010         1.00
      2.8020         1.00
      2.8030         1.00
      2.8040         1.00
      2.8050         1.00
      2.8060         1.00
      2.8070         1.00
      2.8080         1.00
      2.8090         1.00
      2.8100         1.00
      2.8110         1.00
      2.8120         1.00
      2.8130         1.00
      2.8140         1.00
      2.8150         1.00
      2.8160         1.00
      2.8170         1.00
      2.8180         1.00
      2.8190         1.00
      2.8200         1.00
      2.8210         1.00
      2.8220         1.00
      2.8230         1.00
      2.8240         1.00
      2.8250         1.00
      2.8260         1.00
      2.8270         1.00
      2.8280         1.00
      2.8290         1.00
      2.8300         1.00
      2.8310         1.00
      2.8320         1.00
      2.8330         1.00
      2.8340         1.00
      2.8350         1.00
      2.8360         1.00
      2.8370         1.00
      2.8380         1.00
      2.8390         1.00
      2.8400         1.00
      2.8410         1.00
      2.8420         1.00
      2.8430         1.00
      2.8440         1.00
      2.8450         1.00
      2.8460         1.00
      2.8470         1.00
      2.8480         1.00
      2.8490         1.00
      2.8500         1.00
      2.8510         1.00
      2.8520         1.00
      2.8530         1.00
      2.8540         1.00
      2.8550         1.00
      2.8560         1.00
      2.8570         1.00
      2.8580         1.00
      2.8590         1.00
      2.8600         1.00
      2.8610         1.00
      2.8620         1.00
      2.8630         1.35
      2.8640         1.40
      2.8650         1.47
      2.8660         1.42
      2.8670         1.44
      2.8680         1.00
      2.8690         1.00
      2.8700         1.00
      2.8710         1.00
      2.8720         1.46
      2.8730         1.00
      2.8740         1.00
      2.8750         1.00
      2.8760         1.00
      2.8770         1.00
      2.8780         1.00
      2.8790         1.00
      2.8800         1.00
      2.8810         1.00
      2.8820         1.00
      2.8830         1.00
      2.8840         1.00
      2.8850         1.00
      2.8860         1.00
      2.8870         1.00
      2.8880         1.10
      2.8890         1.07
      2.8900         1.12
      2.8910         1.26
      2.8920         1.34
      2.8930         1.27
      2.8940         1.39
      2.8950         1.42
      2.8960         1.34
      2.8970         1.36
      2.8980         1.42
      2.8990         1.32
      2.9000         1.36
      2.9010         1.38
      2.9020         1.44
      2.9030         1.36
      2.9040         1.24
      2.9050         1.16
      2.9060         1.14
      2.9070         1.14
      2.9080         1.20
      2.9090         1.22
      2.9100         1.31
      2.9110         1.22
      2.9120         1.20
      2.9130         1.16
      2.9140         1.12
      2.9150         1.00
      2.9160         1.00
      2.9170         1.00
      2.9180         1.00
      2.9190         1.00
      2.9200         1.00
      2.9210         1.00
      2.9220         1.00
      2.9230         1.00
      2.9240         1.00
      2.9250         1.00
      2.9260         1.00
      2.9270         1.00
      2.9280         1.00
      2.9290         1.00
      2.9300         1.00
      2.9310         1.00
      2.9320         1.00
      2.9330         1.00
      2.9340         1.00
      2.9350         1.00
      2.9360         1.00
      2.9370         1.00
      2.9380         1.00
      2.9390         1.00
      2.9400         1.00
      2.9410         1.00
      2.9420         1.00
      2.9430         1.00
      2.9440         1.00
      2.9450         1.00
      2.9460         1.00
      2.9470         1.00
      2.9480         1.00
      2.9490         1.00
      2.9500         1.00
      2.9510         1.00
      2.9520         1.00
      2.9530         1.00
      2.9540         1.00
      2.9550         1.00
      2.9560         1.00
      2.9570         1.00
      2.9580         1.00
      2.9590         1.00
      2.9600         1.00
      2.9610         1.00
      2.9620         1.00
      2.9630         1.00
      2.9640         1.00
      2.9650         1.00
      2.9660         1.00
      2.9670         1.00
      2.9680         1.32
      2.9690         1.36
      2.9700         1.38
      2.9710         1.32
      2.9720         1.36
      2.9730         1.39
      2.9740         1.42
      2.9750         1.47
      2.9760         1.47
      2.9770         1.50
      2.9780         1.56
      2.9790         1.61
      2.9800         1.55
      2.9810         1.46
      2.9820         1.53
      2.9830         1.47
      2.9840         1.47
      2.9850         1.57
      2.9860         1.61
      2.9870         1.61
      2.9880         1.51
      2.9890         1.42
      2.9900         1.35
      2.9910         1.35
      2.9920         1.35
      2.9930         1.38
      2.9940         1.96
      2.9950         1.84
      2.9960         1.24
      2.9970         1.64
      2.9980         1.15
      2.9990         1.03
