        Time   Palpation Force
      0.0000         1.00
      0.0010         1.00
      0.0020         1.00
      0.0030         1.00
      0.0040         1.00
      0.0050         1.00
      0.0060         1.00
      0.0070         1.00
      0.0080         1.00
      0.0090         1.00
      0.0100         1.00
      0.0110         1.00
      0.0120         1.00
      0.0130         1.00
      0.0140         1.00
      0.0150         1.00
      0.0160         1.00
      0.0170         1.00
      0.0180         1.00
      0.0190         1.00
      0.0200         1.00
      0.0210         1.00
      0.0220         1.00
      0.0230         1.00
      0.0240         1.00
      0.0250         1.00
      0.0260         1.00
      0.0270         1.00
      0.0280         1.00
      0.0290         1.00
      0.0300         1.00
      0.0310         1.00
      0.0320         1.00
      0.0330         1.00
      0.0340         1.00
      0.0350         1.00
      0.0360         1.00
      0.0370         1.00
      0.0380         1.00
      0.0390         1.00
      0.0400         1.00
      0.0410         1.00
      0.0420         1.00
      0.0430         1.00
      0.0440         1.00
      0.0450         1.00
      0.0460         1.00
      0.0470         1.00
      0.0480         1.00
      0.0490         1.00
      0.0500         1.00
      0.0510         1.00
      0.0520         1.00
      0.0530         1.00
      0.0540         1.00
      0.0550         1.00
      0.0560         1.00
      0.0570         1.00
      0.0580         1.00
      0.0590         1.00
      0.0600         1.00
      0.0610         1.00
      0.0620         1.00
      0.0630         1.00
      0.0640         1.00
      0.0650         1.00
      0.0660         1.00
      0.0670         1.00
      0.0680         1.00
      0.0690         1.00
      0.0700         1.00
      0.0710         1.00
      0.0720         1.00
      0.0730         1.00
      0.0740         1.00
      0.0750         1.00
      0.0760         1.00
      0.0770         1.00
      0.0780         1.00
      0.0790         1.00
      0.0800         1.00
      0.0810         1.00
      0.0820         1.00
      0.0830         1.00
      0.0840         1.00
      0.0850         1.00
      0.0860         1.00
      0.0870         1.00
      0.0880         1.00
      0.0890         1.00
      0.0900         1.00
      0.0910         1.00
      0.0920         1.00
      0.0930         1.00
      0.0940         1.00
      0.0950         1.00
      0.0960         1.00
      0.0970         1.00
      0.0980         1.00
      0.0990         1.00
      0.1000         1.00
      0.1010         1.00
      0.1020         1.00
      0.1030         1.00
      0.1040         1.00
      0.1050         1.00
      0.1060         1.00
      0.1070         1.00
      0.1080         1.00
      0.1090         1.00
      0.1100         1.00
      0.1110         1.00
      0.1120         1.00
      0.1130         1.00
      0.1140         1.00
      0.1150         1.00
      0.1160         1.00
      0.1170         1.00
      0.1180         1.00
      0.1190         1.00
      0.1200         1.00
      0.1210         1.00
      0.1220         1.00
      0.1230         1.00
      0.1240         1.00
      0.1250         1.00
      0.1260         1.00
      0.1270         1.00
      0.1280         1.00
      0.1290         1.00
      0.1300         1.00
      0.1310         1.00
      0.1320         1.00
      0.1330         1.00
      0.1340         1.00
      0.1350         1.00
      0.1360         1.00
      0.1370         1.00
      0.1380         1.00
      0.1390         1.00
      0.1400         1.00
      0.1410         1.00
      0.1420         1.00
      0.1430         1.00
      0.1440         1.00
      0.1450         1.00
      0.1460         1.00
      0.1470         1.00
      0.1480         1.00
      0.1490         1.00
      0.1500         1.00
      0.1510         1.00
      0.1520         1.00
      0.1530         1.00
      0.1540         1.00
      0.1550         1.00
      0.1560         1.00
      0.1570         1.00
      0.1580         1.00
      0.1590         1.00
      0.1600         1.00
      0.1610         1.00
      0.1620         1.00
      0.1630         1.00
      0.1640         1.00
      0.1650         1.00
      0.1660         1.00
      0.1670         1.00
      0.1680         1.00
      0.1690         1.00
      0.1700         1.00
      0.1710         1.00
      0.1720         1.00
      0.1730         1.00
      0.1740         1.00
      0.1750         1.00
      0.1760         1.00
      0.1770         1.00
      0.1780         1.00
      0.1790         1.00
      0.1800         1.00
      0.1810         1.00
      0.1820         1.00
      0.1830         1.00
      0.1840         1.00
      0.1850         1.00
      0.1860         1.00
      0.1870         1.00
      0.1880         1.00
      0.1890         1.00
      0.1900         1.00
      0.1910         1.00
      0.1920         1.00
      0.1930         1.00
      0.1940         1.00
      0.1950         1.00
      0.1960         1.00
      0.1970         1.00
      0.1980         1.00
      0.1990         1.00
      0.2000         1.00
      0.2010         1.00
      0.2020         1.00
      0.2030         1.00
      0.2040         1.00
      0.2050         1.00
      0.2060         1.00
      0.2070         1.00
      0.2080         1.00
      0.2090         1.00
      0.2100         1.00
      0.2110         1.00
      0.2120         1.00
      0.2130         1.00
      0.2140         1.00
      0.2150         1.00
      0.2160         1.00
      0.2170         1.00
      0.2180         1.00
      0.2190         1.00
      0.2200         1.00
      0.2210         1.00
      0.2220         1.00
      0.2230         1.00
      0.2240         1.00
      0.2250         1.00
      0.2260         1.00
      0.2270         1.00
      0.2280         1.00
      0.2290         1.00
      0.2300         1.00
      0.2310         1.00
      0.2320         1.00
      0.2330         1.00
      0.2340         1.00
      0.2350         1.00
      0.2360         1.00
      0.2370         1.00
      0.2380         1.00
      0.2390         1.00
      0.2400         1.00
      0.2410         1.00
      0.2420         1.00
      0.2430         1.00
      0.2440         1.00
      0.2450         1.00
      0.2460         1.00
      0.2470         1.00
      0.2480         1.00
      0.2490         1.00
      0.2500         1.00
      0.2510         1.00
      0.2520         1.00
      0.2530         1.00
      0.2540         1.00
      0.2550         1.00
      0.2560         1.00
      0.2570         1.00
      0.2580         1.00
      0.2590         1.00
      0.2600         1.00
      0.2610         1.00
      0.2620         1.00
      0.2630         1.00
      0.2640         1.00
      0.2650         1.00
      0.2660         1.00
      0.2670         1.00
      0.2680         1.00
      0.2690         1.00
      0.2700         1.00
      0.2710         1.00
      0.2720         1.00
      0.2730         1.00
      0.2740         1.00
      0.2750         1.00
      0.2760         1.00
      0.2770         1.00
      0.2780         1.00
      0.2790         1.00
      0.2800         1.00
      0.2810         1.00
      0.2820         1.00
      0.2830         1.00
      0.2840         1.00
      0.2850         1.00
      0.2860         1.00
      0.2870         1.00
      0.2880         1.00
      0.2890         1.00
      0.2900         1.00
      0.2910         1.00
      0.2920         1.00
      0.2930         1.00
      0.2940         1.00
      0.2950         1.00
      0.2960         1.00
      0.2970         1.00
      0.2980         1.00
      0.2990         1.00
      0.3000         1.00
      0.3010         1.00
      0.3020         1.00
      0.3030         1.00
      0.3040         1.00
      0.3050         1.00
      0.3060         1.00
      0.3070         1.00
      0.3080         1.00
      0.3090         1.00
      0.3100         1.00
      0.3110         1.00
      0.3120         1.00
      0.3130         1.00
      0.3140         1.00
      0.3150         1.00
      0.3160         1.00
      0.3170         1.00
      0.3180         1.00
      0.3190         1.00
      0.3200         1.00
      0.3210         1.00
      0.3220         1.00
      0.3230         1.00
      0.3240         1.00
      0.3250         1.00
      0.3260         1.00
      0.3270         1.00
      0.3280         1.00
      0.3290         1.00
      0.3300         1.00
      0.3310         1.00
      0.3320         1.00
      0.3330         1.00
      0.3340         1.00
      0.3350         1.00
      0.3360         1.00
      0.3370         1.00
      0.3380         1.00
      0.3390         1.00
      0.3400         1.00
      0.3410         1.00
      0.3420         1.00
      0.3430         1.00
      0.3440         1.00
      0.3450         1.00
      0.3460         1.00
      0.3470         1.00
      0.3480         1.00
      0.3490         1.00
      0.3500         1.00
      0.3510         1.00
      0.3520         1.00
      0.3530         1.00
      0.3540         1.00
      0.3550         1.00
      0.3560         1.00
      0.3570         1.00
      0.3580         1.00
      0.3590         1.00
      0.3600         1.00
      0.3610         1.00
      0.3620         1.00
      0.3630         1.00
      0.3640         1.00
      0.3650         1.00
      0.3660         1.00
      0.3670         1.00
      0.3680         1.00
      0.3690         1.00
      0.3700         1.00
      0.3710         1.00
      0.3720         1.00
      0.3730         1.00
      0.3740         1.00
      0.3750         1.00
      0.3760         1.00
      0.3770         1.00
      0.3780         1.00
      0.3790         1.00
      0.3800         1.00
      0.3810         1.00
      0.3820         1.00
      0.3830         1.00
      0.3840         1.00
      0.3850         1.00
      0.3860         1.00
      0.3870         1.00
      0.3880         1.00
      0.3890         1.00
      0.3900         1.00
      0.3910         1.00
      0.3920         1.00
      0.3930         1.00
      0.3940         1.00
      0.3950         1.00
      0.3960         1.00
      0.3970         1.00
      0.3980         1.00
      0.3990         1.00
      0.4000         1.00
      0.4010         1.00
      0.4020         1.00
      0.4030         1.00
      0.4040         1.00
      0.4050         1.00
      0.4060         1.00
      0.4070         1.00
      0.4080         1.00
      0.4090         1.00
      0.4100         1.00
      0.4110         1.00
      0.4120         1.00
      0.4130         1.00
      0.4140         1.00
      0.4150         1.00
      0.4160         1.00
      0.4170         1.00
      0.4180         1.00
      0.4190         1.00
      0.4200         1.00
      0.4210         1.00
      0.4220         1.00
      0.4230         1.00
      0.4240         1.00
      0.4250         1.00
      0.4260         1.00
      0.4270         1.00
      0.4280         1.00
      0.4290         1.00
      0.4300         1.00
      0.4310         1.00
      0.4320         1.00
      0.4330         1.00
      0.4340         1.00
      0.4350         1.00
      0.4360         1.00
      0.4370         1.00
      0.4380         1.00
      0.4390         1.00
      0.4400         1.00
      0.4410         1.00
      0.4420         1.00
      0.4430         1.00
      0.4440         1.00
      0.4450         1.00
      0.4460         1.00
      0.4470         1.00
      0.4480         1.00
      0.4490         1.00
      0.4500         1.00
      0.4510         1.00
      0.4520         1.00
      0.4530         1.00
      0.4540         1.00
      0.4550         1.00
      0.4560         1.00
      0.4570         1.00
      0.4580         1.00
      0.4590         1.00
      0.4600         1.00
      0.4610         1.00
      0.4620         1.00
      0.4630         1.00
      0.4640         1.00
      0.4650         1.00
      0.4660         1.00
      0.4670         1.00
      0.4680         1.00
      0.4690         1.00
      0.4700         1.00
      0.4710         1.00
      0.4720         1.00
      0.4730         1.00
      0.4740         1.00
      0.4750         1.00
      0.4760         1.00
      0.4770         1.00
      0.4780         1.00
      0.4790         1.00
      0.4800         1.00
      0.4810         1.00
      0.4820         1.00
      0.4830         1.00
      0.4840         1.00
      0.4850         1.00
      0.4860         1.00
      0.4870         1.00
      0.4880         1.00
      0.4890         1.00
      0.4900         1.00
      0.4910         1.00
      0.4920         1.00
      0.4930         1.00
      0.4940         1.00
      0.4950         1.00
      0.4960         1.00
      0.4970         1.00
      0.4980         1.00
      0.4990         1.00
      0.5000         1.00
      0.5010         1.00
      0.5020         1.00
      0.5030         1.00
      0.5040         1.00
      0.5050         1.00
      0.5060         1.00
      0.5070         1.00
      0.5080         1.00
      0.5090         1.00
      0.5100         1.00
      0.5110         1.00
      0.5120         1.00
      0.5130         1.00
      0.5140         1.00
      0.5150         1.00
      0.5160         1.00
      0.5170         1.00
      0.5180         1.00
      0.5190         1.00
      0.5200         1.00
      0.5210         1.00
      0.5220         1.00
      0.5230         1.00
      0.5240         1.00
      0.5250         1.24
      0.5260         1.34
      0.5270         1.40
      0.5280         1.34
      0.5290         1.35
      0.5300         1.40
      0.5310         1.47
      0.5320         1.50
      0.5330         1.57
      0.5340         1.77
      0.5350         1.77
      0.5360         1.71
      0.5370         1.67
      0.5380         1.15
      0.5390         1.15
      0.5400         1.11
      0.5410         1.14
      0.5420         1.21
      0.5430         1.21
      0.5440         1.22
      0.5450         1.14
      0.5460         1.14
      0.5470         1.15
      0.5480         1.74
      0.5490         1.78
      0.5500         1.73
      0.5510         1.81
      0.5520         1.74
      0.5530         1.82
      0.5540         1.70
      0.5550         1.78
      0.5560         1.86
      0.5570         1.91
      0.5580         1.98
      0.5590         2.03
      0.5600         2.18
      0.5610         2.21
      0.5620         2.10
      0.5630         2.07
      0.5640         2.60
      0.5650         2.61
      0.5660         1.95
      0.5670         1.87
      0.5680         1.89
      0.5690         1.86
      0.5700         1.85
      0.5710         1.94
      0.5720         1.98
      0.5730         1.86
      0.5740         1.79
      0.5750         1.70
      0.5760         1.65
      0.5770         1.55
      0.5780         1.58
      0.5790         2.14
      0.5800         2.09
      0.5810         2.06
      0.5820         2.20
      0.5830         2.14
      0.5840         2.08
      0.5850         1.53
      0.5860         1.57
      0.5870         2.05
      0.5880         1.02
      0.5890         1.03
      0.5900         1.07
      0.5910         1.58
      0.5920         1.74
      0.5930         2.29
      0.5940         2.37
      0.5950         2.44
      0.5960         2.43
      0.5970         3.07
      0.5980         2.51
      0.5990         2.49
      0.6000         2.52
      0.6010         2.00
      0.6020         2.52
      0.6030         2.67
      0.6040         2.74
      0.6050         2.80
      0.6060         2.41
      0.6070         2.90
      0.6080         3.06
      0.6090         3.06
      0.6100         3.18
      0.6110         3.08
      0.6120         2.46
      0.6130         2.39
      0.6140         2.35
      0.6150         2.30
      0.6160         2.37
      0.6170         2.43
      0.6180         2.45
      0.6190         2.47
      0.6200         2.51
      0.6210         2.60
      0.6220         3.02
      0.6230         3.01
      0.6240         3.14
      0.6250         3.14
      0.6260         3.06
      0.6270         3.20
      0.6280         3.28
      0.6290         3.34
      0.6300         3.39
      0.6310         3.59
      0.6320         3.62
      0.6330         3.70
      0.6340         3.93
      0.6350         4.01
      0.6360         4.04
      0.6370         4.12
      0.6380         4.19
      0.6390         4.27
      0.6400         4.34
      0.6410         4.27
      0.6420         4.29
      0.6430         4.43
      0.6440         4.88
      0.6450         4.87
      0.6460         4.87
      0.6470         4.85
      0.6480         4.86
      0.6490         5.04
      0.6500         5.03
      0.6510         4.93
      0.6520         5.01
      0.6530         4.44
      0.6540         4.94
      0.6550         4.96
      0.6560         5.04
      0.6570         5.00
      0.6580         4.41
      0.6590         4.88
      0.6600         4.44
      0.6610         5.01
      0.6620         4.96
      0.6630         5.01
      0.6640         4.55
      0.6650         4.62
      0.6660         4.74
      0.6670         4.80
      0.6680         4.82
      0.6690         4.79
      0.6700         4.79
      0.6710         4.98
      0.6720         4.93
      0.6730         5.17
      0.6740         5.10
      0.6750         5.22
      0.6760         5.32
      0.6770         5.28
      0.6780         5.48
      0.6790         5.51
      0.6800         6.00
      0.6810         5.73
      0.6820         6.43
      0.6830         6.48
      0.6840         6.55
      0.6850         6.72
      0.6860         6.87
      0.6870         6.98
      0.6880         7.03
      0.6890         7.23
      0.6900         7.38
      0.6910         7.41
      0.6920         7.57
      0.6930         7.64
      0.6940         7.80
      0.6950         7.62
      0.6960         7.65
      0.6970         7.84
      0.6980         7.92
      0.6990         7.93
      0.7000         8.03
      0.7010         7.89
      0.7020         7.95
      0.7030         7.95
      0.7040         8.04
      0.7050         8.10
      0.7060         7.98
      0.7070         8.02
      0.7080         8.04
      0.7090         8.02
      0.7100         8.16
      0.7110         8.35
      0.7120         8.46
      0.7130         8.44
      0.7140         8.04
      0.7150         8.23
      0.7160         8.78
      0.7170         8.88
      0.7180         8.98
      0.7190         9.23
      0.7200         9.35
      0.7210         9.72
      0.7220         9.90
      0.7230        10.08
      0.7240        10.21
      0.7250        10.41
      0.7260        10.74
      0.7270        10.85
      0.7280        10.98
      0.7290        11.07
      0.7300        11.12
      0.7310        11.22
      0.7320        11.42
      0.7330        11.51
      0.7340        11.62
      0.7350        11.85
      0.7360        11.97
      0.7370        11.91
      0.7380        11.98
      0.7390        11.92
      0.7400        12.00
      0.7410        11.94
      0.7420        11.82
      0.7430        11.87
      0.7440        12.05
      0.7450        12.02
      0.7460        12.05
      0.7470        12.03
      0.7480        12.13
      0.7490        12.40
      0.7500        12.42
      0.7510        12.45
      0.7520        12.52
      0.7530        12.68
      0.7540        12.72
      0.7550        12.60
      0.7560        12.70
      0.7570        12.88
      0.7580        13.15
      0.7590        13.36
      0.7600        13.63
      0.7610        13.89
      0.7620        14.17
      0.7630        14.25
      0.7640        14.20
      0.7650        14.41
      0.7660        14.45
      0.7670        14.75
      0.7680        14.92
      0.7690        14.94
      0.7700        15.23
      0.7710        15.41
      0.7720        15.57
      0.7730        15.77
      0.7740        15.92
      0.7750        16.13
      0.7760        16.23
      0.7770        16.47
      0.7780        16.50
      0.7790        16.73
      0.7800        16.73
      0.7810        16.82
      0.7820        16.86
      0.7830        16.98
      0.7840        17.10
      0.7850        17.17
      0.7860        17.46
      0.7870        17.40
      0.7880        17.56
      0.7890        17.66
      0.7900        17.75
      0.7910        17.97
      0.7920        18.13
      0.7930        18.29
      0.7940        18.53
      0.7950        18.70
      0.7960        18.98
      0.7970        19.18
      0.7980        19.36
      0.7990        19.54
      0.8000        19.87
      0.8010        20.02
      0.8020        20.23
      0.8030        20.53
      0.8040        21.03
      0.8050        21.38
      0.8060        21.47
      0.8070        21.74
      0.8080        22.05
      0.8090        22.31
      0.8100        22.54
      0.8110        22.74
      0.8120        22.97
      0.8130        23.16
      0.8140        23.48
      0.8150        23.74
      0.8160        23.82
      0.8170        24.06
      0.8180        24.10
      0.8190        24.21
      0.8200        24.26
      0.8210        24.32
      0.8220        24.49
      0.8230        24.70
      0.8240        24.71
      0.8250        24.73
      0.8260        24.87
      0.8270        25.06
      0.8280        25.04
      0.8290        25.28
      0.8300        25.28
      0.8310        25.37
      0.8320        25.36
      0.8330        25.44
      0.8340        25.36
      0.8350        25.55
      0.8360        25.73
      0.8370        25.82
      0.8380        26.06
      0.8390        26.16
      0.8400        26.53
      0.8410        26.90
      0.8420        27.11
      0.8430        27.33
      0.8440        27.51
      0.8450        27.74
      0.8460        27.92
      0.8470        28.13
      0.8480        28.40
      0.8490        28.51
      0.8500        28.84
      0.8510        29.06
      0.8520        29.34
      0.8530        29.47
      0.8540        29.89
      0.8550        29.93
      0.8560        30.14
      0.8570        30.22
      0.8580        30.30
      0.8590        30.45
      0.8600        30.33
      0.8610        30.38
      0.8620        30.58
      0.8630        30.51
      0.8640        30.79
      0.8650        30.96
      0.8660        31.19
      0.8670        31.19
      0.8680        31.34
      0.8690        31.50
      0.8700        31.59
      0.8710        31.70
      0.8720        31.91
      0.8730        32.06
      0.8740        32.06
      0.8750        32.22
      0.8760        32.35
      0.8770        32.58
      0.8780        32.69
      0.8790        32.93
      0.8800        33.20
      0.8810        33.47
      0.8820        33.55
      0.8830        33.87
      0.8840        33.86
      0.8850        34.02
      0.8860        34.17
      0.8870        34.46
      0.8880        34.68
      0.8890        34.74
      0.8900        34.93
      0.8910        35.05
      0.8920        35.19
      0.8930        35.47
      0.8940        35.51
      0.8950        35.59
      0.8960        35.70
      0.8970        35.75
      0.8980        36.02
      0.8990        36.14
      0.9000        36.40
      0.9010        36.42
      0.9020        36.50
      0.9030        36.52
      0.9040        36.67
      0.9050        36.65
      0.9060        36.65
      0.9070        36.77
      0.9080        36.68
      0.9090        36.67
      0.9100        36.71
      0.9110        36.78
      0.9120        36.76
      0.9130        36.64
      0.9140        36.76
      0.9150        36.91
      0.9160        36.97
      0.9170        36.99
      0.9180        37.05
      0.9190        37.12
      0.9200        37.06
      0.9210        37.21
      0.9220        37.41
      0.9230        37.53
      0.9240        37.61
      0.9250        37.76
      0.9260        38.01
      0.9270        38.04
      0.9280        38.27
      0.9290        38.48
      0.9300        38.55
      0.9310        38.70
      0.9320        38.79
      0.9330        39.06
      0.9340        39.21
      0.9350        39.28
      0.9360        39.41
      0.9370        39.73
      0.9380        39.77
      0.9390        39.78
      0.9400        39.87
      0.9410        39.88
      0.9420        40.02
      0.9430        39.94
      0.9440        39.96
      0.9450        40.10
      0.9460        40.03
      0.9470        40.17
      0.9480        40.26
      0.9490        40.30
      0.9500        40.37
      0.9510        40.42
      0.9520        40.58
      0.9530        40.58
      0.9540        40.60
      0.9550        40.66
      0.9560        40.62
      0.9570        40.45
      0.9580        40.61
      0.9590        40.74
      0.9600        40.82
      0.9610        40.98
      0.9620        40.83
      0.9630        40.98
      0.9640        41.06
      0.9650        41.06
      0.9660        41.18
      0.9670        41.19
      0.9680        41.23
      0.9690        41.41
      0.9700        41.54
      0.9710        41.47
      0.9720        41.53
      0.9730        41.65
      0.9740        41.66
      0.9750        41.69
      0.9760        41.92
      0.9770        42.08
      0.9780        42.04
      0.9790        42.04
      0.9800        42.20
      0.9810        42.32
      0.9820        42.53
      0.9830        42.65
      0.9840        42.76
      0.9850        42.82
      0.9860        42.75
      0.9870        42.77
      0.9880        42.99
      0.9890        42.97
      0.9900        42.99
      0.9910        43.15
      0.9920        43.16
      0.9930        43.24
      0.9940        43.42
      0.9950        43.61
      0.9960        43.53
      0.9970        43.66
      0.9980        43.85
      0.9990        43.95
      1.0000        43.85
      1.0010        43.67
      1.0020        43.61
      1.0030        43.69
      1.0040        43.91
      1.0050        44.07
      1.0060        44.38
      1.0070        44.54
      1.0080        44.64
      1.0090        44.80
      1.0100        45.10
      1.0110        45.30
      1.0120        45.47
      1.0130        45.55
      1.0140        45.73
      1.0150        45.79
      1.0160        45.99
      1.0170        46.03
      1.0180        46.21
      1.0190        46.36
      1.0200        46.64
      1.0210        46.80
      1.0220        47.02
      1.0230        47.10
      1.0240        47.14
      1.0250        47.26
      1.0260        47.33
      1.0270        47.41
      1.0280        47.48
      1.0290        47.64
      1.0300        47.64
      1.0310        47.56
      1.0320        47.53
      1.0330        47.57
      1.0340        47.69
      1.0350        47.88
      1.0360        48.00
      1.0370        48.12
      1.0380        48.23
      1.0390        48.43
      1.0400        48.39
      1.0410        48.54
      1.0420        48.63
      1.0430        48.87
      1.0440        48.91
      1.0450        48.92
      1.0460        49.03
      1.0470        49.14
      1.0480        49.21
      1.0490        49.14
      1.0500        49.01
      1.0510        49.21
      1.0520        49.27
      1.0530        49.51
      1.0540        49.50
      1.0550        49.54
      1.0560        49.69
      1.0570        49.70
      1.0580        49.68
      1.0590        49.67
      1.0600        49.64
      1.0610        49.59
      1.0620        49.69
      1.0630        49.56
      1.0640        49.57
      1.0650        49.46
      1.0660        49.34
      1.0670        49.34
      1.0680        49.32
      1.0690        49.38
      1.0700        49.47
      1.0710        49.45
      1.0720        49.35
      1.0730        49.18
      1.0740        49.08
      1.0750        49.00
      1.0760        48.82
      1.0770        48.82
      1.0780        48.81
      1.0790        48.78
      1.0800        48.86
      1.0810        48.88
      1.0820        48.79
      1.0830        48.90
      1.0840        48.94
      1.0850        49.05
      1.0860        49.09
      1.0870        49.13
      1.0880        49.19
      1.0890        49.22
      1.0900        49.34
      1.0910        49.45
      1.0920        49.89
      1.0930        49.99
      1.0940        50.11
      1.0950        50.18
      1.0960        50.23
      1.0970        50.24
      1.0980        50.32
      1.0990        50.43
      1.1000        50.52
      1.1010        50.62
      1.1020        50.82
      1.1030        50.87
      1.1040        50.91
      1.1050        51.06
      1.1060        51.37
      1.1070        51.31
      1.1080        51.34
      1.1090        51.39
      1.1100        51.49
      1.1110        51.47
      1.1120        51.39
      1.1130        51.38
      1.1140        51.60
      1.1150        51.61
      1.1160        51.66
      1.1170        51.88
      1.1180        51.96
      1.1190        51.89
      1.1200        52.03
      1.1210        52.06
      1.1220        51.97
      1.1230        52.06
      1.1240        52.07
      1.1250        52.06
      1.1260        51.91
      1.1270        52.15
      1.1280        52.35
      1.1290        52.46
      1.1300        52.41
      1.1310        52.52
      1.1320        52.65
      1.1330        52.87
      1.1340        52.93
      1.1350        53.00
      1.1360        53.07
      1.1370        53.12
      1.1380        53.12
      1.1390        53.38
      1.1400        53.28
      1.1410        53.38
      1.1420        53.55
      1.1430        53.54
      1.1440        53.54
      1.1450        53.72
      1.1460        53.72
      1.1470        53.73
      1.1480        53.57
      1.1490        53.59
      1.1500        53.71
      1.1510        53.77
      1.1520        53.62
      1.1530        53.58
      1.1540        53.50
      1.1550        53.64
      1.1560        53.65
      1.1570        53.62
      1.1580        53.66
      1.1590        53.62
      1.1600        53.60
      1.1610        53.70
      1.1620        53.71
      1.1630        53.77
      1.1640        53.76
      1.1650        53.78
      1.1660        53.92
      1.1670        54.00
      1.1680        54.12
      1.1690        54.20
      1.1700        54.28
      1.1710        54.46
      1.1720        54.54
      1.1730        54.59
      1.1740        54.74
      1.1750        54.84
      1.1760        55.10
      1.1770        55.20
      1.1780        55.29
      1.1790        55.44
      1.1800        55.67
      1.1810        55.78
      1.1820        55.79
      1.1830        56.03
      1.1840        56.25
      1.1850        56.36
      1.1860        56.41
      1.1870        56.53
      1.1880        56.65
      1.1890        56.74
      1.1900        56.78
      1.1910        56.82
      1.1920        56.85
      1.1930        56.93
      1.1940        57.00
      1.1950        56.91
      1.1960        56.98
      1.1970        56.94
      1.1980        57.10
      1.1990        57.17
      1.2000        57.06
      1.2010        57.02
      1.2020        56.93
      1.2030        56.72
      1.2040        56.74
      1.2050        56.74
      1.2060        56.86
      1.2070        56.77
      1.2080        56.73
      1.2090        56.71
      1.2100        56.78
      1.2110        56.77
      1.2120        56.87
      1.2130        56.85
      1.2140        56.67
      1.2150        56.77
      1.2160        56.67
      1.2170        56.74
      1.2180        56.85
      1.2190        56.78
      1.2200        56.88
      1.2210        56.97
      1.2220        57.14
      1.2230        57.12
      1.2240        57.04
      1.2250        56.92
      1.2260        56.88
      1.2270        56.90
      1.2280        56.81
      1.2290        56.77
      1.2300        56.59
      1.2310        56.49
      1.2320        56.49
      1.2330        56.34
      1.2340        56.42
      1.2350        56.45
      1.2360        56.50
      1.2370        56.51
      1.2380        56.26
      1.2390        56.34
      1.2400        56.44
      1.2410        56.40
      1.2420        56.46
      1.2430        56.56
      1.2440        56.51
      1.2450        56.59
      1.2460        56.72
      1.2470        56.76
      1.2480        56.96
      1.2490        57.00
      1.2500        57.23
      1.2510        57.36
      1.2520        57.50
      1.2530        57.76
      1.2540        57.83
      1.2550        57.90
      1.2560        57.95
      1.2570        58.06
      1.2580        58.32
      1.2590        58.33
      1.2600        58.33
      1.2610        58.48
      1.2620        58.48
      1.2630        58.62
      1.2640        58.97
      1.2650        59.13
      1.2660        59.22
      1.2670        59.37
      1.2680        59.49
      1.2690        59.72
      1.2700        59.76
      1.2710        59.89
      1.2720        59.94
      1.2730        60.02
      1.2740        60.16
      1.2750        60.21
      1.2760        60.29
      1.2770        60.32
      1.2780        60.21
      1.2790        60.29
      1.2800        60.40
      1.2810        60.36
      1.2820        60.51
      1.2830        60.49
      1.2840        60.44
      1.2850        60.37
      1.2860        60.23
      1.2870        60.19
      1.2880        60.05
      1.2890        60.06
      1.2900        60.02
      1.2910        59.84
      1.2920        59.71
      1.2930        59.66
      1.2940        59.64
      1.2950        59.64
      1.2960        59.78
      1.2970        59.85
      1.2980        59.93
      1.2990        59.83
      1.3000        59.67
      1.3010        59.78
      1.3020        59.76
      1.3030        59.87
      1.3040        59.94
      1.3050        59.97
      1.3060        60.05
      1.3070        60.09
      1.3080        60.08
      1.3090        59.96
      1.3100        59.97
      1.3110        60.08
      1.3120        60.11
      1.3130        60.20
      1.3140        60.27
      1.3150        60.35
      1.3160        60.20
      1.3170        60.27
      1.3180        60.38
      1.3190        60.48
      1.3200        60.62
      1.3210        60.69
      1.3220        60.68
      1.3230        60.74
      1.3240        60.75
      1.3250        60.87
      1.3260        60.97
      1.3270        61.13
      1.3280        61.30
      1.3290        61.39
      1.3300        61.57
      1.3310        61.57
      1.3320        61.80
      1.3330        61.96
      1.3340        62.01
      1.3350        62.20
      1.3360        62.41
      1.3370        62.47
      1.3380        62.60
      1.3390        62.87
      1.3400        63.12
      1.3410        63.26
      1.3420        63.46
      1.3430        63.73
      1.3440        63.82
      1.3450        64.12
      1.3460        64.46
      1.3470        64.54
      1.3480        64.75
      1.3490        65.04
      1.3500        65.30
      1.3510        65.56
      1.3520        65.69
      1.3530        65.93
      1.3540        66.24
      1.3550        66.34
      1.3560        66.38
      1.3570        66.49
      1.3580        66.42
      1.3590        66.34
      1.3600        66.38
      1.3610        66.40
      1.3620        66.32
      1.3630        66.20
      1.3640        66.17
      1.3650        65.94
      1.3660        65.79
      1.3670        65.73
      1.3680        65.60
      1.3690        65.55
      1.3700        65.36
      1.3710        65.35
      1.3720        65.17
      1.3730        64.85
      1.3740        64.64
      1.3750        64.44
      1.3760        64.33
      1.3770        64.36
      1.3780        64.28
      1.3790        64.12
      1.3800        64.06
      1.3810        64.05
      1.3820        64.02
      1.3830        63.92
      1.3840        64.00
      1.3850        64.14
      1.3860        64.11
      1.3870        64.16
      1.3880        64.24
      1.3890        64.25
      1.3900        64.21
      1.3910        64.25
      1.3920        64.30
      1.3930        64.30
      1.3940        64.18
      1.3950        64.22
      1.3960        64.12
      1.3970        64.05
      1.3980        64.11
      1.3990        64.15
      1.4000        64.20
      1.4010        64.01
      1.4020        64.07
      1.4030        64.03
      1.4040        64.09
      1.4050        63.96
      1.4060        63.82
      1.4070        63.66
      1.4080        63.53
      1.4090        63.59
      1.4100        63.62
      1.4110        63.45
      1.4120        63.33
      1.4130        63.42
      1.4140        63.40
      1.4150        63.38
      1.4160        63.50
      1.4170        63.48
      1.4180        63.55
      1.4190        63.53
      1.4200        63.48
      1.4210        63.62
      1.4220        63.70
      1.4230        63.82
      1.4240        63.77
      1.4250        63.98
      1.4260        64.11
      1.4270        64.36
      1.4280        64.63
      1.4290        64.75
      1.4300        64.81
      1.4310        64.85
      1.4320        64.99
      1.4330        64.98
      1.4340        65.29
      1.4350        65.33
      1.4360        65.44
      1.4370        65.60
      1.4380        65.63
      1.4390        65.85
      1.4400        65.75
      1.4410        65.90
      1.4420        65.96
      1.4430        66.06
      1.4440        66.01
      1.4450        65.94
      1.4460        65.67
      1.4470        65.25
      1.4480        64.98
      1.4490        64.64
      1.4500        64.40
      1.4510        64.32
      1.4520        64.40
      1.4530        64.32
      1.4540        64.04
      1.4550        63.86
      1.4560        63.58
      1.4570        63.31
      1.4580        62.93
      1.4590        62.71
      1.4600        62.66
      1.4610        62.34
      1.4620        62.15
      1.4630        61.81
      1.4640        61.73
      1.4650        61.50
      1.4660        61.58
      1.4670        61.70
      1.4680        61.72
      1.4690        61.56
      1.4700        61.60
      1.4710        61.49
      1.4720        61.34
      1.4730        61.11
      1.4740        60.98
      1.4750        60.98
      1.4760        60.95
      1.4770        61.01
      1.4780        61.11
      1.4790        60.92
      1.4800        60.82
      1.4810        60.71
      1.4820        60.61
      1.4830        60.56
      1.4840        60.47
      1.4850        60.43
      1.4860        60.27
      1.4870        60.27
      1.4880        60.09
      1.4890        59.97
      1.4900        60.00
      1.4910        60.04
      1.4920        59.93
      1.4930        59.98
      1.4940        60.11
      1.4950        59.86
      1.4960        59.90
      1.4970        59.84
      1.4980        59.90
      1.4990        60.06
      1.5000        60.10
      1.5010        60.23
      1.5020        60.18
      1.5030        60.30
      1.5040        60.33
      1.5050        60.27
      1.5060        60.49
      1.5070        60.51
      1.5080        60.59
      1.5090        60.73
      1.5100        60.71
      1.5110        60.70
      1.5120        60.74
      1.5130        60.72
      1.5140        60.60
      1.5150        60.77
      1.5160        60.80
      1.5170        60.81
      1.5180        60.74
      1.5190        60.58
      1.5200        60.63
      1.5210        60.49
      1.5220        60.39
      1.5230        60.32
      1.5240        60.34
      1.5250        60.26
      1.5260        60.07
      1.5270        59.76
      1.5280        59.57
      1.5290        59.50
      1.5300        59.34
      1.5310        59.29
      1.5320        59.02
      1.5330        58.67
      1.5340        58.51
      1.5350        58.29
      1.5360        57.99
      1.5370        57.60
      1.5380        57.36
      1.5390        57.13
      1.5400        56.79
      1.5410        56.51
      1.5420        56.48
      1.5430        56.18
      1.5440        55.91
      1.5450        55.71
      1.5460        55.41
      1.5470        55.33
      1.5480        54.99
      1.5490        54.83
      1.5500        54.67
      1.5510        54.40
      1.5520        54.20
      1.5530        54.17
      1.5540        54.00
      1.5550        53.86
      1.5560        53.66
      1.5570        53.71
      1.5580        53.47
      1.5590        53.34
      1.5600        53.16
      1.5610        52.93
      1.5620        52.58
      1.5630        52.49
      1.5640        52.27
      1.5650        52.02
      1.5660        51.89
      1.5670        51.62
      1.5680        51.62
      1.5690        51.39
      1.5700        51.04
      1.5710        50.71
      1.5720        50.38
      1.5730        50.24
      1.5740        49.99
      1.5750        49.75
      1.5760        49.65
      1.5770        49.27
      1.5780        49.18
      1.5790        49.00
      1.5800        48.70
      1.5810        48.65
      1.5820        48.33
      1.5830        48.18
      1.5840        47.93
      1.5850        47.76
      1.5860        47.48
      1.5870        47.48
      1.5880        47.24
      1.5890        46.98
      1.5900        46.90
      1.5910        46.88
      1.5920        46.82
      1.5930        46.66
      1.5940        46.50
      1.5950        46.34
      1.5960        46.11
      1.5970        45.95
      1.5980        45.69
      1.5990        45.58
      1.6000        45.52
      1.6010        45.46
      1.6020        45.30
      1.6030        45.11
      1.6040        44.83
      1.6050        44.59
      1.6060        44.53
      1.6070        44.20
      1.6080        44.09
      1.6090        43.99
      1.6100        43.63
      1.6110        43.28
      1.6120        43.16
      1.6130        42.85
      1.6140        42.67
      1.6150        42.38
      1.6160        42.19
      1.6170        41.79
      1.6180        41.64
      1.6190        41.28
      1.6200        40.97
      1.6210        40.53
      1.6220        40.25
      1.6230        39.82
      1.6240        39.67
      1.6250        39.50
      1.6260        39.13
      1.6270        38.88
      1.6280        38.50
      1.6290        38.19
      1.6300        38.08
      1.6310        37.83
      1.6320        37.56
      1.6330        37.40
      1.6340        37.24
      1.6350        37.08
      1.6360        36.89
      1.6370        36.71
      1.6380        36.54
      1.6390        36.43
      1.6400        36.06
      1.6410        35.85
      1.6420        35.66
      1.6430        35.50
      1.6440        35.30
      1.6450        35.03
      1.6460        34.86
      1.6470        34.65
      1.6480        34.51
      1.6490        34.19
      1.6500        33.95
      1.6510        33.83
      1.6520        33.60
      1.6530        33.26
      1.6540        32.99
      1.6550        32.79
      1.6560        32.48
      1.6570        32.29
      1.6580        32.05
      1.6590        31.69
      1.6600        31.62
      1.6610        31.34
      1.6620        31.16
      1.6630        30.99
      1.6640        30.83
      1.6650        30.68
      1.6660        30.63
      1.6670        30.56
      1.6680        30.20
      1.6690        30.04
      1.6700        29.84
      1.6710        29.71
      1.6720        29.49
      1.6730        29.49
      1.6740        29.21
      1.6750        28.95
      1.6760        28.62
      1.6770        28.48
      1.6780        28.25
      1.6790        28.12
      1.6800        27.95
      1.6810        27.86
      1.6820        27.79
      1.6830        27.50
      1.6840        27.20
      1.6850        26.99
      1.6860        26.60
      1.6870        26.31
      1.6880        26.26
      1.6890        26.07
      1.6900        25.77
      1.6910        25.49
      1.6920        25.23
      1.6930        24.98
      1.6940        24.75
      1.6950        24.52
      1.6960        24.41
      1.6970        24.08
      1.6980        23.75
      1.6990        23.45
      1.7000        23.31
      1.7010        23.04
      1.7020        22.79
      1.7030        22.84
      1.7040        22.64
      1.7050        22.51
      1.7060        22.41
      1.7070        22.25
      1.7080        21.99
      1.7090        21.73
      1.7100        21.75
      1.7110        21.63
      1.7120        21.62
      1.7130        21.50
      1.7140        21.37
      1.7150        21.44
      1.7160        21.44
      1.7170        21.51
      1.7180        21.55
      1.7190        21.72
      1.7200        21.56
      1.7210        21.22
      1.7220        21.15
      1.7230        20.96
      1.7240        20.96
      1.7250        20.72
      1.7260        20.73
      1.7270        20.71
      1.7280        20.65
      1.7290        20.63
      1.7300        20.38
      1.7310        20.21
      1.7320        20.03
      1.7330        19.83
      1.7340        19.62
      1.7350        19.28
      1.7360        19.15
      1.7370        19.14
      1.7380        18.92
      1.7390        18.71
      1.7400        18.55
      1.7410        18.78
      1.7420        18.62
      1.7430        18.35
      1.7440        18.07
      1.7450        18.00
      1.7460        17.71
      1.7470        17.47
      1.7480        17.35
      1.7490        17.35
      1.7500        17.39
      1.7510        17.31
      1.7520        17.18
      1.7530        17.10
      1.7540        17.06
      1.7550        17.11
      1.7560        16.85
      1.7570        16.62
      1.7580        16.53
      1.7590        16.26
      1.7600        16.26
      1.7610        16.00
      1.7620        15.88
      1.7630        15.84
      1.7640        15.81
      1.7650        15.71
      1.7660        15.69
      1.7670        15.37
      1.7680        15.28
      1.7690        15.00
      1.7700        14.70
      1.7710        14.46
      1.7720        14.47
      1.7730        14.39
      1.7740        14.19
      1.7750        13.96
      1.7760        13.80
      1.7770        13.68
      1.7780        13.53
      1.7790        13.44
      1.7800        13.29
      1.7810        13.28
      1.7820        13.11
      1.7830        12.94
      1.7840        12.72
      1.7850        12.64
      1.7860        12.37
      1.7870        12.40
      1.7880        12.33
      1.7890        12.17
      1.7900        12.13
      1.7910        12.21
      1.7920        11.96
      1.7930        11.85
      1.7940        11.94
      1.7950        11.86
      1.7960        11.89
      1.7970        11.78
      1.7980        11.82
      1.7990        11.91
      1.8000        11.78
      1.8010        11.74
      1.8020        11.63
      1.8030        11.71
      1.8040        11.75
      1.8050        11.62
      1.8060        11.64
      1.8070        11.67
      1.8080        11.63
      1.8090        11.63
      1.8100        11.66
      1.8110        11.37
      1.8120        11.21
      1.8130        11.10
      1.8140        10.86
      1.8150        10.74
      1.8160        10.81
      1.8170        10.66
      1.8180        10.42
      1.8190        10.10
      1.8200         9.94
      1.8210         9.76
      1.8220         9.68
      1.8230         9.44
      1.8240         9.45
      1.8250         9.34
      1.8260         8.67
      1.8270         8.66
      1.8280         8.77
      1.8290         8.82
      1.8300         8.58
      1.8310         8.65
      1.8320         8.62
      1.8330         8.54
      1.8340         8.95
      1.8350         8.95
      1.8360         8.79
      1.8370         8.81
      1.8380         8.91
      1.8390         8.98
      1.8400         9.17
      1.8410         9.11
      1.8420         9.11
      1.8430         9.17
      1.8440         9.03
      1.8450         9.04
      1.8460         9.18
      1.8470         9.04
      1.8480         8.80
      1.8490         8.73
      1.8500         8.87
      1.8510         8.74
      1.8520         8.74
      1.8530         8.62
      1.8540         8.58
      1.8550         8.65
      1.8560         8.62
      1.8570         8.69
      1.8580         8.42
      1.8590         8.22
      1.8600         8.03
      1.8610         7.98
      1.8620         7.98
      1.8630         7.88
      1.8640         7.72
      1.8650         7.70
      1.8660         7.64
      1.8670         7.54
      1.8680         7.56
      1.8690         7.41
      1.8700         6.86
      1.8710         6.78
      1.8720         6.68
      1.8730         6.74
      1.8740         6.80
      1.8750         6.52
      1.8760         6.45
      1.8770         6.37
      1.8780         6.44
      1.8790         6.55
      1.8800         6.59
      1.8810         6.59
      1.8820         6.53
      1.8830         6.55
      1.8840         7.15
      1.8850         7.11
      1.8860         7.03
      1.8870         7.00
      1.8880         6.93
      1.8890         6.82
      1.8900         6.74
      1.8910         6.85
      1.8920         6.94
      1.8930         6.92
      1.8940         6.89
      1.8950         6.94
      1.8960         6.94
      1.8970         6.88
      1.8980         6.77
      1.8990         6.71
      1.9000         6.45
      1.9010         6.30
      1.9020         6.11
      1.9030         5.43
      1.9040         5.43
      1.9050         5.37
      1.9060         5.39
      1.9070         5.41
      1.9080         5.76
      1.9090         5.19
      1.9100         5.65
      1.9110         5.53
      1.9120         5.26
      1.9130         4.60
      1.9140         4.54
      1.9150         4.39
      1.9160         4.34
      1.9170         4.25
      1.9180         4.07
      1.9190         4.01
      1.9200         4.00
      1.9210         4.56
      1.9220         4.64
      1.9230         4.75
      1.9240         4.63
      1.9250         4.42
      1.9260         4.33
      1.9270         4.17
      1.9280         4.21
      1.9290         4.36
      1.9300         3.73
      1.9310         3.83
      1.9320         3.93
      1.9330         4.04
      1.9340         4.48
      1.9350         4.51
      1.9360         4.49
      1.9370         4.28
      1.9380         4.20
      1.9390         4.01
      1.9400         3.95
      1.9410         3.95
      1.9420         3.79
      1.9430         3.73
      1.9440         2.97
      1.9450         2.51
      1.9460         3.04
      1.9470         2.47
      1.9480         1.85
      1.9490         1.83
      1.9500         2.45
      1.9510         2.41
      1.9520         1.79
      1.9530         1.70
      1.9540         1.65
      1.9550         1.58
      1.9560         1.58
      1.9570         1.64
      1.9580         1.62
      1.9590         1.64
      1.9600         1.66
      1.9610         1.68
      1.9620         1.68
      1.9630         1.64
      1.9640         1.61
      1.9650         1.64
      1.9660         1.57
      1.9670         1.57
      1.9680         2.11
      1.9690         1.53
      1.9700         1.93
      1.9710         1.92
      1.9720         1.36
      1.9730         1.37
      1.9740         1.93
      1.9750         1.37
      1.9760         1.31
      1.9770         1.27
      1.9780         1.27
      1.9790         1.22
      1.9800         1.65
      1.9810         1.10
      1.9820         1.06
      1.9830         1.65
      1.9840         1.13
      1.9850         1.13
      1.9860         1.11
      1.9870         1.00
      1.9880         1.00
      1.9890         1.00
      1.9900         1.03
      1.9910         1.03
      1.9920         1.03
      1.9930         1.00
      1.9940         1.00
      1.9950         1.05
      1.9960         1.03
      1.9970         1.00
      1.9980         1.00
      1.9990         1.00
      2.0000         1.00
      2.0010         1.01
      2.0020         1.09
      2.0030         1.06
      2.0040         1.02
      2.0050         1.00
      2.0060         1.00
      2.0070         1.03
      2.0080         1.01
      2.0090         1.07
      2.0100         1.07
      2.0110         1.03
      2.0120         1.65
      2.0130         1.70
      2.0140         1.73
      2.0150         1.62
      2.0160         1.59
      2.0170         1.61
      2.0180         1.55
      2.0190         1.00
      2.0200         1.00
      2.0210         1.00
      2.0220         1.00
      2.0230         1.00
      2.0240         1.00
      2.0250         1.00
      2.0260         1.00
      2.0270         1.00
      2.0280         1.00
      2.0290         1.00
      2.0300         1.00
      2.0310         1.00
      2.0320         1.00
      2.0330         1.00
      2.0340         1.00
      2.0350         1.00
      2.0360         1.00
      2.0370         1.00
      2.0380         1.00
      2.0390         1.00
      2.0400         1.00
      2.0410         1.00
      2.0420         1.00
      2.0430         1.00
      2.0440         1.00
      2.0450         1.00
      2.0460         1.00
      2.0470         1.00
      2.0480         1.00
      2.0490         1.00
      2.0500         1.00
      2.0510         1.00
      2.0520         1.00
      2.0530         1.00
      2.0540         1.00
      2.0550         1.00
      2.0560         1.00
      2.0570         1.00
      2.0580         1.00
      2.0590         1.00
      2.0600         1.00
      2.0610         1.00
      2.0620         1.00
      2.0630         1.00
      2.0640         1.00
      2.0650         1.00
      2.0660         1.00
      2.0670         1.00
      2.0680         1.00
      2.0690         1.00
      2.0700         1.00
      2.0710         1.00
      2.0720         1.00
      2.0730         1.00
      2.0740         1.00
      2.0750         1.00
      2.0760         1.00
      2.0770         1.00
      2.0780         1.00
      2.0790         1.00
      2.0800         1.00
      2.0810         1.00
      2.0820         1.00
      2.0830         1.00
      2.0840         1.00
      2.0850         1.00
      2.0860         1.00
      2.0870         1.00
      2.0880         1.00
      2.0890         1.00
      2.0900         1.00
      2.0910         1.00
      2.0920         1.00
      2.0930         1.00
      2.0940         1.00
      2.0950         1.00
      2.0960         1.00
      2.0970         1.00
      2.0980         1.00
      2.0990         1.00
      2.1000         1.00
      2.1010         1.00
      2.1020         1.00
      2.1030         1.00
      2.1040         1.00
      2.1050         1.00
      2.1060         1.00
      2.1070         1.00
      2.1080         1.00
      2.1090         1.00
      2.1100         1.00
      2.1110         1.00
      2.1120         1.00
      2.1130         1.00
      2.1140         1.00
      2.1150         1.00
      2.1160         1.00
      2.1170         1.00
      2.1180         1.00
      2.1190         1.00
      2.1200         1.00
      2.1210         1.00
      2.1220         1.00
      2.1230         1.00
      2.1240         1.00
      2.1250         1.00
      2.1260         1.00
      2.1270         1.00
      2.1280         1.00
      2.1290         1.00
      2.1300         1.00
      2.1310         1.00
      2.1320         1.00
      2.1330         1.00
      2.1340         1.00
      2.1350         1.00
      2.1360         1.00
      2.1370         1.00
      2.1380         1.00
      2.1390         1.00
      2.1400         1.00
      2.1410         1.00
      2.1420         1.00
      2.1430         1.00
      2.1440         1.00
      2.1450         1.00
      2.1460         1.00
      2.1470         1.00
      2.1480         1.00
      2.1490         1.00
      2.1500         1.00
      2.1510         1.00
      2.1520         1.00
      2.1530         1.00
      2.1540         1.00
      2.1550         1.00
      2.1560         1.00
      2.1570         1.00
      2.1580         1.00
      2.1590         1.00
      2.1600         1.00
      2.1610         1.00
      2.1620         1.00
      2.1630         1.00
      2.1640         1.00
      2.1650         1.00
      2.1660         1.00
      2.1670         1.00
      2.1680         1.00
      2.1690         1.00
      2.1700         1.00
      2.1710         1.00
      2.1720         1.00
      2.1730         1.00
      2.1740         1.00
      2.1750         1.00
      2.1760         1.00
      2.1770         1.00
      2.1780         1.00
      2.1790         1.00
      2.1800         1.00
      2.1810         1.00
      2.1820         1.00
      2.1830         1.00
      2.1840         1.00
      2.1850         1.00
      2.1860         1.00
      2.1870         1.00
      2.1880         1.00
      2.1890         1.00
      2.1900         1.00
      2.1910         1.00
      2.1920         1.00
      2.1930         1.00
      2.1940         1.00
      2.1950         1.00
      2.1960         1.00
      2.1970         1.00
      2.1980         1.00
      2.1990         1.00
      2.2000         1.00
      2.2010         1.00
      2.2020         1.00
      2.2030         1.00
      2.2040         1.00
      2.2050         1.00
      2.2060         1.00
      2.2070         1.00
      2.2080         1.00
      2.2090         1.00
      2.2100         1.00
      2.2110         1.00
      2.2120         1.00
      2.2130         1.00
      2.2140         1.00
      2.2150         1.00
      2.2160         1.00
      2.2170         1.00
      2.2180         1.00
      2.2190         1.00
      2.2200         1.00
      2.2210         1.00
      2.2220         1.00
      2.2230         1.00
      2.2240         1.00
      2.2250         1.00
      2.2260         1.00
      2.2270         1.00
      2.2280         1.00
      2.2290         1.00
      2.2300         1.00
      2.2310         1.00
      2.2320         1.00
      2.2330         1.00
      2.2340         1.00
      2.2350         1.00
      2.2360         1.00
      2.2370         1.00
      2.2380         1.00
      2.2390         1.00
      2.2400         1.00
      2.2410         1.00
      2.2420         1.00
      2.2430         1.00
      2.2440         1.00
      2.2450         1.00
      2.2460         1.00
      2.2470         1.00
      2.2480         1.00
      2.2490         1.00
      2.2500         1.00
      2.2510         1.00
      2.2520         1.00
      2.2530         1.00
      2.2540         1.00
      2.2550         1.00
      2.2560         1.00
      2.2570         1.00
      2.2580         1.00
      2.2590         1.00
      2.2600         1.00
      2.2610         1.00
      2.2620         1.00
      2.2630         1.00
      2.2640         1.00
      2.2650         1.00
      2.2660         1.00
      2.2670         1.00
      2.2680         1.00
      2.2690         1.00
      2.2700         1.00
      2.2710         1.00
      2.2720         1.00
      2.2730         1.00
      2.2740         1.00
      2.2750         1.00
      2.2760         1.00
      2.2770         1.00
      2.2780         1.00
      2.2790         1.00
      2.2800         1.00
      2.2810         1.00
      2.2820         1.00
      2.2830         1.00
      2.2840         1.00
      2.2850         1.00
      2.2860         1.00
      2.2870         1.00
      2.2880         1.00
      2.2890         1.00
      2.2900         1.00
      2.2910         1.00
      2.2920         1.00
      2.2930         1.00
      2.2940         1.00
      2.2950         1.00
      2.2960         1.00
      2.2970         1.00
      2.2980         1.00
      2.2990         1.00
      2.3000         1.00
      2.3010         1.00
      2.3020         1.00
      2.3030         1.00
      2.3040         1.00
      2.3050         1.00
      2.3060         1.00
      2.3070         1.00
      2.3080         1.00
      2.3090         1.00
      2.3100         1.00
      2.3110         1.00
      2.3120         1.00
      2.3130         1.00
      2.3140         1.00
      2.3150         1.00
      2.3160         1.00
      2.3170         1.00
      2.3180         1.00
      2.3190         1.00
      2.3200         1.00
      2.3210         1.00
      2.3220         1.00
      2.3230         1.00
      2.3240         1.00
      2.3250         1.00
      2.3260         1.00
      2.3270         1.00
      2.3280         1.00
      2.3290         1.00
      2.3300         1.00
      2.3310         1.00
      2.3320         1.00
      2.3330         1.00
      2.3340         1.00
      2.3350         1.00
      2.3360         1.00
      2.3370         1.00
      2.3380         1.00
      2.3390         1.00
      2.3400         1.00
      2.3410         1.00
      2.3420         1.00
      2.3430         1.00
      2.3440         1.00
      2.3450         1.00
      2.3460         1.00
      2.3470         1.00
      2.3480         1.00
      2.3490         1.00
      2.3500         1.00
      2.3510         1.00
      2.3520         1.00
      2.3530         1.00
      2.3540         1.00
      2.3550         1.00
      2.3560         1.00
      2.3570         1.00
      2.3580         1.00
      2.3590         1.00
      2.3600         1.00
      2.3610         1.00
      2.3620         1.00
      2.3630         1.00
      2.3640         1.00
      2.3650         1.00
      2.3660         1.00
      2.3670         1.00
      2.3680         1.00
      2.3690         1.00
      2.3700         1.00
      2.3710         1.00
      2.3720         1.00
      2.3730         1.00
      2.3740         1.00
      2.3750         1.00
      2.3760         1.00
      2.3770         1.00
      2.3780         1.00
      2.3790         1.00
      2.3800         1.00
      2.3810         1.00
      2.3820         1.00
      2.3830         1.00
      2.3840         1.00
      2.3850         1.00
      2.3860         1.00
      2.3870         1.00
      2.3880         1.00
      2.3890         1.00
      2.3900         1.00
      2.3910         1.00
      2.3920         1.00
      2.3930         1.00
      2.3940         1.00
      2.3950         1.00
      2.3960         1.00
      2.3970         1.00
      2.3980         1.00
      2.3990         1.00
      2.4000         1.00
      2.4010         1.00
      2.4020         1.00
      2.4030         1.00
      2.4040         1.00
      2.4050         1.00
      2.4060         1.00
      2.4070         1.00
      2.4080         1.00
      2.4090         1.00
      2.4100         1.00
      2.4110         1.00
      2.4120         1.00
      2.4130         1.00
      2.4140         1.00
      2.4150         1.00
      2.4160         1.00
      2.4170         1.00
      2.4180         1.00
      2.4190         1.00
      2.4200         1.00
      2.4210         1.00
      2.4220         1.00
      2.4230         1.00
      2.4240         1.00
      2.4250         1.00
      2.4260         1.00
      2.4270         1.00
      2.4280         1.00
      2.4290         1.00
      2.4300         1.00
      2.4310         1.00
      2.4320         1.00
      2.4330         1.00
      2.4340         1.00
      2.4350         1.00
      2.4360         1.00
      2.4370         1.00
      2.4380         1.00
      2.4390         1.00
      2.4400         1.00
      2.4410         1.00
      2.4420         1.00
      2.4430         1.00
      2.4440         1.00
      2.4450         1.00
      2.4460         1.00
      2.4470         1.00
      2.4480         1.00
      2.4490         1.00
      2.4500         1.00
      2.4510         1.00
      2.4520         1.00
      2.4530         1.00
      2.4540         1.00
      2.4550         1.00
      2.4560         1.00
      2.4570         1.00
      2.4580         1.00
      2.4590         1.00
      2.4600         1.00
      2.4610         1.00
      2.4620         1.00
      2.4630         1.00
      2.4640         1.00
      2.4650         1.00
      2.4660         1.00
      2.4670         1.00
      2.4680         1.00
      2.4690         1.00
      2.4700         1.00
      2.4710         1.00
      2.4720         1.00
      2.4730         1.00
      2.4740         1.00
      2.4750         1.00
      2.4760         1.00
      2.4770         1.00
      2.4780         1.00
      2.4790         1.00
      2.4800         1.00
      2.4810         1.00
      2.4820         1.00
      2.4830         1.00
      2.4840         1.00
      2.4850         1.00
      2.4860         1.00
      2.4870         1.00
      2.4880         1.00
      2.4890         1.00
      2.4900         1.00
      2.4910         1.00
      2.4920         1.00
      2.4930         1.00
      2.4940         1.00
      2.4950         1.00
      2.4960         1.00
      2.4970         1.00
      2.4980         1.00
      2.4990         1.00
      2.5000         1.00
      2.5010         1.00
      2.5020         1.00
      2.5030         1.00
      2.5040         1.00
      2.5050         1.00
      2.5060         1.00
      2.5070         1.00
      2.5080         1.00
      2.5090         1.00
      2.5100         1.00
      2.5110         1.00
      2.5120         1.00
      2.5130         1.00
      2.5140         1.00
      2.5150         1.00
      2.5160         1.00
      2.5170         1.00
      2.5180         1.00
      2.5190         1.00
      2.5200         1.00
      2.5210         1.00
      2.5220         1.00
      2.5230         1.00
      2.5240         1.00
      2.5250         1.00
      2.5260         1.00
      2.5270         1.00
      2.5280         1.00
      2.5290         1.00
      2.5300         1.00
      2.5310         1.00
      2.5320         1.00
      2.5330         1.00
      2.5340         1.00
      2.5350         1.00
      2.5360         1.00
      2.5370         1.00
      2.5380         1.00
      2.5390         1.00
      2.5400         1.00
      2.5410         1.00
      2.5420         1.00
      2.5430         1.00
      2.5440         1.00
      2.5450         1.00
      2.5460         1.00
      2.5470         1.00
      2.5480         1.00
      2.5490         1.00
      2.5500         1.00
      2.5510         1.00
      2.5520         1.00
      2.5530         1.00
      2.5540         1.00
      2.5550         1.00
      2.5560         1.00
      2.5570         1.00
      2.5580         1.00
      2.5590         1.00
      2.5600         1.00
      2.5610         1.00
      2.5620         1.00
      2.5630         1.00
      2.5640         1.00
      2.5650         1.00
      2.5660         1.00
      2.5670         1.00
      2.5680         1.00
      2.5690         1.00
      2.5700         1.00
      2.5710         1.00
      2.5720         1.00
      2.5730         1.00
      2.5740         1.00
      2.5750         1.00
      2.5760         1.00
      2.5770         1.00
      2.5780         1.00
      2.5790         1.00
      2.5800         1.00
      2.5810         1.00
      2.5820         1.00
      2.5830         1.00
      2.5840         1.00
      2.5850         1.00
      2.5860         1.00
      2.5870         1.00
      2.5880         1.00
      2.5890         1.00
      2.5900         1.00
      2.5910         1.00
      2.5920         1.00
      2.5930         1.00
      2.5940         1.00
      2.5950         1.00
      2.5960         1.00
      2.5970         1.00
      2.5980         1.00
      2.5990         1.00
      2.6000         1.00
      2.6010         1.00
      2.6020         1.00
      2.6030         1.00
      2.6040         1.00
      2.6050         1.00
      2.6060         1.00
      2.6070         1.00
      2.6080         1.00
      2.6090         1.00
      2.6100         1.00
      2.6110         1.00
      2.6120         1.00
      2.6130         1.00
      2.6140         1.00
      2.6150         1.00
      2.6160         1.00
      2.6170         1.00
      2.6180         1.00
      2.6190         1.00
      2.6200         1.00
      2.6210         1.00
      2.6220         1.00
      2.6230         1.00
      2.6240         1.00
      2.6250         1.00
      2.6260         1.00
      2.6270         1.00
      2.6280         1.00
      2.6290         1.00
      2.6300         1.00
      2.6310         1.00
      2.6320         1.00
      2.6330         1.00
      2.6340         1.00
      2.6350         1.00
      2.6360         1.00
      2.6370         1.00
      2.6380         1.00
      2.6390         1.00
      2.6400         1.00
      2.6410         1.00
      2.6420         1.00
      2.6430         1.00
      2.6440         1.00
      2.6450         1.00
      2.6460         1.00
      2.6470         1.00
      2.6480         1.00
      2.6490         1.00
      2.6500         1.00
      2.6510         1.00
      2.6520         1.00
      2.6530         1.00
      2.6540         1.00
      2.6550         1.00
      2.6560         1.00
      2.6570         1.00
      2.6580         1.00
      2.6590         1.00
      2.6600         1.00
      2.6610         1.00
      2.6620         1.00
      2.6630         1.00
      2.6640         1.00
      2.6650         1.00
      2.6660         1.00
      2.6670         1.00
      2.6680         1.00
      2.6690         1.00
      2.6700         1.00
      2.6710         1.00
      2.6720         1.00
      2.6730         1.00
      2.6740         1.00
      2.6750         1.00
      2.6760         1.00
      2.6770         1.00
      2.6780         1.00
      2.6790         1.00
      2.6800         1.00
      2.6810         1.00
      2.6820         1.00
      2.6830         1.00
      2.6840         1.00
      2.6850         1.00
      2.6860         1.00
      2.6870         1.00
      2.6880         1.00
      2.6890         1.00
      2.6900         1.00
      2.6910         1.00
      2.6920         1.00
      2.6930         1.00
      2.6940         1.00
      2.6950         1.00
      2.6960         1.00
      2.6970         1.00
      2.6980         1.00
      2.6990         1.00
      2.7000         1.00
      2.7010         1.00
      2.7020         1.00
      2.7030         1.00
      2.7040         1.00
      2.7050         1.00
      2.7060         1.00
      2.7070         1.00
      2.7080         1.00
      2.7090         1.00
      2.7100         1.00
      2.7110         1.00
      2.7120         1.00
      2.7130         1.00
      2.7140         1.00
      2.7150         1.00
      2.7160         1.00
      2.7170         1.00
      2.7180         1.00
      2.7190         1.00
      2.7200         1.00
      2.7210         1.00
      2.7220         1.00
      2.7230         1.00
      2.7240         1.00
      2.7250         1.00
      2.7260         1.00
      2.7270         1.00
      2.7280         1.00
      2.7290         1.00
      2.7300         1.00
      2.7310         1.00
      2.7320         1.00
      2.7330         1.00
      2.7340         1.00
      2.7350         1.00
      2.7360         1.00
      2.7370         1.00
      2.7380         1.00
      2.7390         1.00
      2.7400         1.00
      2.7410         1.00
      2.7420         1.00
      2.7430         1.00
      2.7440         1.00
      2.7450         1.00
      2.7460         1.00
      2.7470         1.00
      2.7480         1.00
      2.7490         1.00
      2.7500         1.00
      2.7510         1.00
      2.7520         1.00
      2.7530         1.00
      2.7540         1.00
      2.7550         1.00
      2.7560         1.00
      2.7570         1.00
      2.7580         1.00
      2.7590         1.00
      2.7600         1.00
      2.7610         1.00
      2.7620         1.00
      2.7630         1.00
      2.7640         1.00
      2.7650         1.00
      2.7660         1.00
      2.7670         1.00
      2.7680         1.00
      2.7690         1.00
      2.7700         1.00
      2.7710         1.00
      2.7720         1.00
      2.7730         1.00
      2.7740         1.00
      2.7750         1.00
      2.7760         1.00
      2.7770         1.00
      2.7780         1.00
      2.7790         1.00
      2.7800         1.00
      2.7810         1.00
      2.7820         1.00
      2.7830         1.00
      2.7840         1.00
      2.7850         1.00
      2.7860         1.00
      2.7870         1.00
      2.7880         1.00
      2.7890         1.00
      2.7900         1.00
      2.7910         1.00
      2.7920         1.00
      2.7930         1.00
      2.7940         1.00
      2.7950         1.00
      2.7960         1.00
      2.7970         1.00
      2.7980         1.00
      2.7990         1.00
      2.8000         1.00
      2.8010         1.00
      2.8020         1.00
      2.8030         1.00
      2.8040         1.00
      2.8050         1.00
      2.8060         1.00
      2.8070         1.00
      2.8080         1.00
      2.8090         1.00
      2.8100         1.00
      2.8110         1.00
      2.8120         1.00
      2.8130         1.00
      2.8140         1.00
      2.8150         1.00
      2.8160         1.00
      2.8170         1.00
      2.8180         1.00
      2.8190         1.00
      2.8200         1.00
      2.8210         1.00
      2.8220         1.00
      2.8230         1.00
      2.8240         1.00
      2.8250         1.00
      2.8260         1.00
      2.8270         1.00
      2.8280         1.00
      2.8290         1.00
      2.8300         1.00
      2.8310         1.00
      2.8320         1.00
      2.8330         1.00
      2.8340         1.00
      2.8350         1.00
      2.8360         1.00
      2.8370         1.00
      2.8380         1.00
      2.8390         1.00
      2.8400         1.00
      2.8410         1.00
      2.8420         1.00
      2.8430         1.00
      2.8440         1.00
      2.8450         1.00
      2.8460         1.00
      2.8470         1.00
      2.8480         1.00
      2.8490         1.00
      2.8500         1.00
      2.8510         1.00
      2.8520         1.00
      2.8530         1.00
      2.8540         1.00
      2.8550         1.00
      2.8560         1.00
      2.8570         1.00
      2.8580         1.00
      2.8590         1.00
      2.8600         1.00
      2.8610         1.00
      2.8620         1.00
      2.8630         1.00
      2.8640         1.00
      2.8650         1.00
      2.8660         1.00
      2.8670         1.00
      2.8680         1.00
      2.8690         1.00
      2.8700         1.00
      2.8710         1.00
      2.8720         1.00
      2.8730         1.00
      2.8740         1.00
      2.8750         1.00
      2.8760         1.00
      2.8770         1.00
      2.8780         1.00
      2.8790         1.00
      2.8800         1.00
      2.8810         1.00
      2.8820         1.00
      2.8830         1.00
      2.8840         1.00
      2.8850         1.00
      2.8860         1.00
      2.8870         1.00
      2.8880         1.00
      2.8890         1.00
      2.8900         1.00
      2.8910         1.00
      2.8920         1.00
      2.8930         1.00
      2.8940         1.00
      2.8950         1.00
      2.8960         1.00
      2.8970         1.00
      2.8980         1.00
      2.8990         1.00
      2.9000         1.00
      2.9010         1.00
      2.9020         1.00
      2.9030         1.00
      2.9040         1.00
      2.9050         1.00
      2.9060         1.00
      2.9070         1.00
      2.9080         1.00
      2.9090         1.00
      2.9100         1.00
      2.9110         1.00
      2.9120         1.00
      2.9130         1.00
      2.9140         1.00
      2.9150         1.00
      2.9160         1.00
      2.9170         1.00
      2.9180         1.00
      2.9190         1.00
      2.9200         1.00
      2.9210         1.00
      2.9220         1.00
      2.9230         1.00
      2.9240         1.00
      2.9250         1.00
      2.9260         1.00
      2.9270         1.00
      2.9280         1.00
      2.9290         1.00
      2.9300         1.00
      2.9310         1.00
      2.9320         1.00
      2.9330         1.00
      2.9340         1.00
      2.9350         1.00
      2.9360         1.00
      2.9370         1.00
      2.9380         1.00
      2.9390         1.00
      2.9400         1.00
      2.9410         1.00
      2.9420         1.00
      2.9430         1.00
      2.9440         1.00
      2.9450         1.00
      2.9460         1.00
      2.9470         1.00
      2.9480         1.00
      2.9490         1.00
      2.9500         1.00
      2.9510         1.00
      2.9520         1.00
      2.9530         1.00
      2.9540         1.00
      2.9550         1.00
      2.9560         1.00
      2.9570         1.00
      2.9580         1.00
      2.9590         1.00
      2.9600         1.00
      2.9610         1.00
      2.9620         1.00
      2.9630         1.00
      2.9640         1.00
      2.9650         1.00
      2.9660         1.00
      2.9670         1.00
      2.9680         1.00
      2.9690         1.00
      2.9700         1.00
      2.9710         1.00
      2.9720         1.00
      2.9730         1.00
      2.9740         1.00
      2.9750         1.00
      2.9760         1.00
      2.9770         1.00
      2.9780         1.00
      2.9790         1.00
      2.9800         1.00
      2.9810         1.00
      2.9820         1.00
      2.9830         1.00
      2.9840         1.00
      2.9850         1.00
      2.9860         1.00
      2.9870         1.00
      2.9880         1.00
      2.9890         1.00
      2.9900         1.00
      2.9910         1.00
      2.9920         1.00
      2.9930         1.00
      2.9940         1.00
      2.9950         1.00
      2.9960         1.00
      2.9970         1.00
      2.9980         1.00
      2.9990         1.00
