        Time   Palpation Force
      0.0000         1.00
      0.0010         1.08
      0.0020         1.59
      0.0030         2.14
      0.0040         2.66
      0.0050         3.26
      0.0060         3.81
      0.0070         4.33
      0.0080         4.87
      0.0090         5.40
      0.0100         5.90
      0.0110         6.45
      0.0120         7.00
      0.0130         7.52
      0.0140         7.99
      0.0150         8.56
      0.0160         9.00
      0.0170         9.47
      0.0180        10.05
      0.0190        10.56
      0.0200        10.45
      0.0210        10.42
      0.0220        10.36
      0.0230        10.28
      0.0240        10.20
      0.0250        10.08
      0.0260        10.05
      0.0270        10.05
      0.0280        10.04
      0.0290        10.00
      0.0300        10.05
      0.0310         9.97
      0.0320         9.94
      0.0330         9.93
      0.0340        10.00
      0.0350         9.91
      0.0360        10.05
      0.0370        10.14
      0.0380        10.09
      0.0390        10.10
      0.0400        10.20
      0.0410        10.29
      0.0420        10.39
      0.0430        10.39
      0.0440        10.54
      0.0450        10.62
      0.0460        10.61
      0.0470        10.55
      0.0480        10.50
      0.0490        10.51
      0.0500        10.41
      0.0510        10.47
      0.0520        10.43
      0.0530        10.43
      0.0540        10.41
      0.0550        10.42
      0.0560        10.27
      0.0570        10.26
      0.0580        10.22
      0.0590        10.19
      0.0600        10.17
      0.0610        10.09
      0.0620        10.06
      0.0630        10.10
      0.0640        10.07
      0.0650        10.06
      0.0660        10.09
      0.0670        10.15
      0.0680        10.23
      0.0690        10.22
      0.0700        10.33
      0.0710        10.34
      0.0720        10.38
      0.0730        10.41
      0.0740        10.94
      0.0750        10.92
      0.0760        11.02
      0.0770        10.42
      0.0780        10.47
      0.0790        10.50
      0.0800        10.49
      0.0810        10.50
      0.0820        10.40
      0.0830        10.39
      0.0840        10.35
      0.0850        10.34
      0.0860        10.30
      0.0870        10.27
      0.0880        10.30
      0.0890        10.23
      0.0900        10.23
      0.0910        10.17
      0.0920        10.17
      0.0930        10.18
      0.0940        10.17
      0.0950        10.23
      0.0960        10.30
      0.0970        10.42
      0.0980        10.47
      0.0990        10.43
      0.1000        10.46
      0.1010        10.45
      0.1020        10.55
      0.1030        10.55
      0.1040        10.54
      0.1050        10.49
      0.1060        10.55
      0.1070        10.58
      0.1080        10.54
      0.1090        10.61
      0.1100        10.54
      0.1110        10.54
      0.1120        10.49
      0.1130        10.43
      0.1140        10.39
      0.1150        10.35
      0.1160        10.27
      0.1170        10.16
      0.1180        10.08
      0.1190        10.22
      0.1200        10.15
      0.1210        10.20
      0.1220        10.18
      0.1230        10.28
      0.1240        10.30
      0.1250        10.31
      0.1260        10.30
      0.1270        10.30
      0.1280        10.28
      0.1290        10.27
      0.1300        10.28
      0.1310        10.31
      0.1320        10.34
      0.1330        10.35
      0.1340        10.39
      0.1350        10.39
      0.1360        10.34
      0.1370        10.39
      0.1380        10.36
      0.1390        10.23
      0.1400        10.26
      0.1410        10.20
      0.1420        10.22
      0.1430        10.11
      0.1440        10.08
      0.1450        10.11
      0.1460        10.12
      0.1470        10.11
      0.1480        10.14
      0.1490        10.19
      0.1500        10.17
      0.1510        10.18
      0.1520        10.23
      0.1530        10.29
      0.1540        10.29
      0.1550        10.29
      0.1560        10.34
      0.1570        10.35
      0.1580        10.43
      0.1590        10.45
      0.1600        10.46
      0.1610        10.46
      0.1620        10.43
      0.1630        10.41
      0.1640        10.38
      0.1650        10.30
      0.1660        10.23
      0.1670        10.22
      0.1680        10.18
      0.1690        10.10
      0.1700        10.15
      0.1710        10.14
      0.1720        10.10
      0.1730        10.02
      0.1740        10.09
      0.1750        10.03
      0.1760        10.05
      0.1770        10.05
      0.1780         9.97
      0.1790        10.02
      0.1800        10.10
      0.1810        10.14
      0.1820        10.15
      0.1830        10.26
      0.1840        10.26
      0.1850        10.37
      0.1860        10.37
      0.1870        10.42
      0.1880        10.39
      0.1890        10.46
      0.1900        10.42
      0.1910        10.41
      0.1920        10.43
      0.1930        10.46
      0.1940        10.39
      0.1950        10.41
      0.1960        10.34
      0.1970        10.28
      0.1980        10.34
      0.1990        10.26
      0.2000        10.14
      0.2010        10.16
      0.2020        10.19
      0.2030        10.08
      0.2040        10.07
      0.2050        10.10
      0.2060        10.16
      0.2070        10.22
      0.2080        10.28
      0.2090        10.27
      0.2100        10.31
      0.2110        10.35
      0.2120        10.42
      0.2130        10.45
      0.2140        10.43
      0.2150        10.43
      0.2160        10.55
      0.2170        10.51
      0.2180        10.47
      0.2190        10.55
      0.2200        10.59
      0.2210        10.49
      0.2220        10.38
      0.2230        10.45
      0.2240        10.49
      0.2250        10.42
      0.2260        10.35
      0.2270        10.19
      0.2280        10.10
      0.2290        10.04
      0.2300        10.03
      0.2310         9.91
      0.2320         9.83
      0.2330         9.76
      0.2340         9.83
      0.2350         9.86
      0.2360         9.77
      0.2370         9.85
      0.2380         9.86
      0.2390         9.79
      0.2400         9.81
      0.2410         9.87
      0.2420         9.99
      0.2430         9.94
      0.2440         9.97
      0.2450         9.95
      0.2460        10.01
      0.2470        10.05
      0.2480        10.06
      0.2490        10.17
      0.2500        10.10
      0.2510        10.22
      0.2520        10.14
      0.2530        10.15
      0.2540        10.02
      0.2550        10.07
      0.2560        10.05
      0.2570        10.03
      0.2580        10.01
      0.2590         9.95
      0.2600        10.02
      0.2610         9.94
      0.2620         9.90
      0.2630         9.90
      0.2640         9.93
      0.2650         9.97
      0.2660         9.99
      0.2670        10.02
      0.2680        10.09
      0.2690         9.99
      0.2700        10.09
      0.2710        10.07
      0.2720        10.11
      0.2730        10.18
      0.2740        10.25
      0.2750        10.22
      0.2760        10.29
      0.2770        10.29
      0.2780        10.29
      0.2790        10.45
      0.2800        10.42
      0.2810        10.47
      0.2820        10.46
      0.2830        10.44
      0.2840        10.41
      0.2850        10.36
      0.2860        10.22
      0.2870        10.22
      0.2880        10.21
      0.2890        10.25
      0.2900        10.29
      0.2910        10.24
      0.2920        10.25
      0.2930        10.21
      0.2940        10.17
      0.2950        10.13
      0.2960        10.12
      0.2970        10.19
      0.2980        10.19
      0.2990        10.09
      0.3000        10.09
      0.3010        10.09
      0.3020        10.12
      0.3030        10.22
      0.3040        10.18
      0.3050        10.23
      0.3060        10.35
      0.3070        10.31
      0.3080        10.32
      0.3090        10.22
      0.3100        10.14
      0.3110        10.12
      0.3120        10.18
      0.3130        10.19
      0.3140        10.19
      0.3150        10.17
      0.3160        10.26
      0.3170        10.18
      0.3180        10.22
      0.3190        10.22
      0.3200        10.19
      0.3210        10.18
      0.3220        10.21
      0.3230        10.12
      0.3240        10.12
      0.3250        10.10
      0.3260        10.05
      0.3270        10.05
      0.3280        10.03
      0.3290        10.18
      0.3300        10.19
      0.3310        10.22
      0.3320        10.14
      0.3330        10.11
      0.3340        10.11
      0.3350        10.17
      0.3360        10.07
      0.3370        10.01
      0.3380         9.98
      0.3390        10.03
      0.3400        10.03
      0.3410        10.05
      0.3420         9.94
      0.3430         9.98
      0.3440        10.07
      0.3450         9.99
      0.3460         9.98
      0.3470         9.94
      0.3480         9.87
      0.3490         9.82
      0.3500         9.84
      0.3510         9.88
      0.3520         9.86
      0.3530         9.87
      0.3540         9.92
      0.3550         9.94
      0.3560        10.00
      0.3570        10.14
      0.3580        10.19
      0.3590        10.16
      0.3600        10.19
      0.3610        10.26
      0.3620        10.36
      0.3630        10.40
      0.3640        10.28
      0.3650        10.35
      0.3660        10.36
      0.3670        10.43
      0.3680        10.55
      0.3690        10.55
      0.3700        10.51
      0.3710        10.47
      0.3720        10.48
      0.3730        10.41
      0.3740        10.36
      0.3750        10.28
      0.3760        10.17
      0.3770        10.15
      0.3780        10.07
      0.3790        10.04
      0.3800         9.99
      0.3810         9.91
      0.3820         9.85
      0.3830         9.87
      0.3840         9.87
      0.3850         9.89
      0.3860         9.89
      0.3870         9.95
      0.3880         9.88
      0.3890         9.96
      0.3900        10.03
      0.3910        10.05
      0.3920        10.09
      0.3930        10.11
      0.3940        10.13
      0.3950        10.19
      0.3960        10.22
      0.3970        10.18
      0.3980        10.24
      0.3990        10.26
      0.4000        10.23
      0.4010        10.24
      0.4020        10.21
      0.4030        10.18
      0.4040        10.16
      0.4050         9.98
      0.4060         9.99
      0.4070         9.92
      0.4080         9.90
      0.4090         9.87
      0.4100         9.83
      0.4110         9.84
      0.4120         9.91
      0.4130        10.00
      0.4140        10.07
      0.4150        10.10
      0.4160        10.11
      0.4170        10.16
      0.4180        10.16
      0.4190        10.16
      0.4200        10.24
      0.4210        10.30
      0.4220        10.34
      0.4230        10.40
      0.4240        10.44
      0.4250        10.62
      0.4260        10.58
      0.4270        10.62
      0.4280        10.64
      0.4290        10.67
      0.4300        10.63
      0.4310        10.59
      0.4320        10.52
      0.4330        10.49
      0.4340        10.44
      0.4350        10.43
      0.4360        10.33
      0.4370        10.27
      0.4380        10.25
      0.4390        10.20
      0.4400        10.22
      0.4410        10.16
      0.4420        10.26
      0.4430        10.24
      0.4440        10.30
      0.4450        10.26
      0.4460        10.24
      0.4470        10.34
      0.4480        10.38
      0.4490        10.39
      0.4500        10.50
      0.4510        10.56
      0.4520        10.64
      0.4530        10.59
      0.4540        10.56
      0.4550        10.56
      0.4560        10.67
      0.4570        10.72
      0.4580        10.64
      0.4590        10.70
      0.4600        10.64
      0.4610        10.62
      0.4620        10.43
      0.4630        10.40
      0.4640        10.38
      0.4650        10.39
      0.4660        10.40
      0.4670        10.24
      0.4680        10.25
      0.4690        10.13
      0.4700        10.11
      0.4710        10.05
      0.4720         9.95
      0.4730        10.01
      0.4740        10.05
      0.4750        10.07
      0.4760        10.04
      0.4770        10.05
      0.4780        10.21
      0.4790        10.24
      0.4800        10.24
      0.4810        10.25
      0.4820        10.34
      0.4830        10.34
      0.4840        10.32
      0.4850        10.33
      0.4860        10.38
      0.4870        10.44
      0.4880        10.41
      0.4890        10.40
      0.4900        10.28
      0.4910        10.30
      0.4920        10.33
      0.4930        10.34
      0.4940        10.24
      0.4950        10.21
      0.4960        10.17
      0.4970        10.16
      0.4980        10.08
      0.4990         9.98
      0.5000         9.98
      0.5010         9.98
      0.5020        10.01
      0.5030         9.96
      0.5040         9.99
      0.5050        10.09
      0.5060        10.11
      0.5070        10.09
      0.5080        10.15
      0.5090        10.15
      0.5100        10.24
      0.5110        10.19
      0.5120        10.24
      0.5130        10.23
      0.5140        10.36
      0.5150        10.37
      0.5160        10.37
      0.5170        10.40
      0.5180        10.40
      0.5190        10.37
      0.5200        10.36
      0.5210        10.36
      0.5220        10.35
      0.5230        10.43
      0.5240        10.41
      0.5250        10.28
      0.5260        10.23
      0.5270        10.30
      0.5280        10.23
      0.5290        10.28
      0.5300        10.24
      0.5310        10.28
      0.5320        10.18
      0.5330        10.16
      0.5340        10.14
      0.5350        10.19
      0.5360        10.27
      0.5370        10.21
      0.5380        10.23
      0.5390        10.38
      0.5400        10.39
      0.5410        10.39
      0.5420        10.47
      0.5430        10.41
      0.5440        10.40
      0.5450        10.36
      0.5460        10.36
      0.5470        10.32
      0.5480        10.33
      0.5490        10.35
      0.5500        10.35
      0.5510        10.39
      0.5520        10.40
      0.5530        10.40
      0.5540        10.42
      0.5550        10.35
      0.5560        10.32
      0.5570        10.31
      0.5580        10.29
      0.5590        10.29
      0.5600        10.35
      0.5610        10.38
      0.5620        10.35
      0.5630        10.33
      0.5640        10.36
      0.5650        10.52
      0.5660        10.59
      0.5670        10.60
      0.5680        10.63
      0.5690        10.63
      0.5700        10.68
      0.5710        10.69
      0.5720        10.72
      0.5730        10.68
      0.5740        10.63
      0.5750        10.60
      0.5760        10.57
      0.5770        10.59
      0.5780        10.52
      0.5790        10.45
      0.5800        10.38
      0.5810        10.37
      0.5820        10.31
      0.5830        10.29
      0.5840        10.31
      0.5850        10.23
      0.5860        10.15
      0.5870        10.13
      0.5880        10.04
      0.5890        10.05
      0.5900        10.00
      0.5910         9.88
      0.5920         9.87
      0.5930         9.95
      0.5940        10.04
      0.5950        10.12
      0.5960        10.16
      0.5970        10.11
      0.5980        10.21
      0.5990        10.25
      0.6000        10.29
      0.6010        10.33
      0.6020        10.37
      0.6030        10.40
      0.6040        10.35
      0.6050        10.36
      0.6060        10.36
      0.6070        10.35
      0.6080        10.40
      0.6090        10.41
      0.6100        10.41
      0.6110        10.49
      0.6120        10.55
      0.6130        10.48
      0.6140        10.44
      0.6150        10.33
      0.6160        10.35
      0.6170        10.36
      0.6180        10.33
      0.6190        10.29
      0.6200        10.29
      0.6210        10.31
      0.6220        10.28
      0.6230        10.31
      0.6240        10.32
      0.6250        10.31
      0.6260        10.36
      0.6270        10.40
      0.6280        10.33
      0.6290        10.31
      0.6300        10.28
      0.6310        10.31
      0.6320        10.24
      0.6330        10.29
      0.6340        10.24
      0.6350        10.29
      0.6360        10.24
      0.6370        10.27
      0.6380        10.21
      0.6390        10.24
      0.6400        10.16
      0.6410        10.13
      0.6420        10.11
      0.6430        10.11
      0.6440        10.07
      0.6450        10.04
      0.6460        10.08
      0.6470        10.04
      0.6480        10.11
      0.6490        10.09
      0.6500        10.20
      0.6510        10.20
      0.6520        10.27
      0.6530        10.28
      0.6540        10.27
      0.6550        10.25
      0.6560        10.27
      0.6570        10.33
      0.6580        10.40
      0.6590        10.40
      0.6600        10.45
      0.6610        10.45
      0.6620        10.48
      0.6630        10.48
      0.6640        10.57
      0.6650        10.56
      0.6660        10.48
      0.6670        10.41
      0.6680        10.36
      0.6690        10.36
      0.6700        10.25
      0.6710        10.25
      0.6720        10.20
      0.6730        10.14
      0.6740        10.21
      0.6750        10.26
      0.6760        10.22
      0.6770        10.14
      0.6780        10.16
      0.6790        10.14
      0.6800        10.17
      0.6810        10.17
      0.6820        10.25
      0.6830        10.20
      0.6840        10.23
      0.6850        10.24
      0.6860        10.28
      0.6870        10.36
      0.6880        10.39
      0.6890        10.43
      0.6900        10.52
      0.6910        10.48
      0.6920        10.51
      0.6930        10.56
      0.6940        10.60
      0.6950        10.51
      0.6960        10.56
      0.6970        10.63
      0.6980        10.53
      0.6990        10.53
      0.7000        10.52
      0.7010        10.45
      0.7020        10.37
      0.7030        10.40
      0.7040        10.40
      0.7050        10.41
      0.7060        10.37
      0.7070        10.42
      0.7080        10.48
      0.7090        10.57
      0.7100        10.49
      0.7110        10.51
      0.7120        10.57
      0.7130        10.59
      0.7140        10.53
      0.7150        10.56
      0.7160        10.59
      0.7170        10.57
      0.7180        10.60
      0.7190        10.64
      0.7200        10.69
      0.7210        10.79
      0.7220        10.76
      0.7230        10.73
      0.7240        10.68
      0.7250        10.69
      0.7260        10.77
      0.7270        10.67
      0.7280        10.61
      0.7290        10.44
      0.7300        10.42
      0.7310        10.44
      0.7320        10.37
      0.7330        10.33
      0.7340        10.29
      0.7350        10.28
      0.7360        10.25
      0.7370        10.18
      0.7380        10.26
      0.7390        10.28
      0.7400        10.25
      0.7410        10.20
      0.7420        10.22
      0.7430        10.25
      0.7440        10.32
      0.7450        10.26
      0.7460        10.22
      0.7470        10.25
      0.7480        10.29
      0.7490        10.28
      0.7500        10.26
      0.7510        10.26
      0.7520        10.28
      0.7530        10.26
      0.7540        10.18
      0.7550        10.21
      0.7560        10.26
      0.7570        10.25
      0.7580        10.18
      0.7590        10.06
      0.7600        10.02
      0.7610         9.99
      0.7620         9.99
      0.7630        10.02
      0.7640         9.94
      0.7650        10.02
      0.7660         9.99
      0.7670        10.08
      0.7680        10.07
      0.7690        10.23
      0.7700        10.20
      0.7710        10.24
      0.7720        10.22
      0.7730        10.23
      0.7740        10.31
      0.7750        10.38
      0.7760        10.33
      0.7770        10.41
      0.7780        10.39
      0.7790        10.49
      0.7800        10.44
      0.7810        10.46
      0.7820        10.52
      0.7830        10.48
      0.7840        10.53
      0.7850        10.49
      0.7860        10.46
      0.7870        10.36
      0.7880        10.36
      0.7890        10.22
      0.7900        10.34
      0.7910        10.29
      0.7920        10.37
      0.7930        10.36
      0.7940        10.41
      0.7950        10.37
      0.7960        10.40
      0.7970        10.38
      0.7980        10.46
      0.7990        10.45
      0.8000        10.56
      0.8010        10.62
      0.8020        10.60
      0.8030        10.68
      0.8040        10.65
      0.8050        10.69
      0.8060        10.75
      0.8070        10.77
      0.8080        10.79
      0.8090        10.84
      0.8100        10.83
      0.8110        10.84
      0.8120        10.75
      0.8130        10.71
      0.8140        10.70
      0.8150        10.68
      0.8160        10.59
      0.8170        10.58
      0.8180        10.52
      0.8190        10.47
      0.8200        10.40
      0.8210        10.34
      0.8220        10.28
      0.8230        10.15
      0.8240        10.09
      0.8250        10.09
      0.8260        10.08
      0.8270        10.13
      0.8280        10.09
      0.8290        10.09
      0.8300        10.13
      0.8310        10.09
      0.8320        10.15
      0.8330        10.24
      0.8340        10.30
      0.8350        10.31
      0.8360        10.36
      0.8370        10.43
      0.8380        10.43
      0.8390        10.50
      0.8400        10.47
      0.8410        10.42
      0.8420        10.45
      0.8430        10.48
      0.8440        10.52
      0.8450        10.48
      0.8460        10.36
      0.8470        10.32
      0.8480        10.28
      0.8490        10.36
      0.8500        10.27
      0.8510        10.29
      0.8520        10.33
      0.8530        10.23
      0.8540        10.19
      0.8550        10.20
      0.8560        10.23
      0.8570        10.24
      0.8580        10.27
      0.8590        10.29
      0.8600        10.33
      0.8610        10.43
      0.8620        10.42
      0.8630        10.52
      0.8640        10.48
      0.8650        10.45
      0.8660        10.59
      0.8670        10.54
      0.8680        10.63
      0.8690        10.58
      0.8700        10.55
      0.8710        10.54
      0.8720        10.44
      0.8730        10.48
      0.8740        10.44
      0.8750        10.43
      0.8760        10.36
      0.8770        10.28
      0.8780        10.25
      0.8790        10.19
      0.8800        10.21
      0.8810        10.13
      0.8820        10.09
      0.8830        10.09
      0.8840        10.07
      0.8850        10.08
      0.8860        10.03
      0.8870        10.08
      0.8880        10.03
      0.8890        10.01
      0.8900        10.12
      0.8910        10.15
      0.8920        10.20
      0.8930        10.24
      0.8940        10.25
      0.8950        10.20
      0.8960        10.24
      0.8970        10.31
      0.8980        10.31
      0.8990        10.35
      0.9000        10.25
      0.9010        10.33
      0.9020        10.37
      0.9030        10.37
      0.9040        10.43
      0.9050        10.48
      0.9060        10.49
      0.9070        10.43
      0.9080        10.51
      0.9090        10.40
      0.9100        10.35
      0.9110        10.33
      0.9120        10.40
      0.9130        10.33
      0.9140        10.37
      0.9150        10.48
      0.9160        10.56
      0.9170        10.57
      0.9180        10.60
      0.9190        10.64
      0.9200        10.76
      0.9210        10.71
      0.9220        10.69
      0.9230        10.65
      0.9240        10.67
      0.9250        10.65
      0.9260        10.64
      0.9270        10.64
      0.9280        10.60
      0.9290        10.69
      0.9300        10.63
      0.9310        10.55
      0.9320        10.47
      0.9330        10.51
      0.9340        10.39
      0.9350        10.37
      0.9360        10.32
      0.9370        10.21
      0.9380        10.17
      0.9390        10.09
      0.9400        10.04
      0.9410        10.03
      0.9420        10.03
      0.9430         9.97
      0.9440         9.96
      0.9450         9.97
      0.9460        10.05
      0.9470        10.11
      0.9480        10.12
      0.9490        10.16
      0.9500        10.23
      0.9510        10.29
      0.9520        10.33
      0.9530        10.31
      0.9540        10.43
      0.9550        10.33
      0.9560        10.33
      0.9570        10.36
      0.9580        10.36
      0.9590        10.37
      0.9600        10.45
      0.9610        10.47
      0.9620        10.55
      0.9630        10.53
      0.9640        10.53
      0.9650        10.55
      0.9660        10.45
      0.9670        10.41
      0.9680        10.41
      0.9690        10.35
      0.9700        10.33
      0.9710        10.39
      0.9720        10.45
      0.9730        10.44
      0.9740        10.48
      0.9750        10.62
      0.9760        10.68
      0.9770        10.68
      0.9780        10.70
      0.9790        10.67
      0.9800        10.60
      0.9810        10.63
      0.9820        10.55
      0.9830        10.68
      0.9840        10.71
      0.9850        10.66
      0.9860        10.66
      0.9870        10.66
      0.9880        10.65
      0.9890        10.71
      0.9900        10.74
      0.9910        10.70
      0.9920        10.53
      0.9930        10.53
      0.9940        10.47
      0.9950        10.40
      0.9960        10.31
      0.9970        10.24
      0.9980        10.29
      0.9990        10.33
      1.0000        10.31
      1.0010        10.31
      1.0020        10.36
      1.0030        10.26
      1.0040        10.26
      1.0050        10.26
      1.0060        10.32
      1.0070        10.43
      1.0080        10.40
      1.0090        10.36
      1.0100        10.34
      1.0110        10.32
      1.0120        10.32
      1.0130        10.35
      1.0140        10.32
      1.0150        10.31
      1.0160        10.39
      1.0170        10.42
      1.0180        10.34
      1.0190        10.35
      1.0200        10.35
      1.0210        10.30
      1.0220        10.27
      1.0230        10.38
      1.0240        10.38
      1.0250        10.39
      1.0260        10.40
      1.0270        10.35
      1.0280        10.32
      1.0290        10.34
      1.0300        10.39
      1.0310        10.44
      1.0320        10.52
      1.0330        10.57
      1.0340        10.60
      1.0350        10.55
      1.0360        10.54
      1.0370        10.67
      1.0380        10.73
      1.0390        11.28
      1.0400        11.32
      1.0410        11.39
      1.0420        11.31
      1.0430        10.67
      1.0440        10.69
      1.0450        10.63
      1.0460        10.62
      1.0470        10.59
      1.0480        10.59
      1.0490        10.62
      1.0500        10.58
      1.0510        10.57
      1.0520        10.54
      1.0530        10.53
      1.0540        10.51
      1.0550        10.57
      1.0560        10.57
      1.0570        10.46
      1.0580        10.47
      1.0590        10.43
      1.0600        10.53
      1.0610        10.50
      1.0620        10.55
      1.0630        10.65
      1.0640        10.67
      1.0650        10.78
      1.0660        10.79
      1.0670        10.81
      1.0680        10.86
      1.0690        10.82
      1.0700        10.87
      1.0710        10.87
      1.0720        10.86
      1.0730        10.81
      1.0740        10.70
      1.0750        10.70
      1.0760        10.63
      1.0770        10.65
      1.0780        10.54
      1.0790        10.50
      1.0800        10.46
      1.0810        10.43
      1.0820        10.40
      1.0830        10.35
      1.0840        10.31
      1.0850        10.19
      1.0860        10.18
      1.0870        10.18
      1.0880        10.08
      1.0890        10.08
      1.0900        10.02
      1.0910        10.06
      1.0920        10.11
      1.0930        10.16
      1.0940        10.28
      1.0950        10.31
      1.0960        10.38
      1.0970        10.38
      1.0980        10.47
      1.0990        10.43
      1.1000        10.38
      1.1010        10.43
      1.1020        10.42
      1.1030        10.38
      1.1040        10.41
      1.1050        10.47
      1.1060        10.46
      1.1070        10.42
      1.1080        10.45
      1.1090        10.42
      1.1100        10.43
      1.1110        10.31
      1.1120        10.27
      1.1130        10.21
      1.1140        10.22
      1.1150        10.23
      1.1160        10.21
      1.1170        10.25
      1.1180        10.22
      1.1190        10.31
      1.1200        10.31
      1.1210        10.39
      1.1220        10.38
      1.1230        10.49
      1.1240        10.48
      1.1250        10.47
      1.1260        10.42
      1.1270        10.49
      1.1280        10.54
      1.1290        10.58
      1.1300        10.61
      1.1310        10.65
      1.1320        10.66
      1.1330        10.69
      1.1340        10.64
      1.1350        10.56
      1.1360        10.50
      1.1370        10.41
      1.1380        10.40
      1.1390        10.34
      1.1400        10.37
      1.1410        10.28
      1.1420        10.26
      1.1430        10.20
      1.1440        10.13
      1.1450        10.08
      1.1460        10.12
      1.1470        10.10
      1.1480        10.08
      1.1490        10.01
      1.1500         9.96
      1.1510        10.01
      1.1520        10.00
      1.1530         9.98
      1.1540        10.02
      1.1550        10.09
      1.1560        10.17
      1.1570        10.27
      1.1580        10.28
      1.1590        10.32
      1.1600        10.27
      1.1610        10.31
      1.1620        10.33
      1.1630        10.41
      1.1640        10.39
      1.1650        10.42
      1.1660        10.48
      1.1670        10.48
      1.1680        10.50
      1.1690        10.58
      1.1700        11.21
      1.1710        11.19
      1.1720        10.72
      1.1730        10.77
      1.1740        10.76
      1.1750        10.84
      1.1760        10.82
      1.1770        10.86
      1.1780        10.92
      1.1790        10.96
      1.1800        11.04
      1.1810        11.02
      1.1820        11.16
      1.1830        11.12
      1.1840        11.22
      1.1850        11.30
      1.1860        11.33
      1.1870        11.32
      1.1880        11.37
      1.1890        11.37
      1.1900        11.36
      1.1910        11.37
      1.1920        11.89
      1.1930        11.95
      1.1940        12.00
      1.1950        11.94
      1.1960        11.99
      1.1970        11.87
      1.1980        11.90
      1.1990        11.93
      1.2000        11.98
      1.2010        11.98
      1.2020        11.89
      1.2030        11.89
      1.2040        11.90
      1.2050        11.86
      1.2060        12.36
      1.2070        12.42
      1.2080        12.48
      1.2090        12.50
      1.2100        12.52
      1.2110        12.44
      1.2120        12.55
      1.2130        12.53
      1.2140        12.59
      1.2150        12.69
      1.2160        12.72
      1.2170        12.77
      1.2180        12.84
      1.2190        12.81
      1.2200        12.22
      1.2210        12.23
      1.2220        12.74
      1.2230        12.72
      1.2240        12.69
      1.2250        12.64
      1.2260        12.60
      1.2270        12.42
      1.2280        12.42
      1.2290        12.59
      1.2300        12.67
      1.2310        12.80
      1.2320        12.77
      1.2330        12.91
      1.2340        12.83
      1.2350        12.80
      1.2360        12.81
      1.2370        12.97
      1.2380        13.06
      1.2390        13.13
      1.2400        13.31
      1.2410        13.38
      1.2420        13.52
      1.2430        13.71
      1.2440        13.82
      1.2450        14.02
      1.2460        14.04
      1.2470        14.34
      1.2480        14.31
      1.2490        14.31
      1.2500        14.37
      1.2510        14.41
      1.2520        14.48
      1.2530        14.48
      1.2540        14.56
      1.2550        14.72
      1.2560        14.83
      1.2570        14.84
      1.2580        14.88
      1.2590        14.91
      1.2600        15.05
      1.2610        15.10
      1.2620        15.14
      1.2630        15.22
      1.2640        15.30
      1.2650        15.48
      1.2660        15.66
      1.2670        15.83
      1.2680        16.04
      1.2690        16.18
      1.2700        16.28
      1.2710        16.35
      1.2720        16.44
      1.2730        16.60
      1.2740        16.70
      1.2750        16.74
      1.2760        16.76
      1.2770        16.97
      1.2780        17.03
      1.2790        17.13
      1.2800        17.11
      1.2810        17.27
      1.2820        17.34
      1.2830        17.36
      1.2840        17.49
      1.2850        17.40
      1.2860        17.45
      1.2870        17.38
      1.2880        17.42
      1.2890        17.44
      1.2900        17.46
      1.2910        17.59
      1.2920        17.76
      1.2930        17.75
      1.2940        17.91
      1.2950        18.08
      1.2960        18.16
      1.2970        18.18
      1.2980        18.31
      1.2990        18.39
      1.3000        18.51
      1.3010        18.67
      1.3020        18.77
      1.3030        18.87
      1.3040        18.90
      1.3050        19.02
      1.3060        19.02
      1.3070        19.09
      1.3080        19.15
      1.3090        19.15
      1.3100        19.26
      1.3110        19.28
      1.3120        19.29
      1.3130        19.38
      1.3140        19.48
      1.3150        19.50
      1.3160        19.60
      1.3170        19.71
      1.3180        19.75
      1.3190        19.83
      1.3200        19.84
      1.3210        19.81
      1.3220        19.84
      1.3230        20.09
      1.3240        20.23
      1.3250        20.32
      1.3260        20.57
      1.3270        20.64
      1.3280        20.75
      1.3290        20.92
      1.3300        21.11
      1.3310        21.35
      1.3320        21.53
      1.3330        21.70
      1.3340        21.77
      1.3350        21.81
      1.3360        21.93
      1.3370        21.90
      1.3380        22.02
      1.3390        22.13
      1.3400        22.25
      1.3410        22.25
      1.3420        22.36
      1.3430        22.27
      1.3440        22.36
      1.3450        22.50
      1.3460        22.52
      1.3470        22.58
      1.3480        22.64
      1.3490        22.86
      1.3500        22.95
      1.3510        22.87
      1.3520        22.90
      1.3530        22.91
      1.3540        22.96
      1.3550        23.14
      1.3560        23.32
      1.3570        23.52
      1.3580        23.70
      1.3590        23.83
      1.3600        23.91
      1.3610        24.14
      1.3620        24.24
      1.3630        24.43
      1.3640        24.48
      1.3650        24.60
      1.3660        24.70
      1.3670        24.90
      1.3680        24.98
      1.3690        24.94
      1.3700        24.93
      1.3710        25.08
      1.3720        25.23
      1.3730        25.43
      1.3740        25.57
      1.3750        25.65
      1.3760        25.63
      1.3770        25.86
      1.3780        25.84
      1.3790        26.04
      1.3800        26.26
      1.3810        26.40
      1.3820        26.65
      1.3830        26.79
      1.3840        26.91
      1.3850        27.05
      1.3860        27.12
      1.3870        27.24
      1.3880        27.45
      1.3890        27.69
      1.3900        27.88
      1.3910        28.07
      1.3920        28.09
      1.3930        28.24
      1.3940        28.35
      1.3950        28.40
      1.3960        28.49
      1.3970        28.58
      1.3980        28.75
      1.3990        28.72
      1.4000        28.86
      1.4010        28.98
      1.4020        29.06
      1.4030        29.16
      1.4040        29.38
      1.4050        29.46
      1.4060        29.58
      1.4070        29.67
      1.4080        29.77
      1.4090        29.89
      1.4100        30.11
      1.4110        30.23
      1.4120        30.40
      1.4130        30.44
      1.4140        30.69
      1.4150        30.88
      1.4160        31.12
      1.4170        31.16
      1.4180        31.38
      1.4190        31.63
      1.4200        31.80
      1.4210        31.93
      1.4220        32.00
      1.4230        32.16
      1.4240        32.31
      1.4250        32.48
      1.4260        32.67
      1.4270        32.79
      1.4280        32.90
      1.4290        32.96
      1.4300        33.04
      1.4310        33.17
      1.4320        33.21
      1.4330        33.43
      1.4340        33.47
      1.4350        33.66
      1.4360        33.68
      1.4370        33.92
      1.4380        33.99
      1.4390        34.19
      1.4400        34.24
      1.4410        34.34
      1.4420        34.59
      1.4430        34.64
      1.4440        34.66
      1.4450        34.83
      1.4460        34.98
      1.4470        35.19
      1.4480        35.33
      1.4490        35.51
      1.4500        35.59
      1.4510        35.66
      1.4520        35.83
      1.4530        35.99
      1.4540        36.13
      1.4550        36.15
      1.4560        36.32
      1.4570        36.29
      1.4580        36.39
      1.4590        36.39
      1.4600        36.49
      1.4610        36.51
      1.4620        36.46
      1.4630        36.54
      1.4640        36.64
      1.4650        36.72
      1.4660        36.79
      1.4670        36.91
      1.4680        37.03
      1.4690        37.07
      1.4700        37.23
      1.4710        37.36
      1.4720        37.51
      1.4730        37.60
      1.4740        37.67
      1.4750        37.84
      1.4760        38.02
      1.4770        38.09
      1.4780        38.29
      1.4790        38.39
      1.4800        38.43
      1.4810        38.62
      1.4820        38.85
      1.4830        39.02
      1.4840        39.18
      1.4850        39.18
      1.4860        39.36
      1.4870        39.32
      1.4880        39.37
      1.4890        39.47
      1.4900        39.47
      1.4910        39.61
      1.4920        39.72
      1.4930        39.76
      1.4940        39.86
      1.4950        39.90
      1.4960        39.98
      1.4970        40.26
      1.4980        40.32
      1.4990        40.40
      1.5000        40.62
      1.5010        40.78
      1.5020        40.87
      1.5030        41.10
      1.5040        41.11
      1.5050        41.27
      1.5060        41.38
      1.5070        41.62
      1.5080        41.78
      1.5090        41.83
      1.5100        42.10
      1.5110        42.14
      1.5120        42.18
      1.5130        42.22
      1.5140        42.26
      1.5150        42.32
      1.5160        42.44
      1.5170        42.43
      1.5180        42.31
      1.5190        42.47
      1.5200        42.52
      1.5210        42.51
      1.5220        42.43
      1.5230        42.34
      1.5240        42.44
      1.5250        42.50
      1.5260        42.55
      1.5270        42.56
      1.5280        42.67
      1.5290        42.72
      1.5300        42.72
      1.5310        42.80
      1.5320        42.90
      1.5330        43.00
      1.5340        43.10
      1.5350        43.23
      1.5360        43.26
      1.5370        43.39
      1.5380        43.62
      1.5390        43.62
      1.5400        43.67
      1.5410        43.75
      1.5420        43.91
      1.5430        43.97
      1.5440        44.09
      1.5450        44.09
      1.5460        44.09
      1.5470        44.07
      1.5480        44.04
      1.5490        44.21
      1.5500        44.20
      1.5510        44.19
      1.5520        44.28
      1.5530        44.21
      1.5540        44.39
      1.5550        44.39
      1.5560        44.51
      1.5570        44.43
      1.5580        44.45
      1.5590        44.65
      1.5600        44.68
      1.5610        44.73
      1.5620        44.75
      1.5630        44.90
      1.5640        44.97
      1.5650        45.13
      1.5660        45.26
      1.5670        45.42
      1.5680        45.47
      1.5690        45.46
      1.5700        45.50
      1.5710        45.70
      1.5720        45.69
      1.5730        45.89
      1.5740        45.78
      1.5750        45.82
      1.5760        45.72
      1.5770        45.96
      1.5780        46.01
      1.5790        45.91
      1.5800        45.93
      1.5810        45.99
      1.5820        46.08
      1.5830        46.05
      1.5840        46.09
      1.5850        46.14
      1.5860        46.16
      1.5870        46.27
      1.5880        46.39
      1.5890        46.52
      1.5900        46.68
      1.5910        46.63
      1.5920        46.72
      1.5930        46.78
      1.5940        46.86
      1.5950        47.00
      1.5960        47.23
      1.5970        47.22
      1.5980        47.24
      1.5990        47.30
      1.6000        47.36
      1.6010        47.53
      1.6020        47.55
      1.6030        47.57
      1.6040        47.61
      1.6050        47.70
      1.6060        47.70
      1.6070        47.61
      1.6080        47.62
      1.6090        47.61
      1.6100        47.56
      1.6110        47.62
      1.6120        47.65
      1.6130        47.68
      1.6140        47.74
      1.6150        47.78
      1.6160        47.74
      1.6170        47.70
      1.6180        47.77
      1.6190        47.88
      1.6200        47.90
      1.6210        47.94
      1.6220        48.09
      1.6230        48.17
      1.6240        48.15
      1.6250        48.11
      1.6260        48.21
      1.6270        48.29
      1.6280        48.33
      1.6290        48.30
      1.6300        48.33
      1.6310        48.40
      1.6320        48.39
      1.6330        48.40
      1.6340        48.60
      1.6350        48.57
      1.6360        48.57
      1.6370        48.66
      1.6380        48.63
      1.6390        48.64
      1.6400        48.74
      1.6410        48.71
      1.6420        48.74
      1.6430        48.73
      1.6440        48.85
      1.6450        48.91
      1.6460        48.94
      1.6470        49.11
      1.6480        49.15
      1.6490        49.37
      1.6500        49.47
      1.6510        49.47
      1.6520        49.63
      1.6530        49.73
      1.6540        49.73
      1.6550        49.91
      1.6560        50.00
      1.6570        50.03
      1.6580        50.14
      1.6590        50.25
      1.6600        50.35
      1.6610        50.32
      1.6620        50.24
      1.6630        50.35
      1.6640        50.31
      1.6650        50.35
      1.6660        50.45
      1.6670        50.40
      1.6680        50.45
      1.6690        50.36
      1.6700        50.43
      1.6710        50.57
      1.6720        50.61
      1.6730        50.67
      1.6740        50.67
      1.6750        50.65
      1.6760        50.70
      1.6770        50.76
      1.6780        50.92
      1.6790        50.97
      1.6800        51.02
      1.6810        51.28
      1.6820        51.49
      1.6830        51.73
      1.6840        51.88
      1.6850        52.01
      1.6860        52.13
      1.6870        52.28
      1.6880        52.38
      1.6890        52.47
      1.6900        52.53
      1.6910        52.60
      1.6920        52.61
      1.6930        52.74
      1.6940        52.82
      1.6950        52.93
      1.6960        52.97
      1.6970        53.09
      1.6980        53.03
      1.6990        53.11
      1.7000        53.15
      1.7010        53.07
      1.7020        52.99
      1.7030        53.00
      1.7040        53.14
      1.7050        53.21
      1.7060        53.24
      1.7070        53.36
      1.7080        53.26
      1.7090        53.45
      1.7100        53.55
      1.7110        53.56
      1.7120        53.70
      1.7130        53.66
      1.7140        53.77
      1.7150        53.79
      1.7160        53.98
      1.7170        53.97
      1.7180        54.09
      1.7190        54.13
      1.7200        54.08
      1.7210        54.19
      1.7220        54.27
      1.7230        54.26
      1.7240        54.19
      1.7250        54.25
      1.7260        54.25
      1.7270        54.23
      1.7280        54.56
      1.7290        54.57
      1.7300        54.66
      1.7310        54.79
      1.7320        54.80
      1.7330        54.86
      1.7340        54.92
      1.7350        55.02
      1.7360        55.09
      1.7370        55.29
      1.7380        55.30
      1.7390        55.41
      1.7400        55.69
      1.7410        55.78
      1.7420        55.91
      1.7430        55.95
      1.7440        56.16
      1.7450        56.23
      1.7460        56.26
      1.7470        56.27
      1.7480        56.14
      1.7490        56.18
      1.7500        56.11
      1.7510        56.03
      1.7520        56.03
      1.7530        56.11
      1.7540        56.14
      1.7550        56.06
      1.7560        56.01
      1.7570        55.94
      1.7580        56.10
      1.7590        56.17
      1.7600        56.13
      1.7610        56.18
      1.7620        56.23
      1.7630        56.26
      1.7640        56.27
      1.7650        56.23
      1.7660        56.33
      1.7670        56.45
      1.7680        56.65
      1.7690        56.71
      1.7700        56.85
      1.7710        56.98
      1.7720        57.15
      1.7730        57.21
      1.7740        57.21
      1.7750        57.49
      1.7760        57.51
      1.7770        57.55
      1.7780        57.49
      1.7790        57.41
      1.7800        57.43
      1.7810        57.39
      1.7820        57.43
      1.7830        57.53
      1.7840        57.51
      1.7850        57.47
      1.7860        57.45
      1.7870        57.41
      1.7880        57.31
      1.7890        57.27
      1.7900        57.32
      1.7910        57.39
      1.7920        57.43
      1.7930        57.48
      1.7940        57.54
      1.7950        57.41
      1.7960        57.62
      1.7970        57.62
      1.7980        57.64
      1.7990        57.72
      1.8000        57.79
      1.8010        58.00
      1.8020        58.08
      1.8030        58.08
      1.8040        58.06
      1.8050        58.15
      1.8060        58.05
      1.8070        58.12
      1.8080        58.13
      1.8090        58.20
      1.8100        58.07
      1.8110        58.03
      1.8120        57.90
      1.8130        57.87
      1.8140        57.90
      1.8150        58.01
      1.8160        57.91
      1.8170        57.82
      1.8180        57.82
      1.8190        57.79
      1.8200        57.74
      1.8210        57.62
      1.8220        57.51
      1.8230        57.52
      1.8240        57.52
      1.8250        57.54
      1.8260        57.71
      1.8270        57.68
      1.8280        57.76
      1.8290        57.76
      1.8300        57.83
      1.8310        57.79
      1.8320        57.91
      1.8330        57.90
      1.8340        57.86
      1.8350        57.69
      1.8360        57.65
      1.8370        57.83
      1.8380        57.86
      1.8390        57.82
      1.8400        57.84
      1.8410        57.71
      1.8420        57.77
      1.8430        57.73
      1.8440        57.72
      1.8450        57.64
      1.8460        57.61
      1.8470        57.61
      1.8480        57.55
      1.8490        57.48
      1.8500        57.47
      1.8510        57.46
      1.8520        57.38
      1.8530        57.38
      1.8540        57.43
      1.8550        57.51
      1.8560        57.52
      1.8570        57.55
      1.8580        57.62
      1.8590        57.62
      1.8600        57.58
      1.8610        57.74
      1.8620        57.62
      1.8630        57.57
      1.8640        57.49
      1.8650        57.57
      1.8660        57.46
      1.8670        57.53
      1.8680        57.44
      1.8690        57.48
      1.8700        57.48
      1.8710        57.48
      1.8720        57.49
      1.8730        57.37
      1.8740        57.30
      1.8750        57.24
      1.8760        57.29
      1.8770        57.24
      1.8780        57.11
      1.8790        57.17
      1.8800        57.18
      1.8810        57.11
      1.8820        57.19
      1.8830        57.32
      1.8840        57.46
      1.8850        57.56
      1.8860        57.59
      1.8870        57.58
      1.8880        57.76
      1.8890        57.74
      1.8900        57.72
      1.8910        57.76
      1.8920        57.75
      1.8930        57.79
      1.8940        57.75
      1.8950        57.72
      1.8960        57.60
      1.8970        57.63
      1.8980        57.64
      1.8990        57.63
      1.9000        57.58
      1.9010        57.49
      1.9020        57.47
      1.9030        57.43
      1.9040        57.42
      1.9050        57.31
      1.9060        57.36
      1.9070        57.31
      1.9080        57.23
      1.9090        57.24
      1.9100        57.16
      1.9110        57.18
      1.9120        57.28
      1.9130        57.44
      1.9140        57.57
      1.9150        57.65
      1.9160        57.78
      1.9170        57.72
      1.9180        57.73
      1.9190        57.73
      1.9200        57.77
      1.9210        57.77
      1.9220        57.80
      1.9230        57.76
      1.9240        57.79
      1.9250        57.75
      1.9260        57.70
      1.9270        57.60
      1.9280        57.59
      1.9290        57.68
      1.9300        57.71
      1.9310        57.61
      1.9320        57.49
      1.9330        57.39
      1.9340        57.29
      1.9350        57.33
      1.9360        57.22
      1.9370        57.18
      1.9380        57.10
      1.9390        56.99
      1.9400        56.93
      1.9410        57.05
      1.9420        57.03
      1.9430        57.06
      1.9440        56.98
      1.9450        56.98
      1.9460        57.12
      1.9470        57.12
      1.9480        57.02
      1.9490        56.81
      1.9500        56.81
      1.9510        56.82
      1.9520        56.90
      1.9530        56.90
      1.9540        56.82
      1.9550        56.73
      1.9560        56.69
      1.9570        56.63
      1.9580        56.60
      1.9590        56.63
      1.9600        56.63
      1.9610        56.53
      1.9620        56.53
      1.9630        56.49
      1.9640        56.45
      1.9650        56.45
      1.9660        56.25
      1.9670        56.26
      1.9680        56.30
      1.9690        56.40
      1.9700        56.44
      1.9710        56.52
      1.9720        56.45
      1.9730        56.42
      1.9740        56.45
      1.9750        56.43
      1.9760        56.42
      1.9770        56.50
      1.9780        56.61
      1.9790        56.50
      1.9800        56.41
      1.9810        56.37
      1.9820        56.27
      1.9830        56.18
      1.9840        56.02
      1.9850        55.98
      1.9860        55.96
      1.9870        55.87
      1.9880        55.80
      1.9890        55.67
      1.9900        55.62
      1.9910        55.48
      1.9920        55.39
      1.9930        55.31
      1.9940        55.23
      1.9950        55.21
      1.9960        55.14
      1.9970        55.04
      1.9980        55.00
      1.9990        54.97
      2.0000        55.03
      2.0010        55.10
      2.0020        55.06
      2.0030        55.03
      2.0040        55.11
      2.0050        55.03
      2.0060        55.10
      2.0070        55.07
      2.0080        54.95
      2.0090        54.98
      2.0100        54.92
      2.0110        54.86
      2.0120        54.79
      2.0130        54.65
      2.0140        54.57
      2.0150        54.34
      2.0160        54.23
      2.0170        54.21
      2.0180        54.08
      2.0190        53.99
      2.0200        53.81
      2.0210        53.69
      2.0220        53.64
      2.0230        53.56
      2.0240        53.36
      2.0250        53.23
      2.0260        53.14
      2.0270        53.06
      2.0280        53.05
      2.0290        53.00
      2.0300        52.86
      2.0310        52.84
      2.0320        52.87
      2.0330        52.79
      2.0340        52.72
      2.0350        52.72
      2.0360        52.77
      2.0370        52.64
      2.0380        52.50
      2.0390        52.47
      2.0400        52.43
      2.0410        52.11
      2.0420        51.90
      2.0430        51.75
      2.0440        51.79
      2.0450        51.73
      2.0460        51.53
      2.0470        51.49
      2.0480        51.33
      2.0490        51.11
      2.0500        50.99
      2.0510        50.76
      2.0520        50.51
      2.0530        50.41
      2.0540        50.42
      2.0550        50.31
      2.0560        50.13
      2.0570        49.89
      2.0580        49.73
      2.0590        49.58
      2.0600        49.43
      2.0610        49.50
      2.0620        49.45
      2.0630        49.27
      2.0640        49.03
      2.0650        48.83
      2.0660        48.81
      2.0670        48.51
      2.0680        48.41
      2.0690        48.15
      2.0700        48.01
      2.0710        47.82
      2.0720        47.65
      2.0730        47.50
      2.0740        47.13
      2.0750        46.92
      2.0760        46.65
      2.0770        46.53
      2.0780        46.40
      2.0790        46.14
      2.0800        45.96
      2.0810        45.71
      2.0820        45.45
      2.0830        45.27
      2.0840        45.20
      2.0850        45.14
      2.0860        44.84
      2.0870        44.81
      2.0880        44.57
      2.0890        44.49
      2.0900        44.29
      2.0910        44.17
      2.0920        44.02
      2.0930        43.87
      2.0940        43.73
      2.0950        43.58
      2.0960        43.35
      2.0970        43.20
      2.0980        43.00
      2.0990        42.85
      2.1000        42.61
      2.1010        42.35
      2.1020        42.19
      2.1030        41.97
      2.1040        41.64
      2.1050        41.25
      2.1060        40.98
      2.1070        40.61
      2.1080        40.41
      2.1090        40.17
      2.1100        39.90
      2.1110        39.58
      2.1120        39.32
      2.1130        39.00
      2.1140        38.80
      2.1150        38.49
      2.1160        38.29
      2.1170        38.02
      2.1180        37.66
      2.1190        37.47
      2.1200        37.27
      2.1210        37.02
      2.1220        36.73
      2.1230        36.42
      2.1240        36.15
      2.1250        35.99
      2.1260        35.63
      2.1270        35.43
      2.1280        35.06
      2.1290        34.77
      2.1300        34.48
      2.1310        34.20
      2.1320        33.85
      2.1330        33.61
      2.1340        33.36
      2.1350        33.13
      2.1360        32.85
      2.1370        32.60
      2.1380        32.42
      2.1390        32.07
      2.1400        31.72
      2.1410        31.47
      2.1420        31.30
      2.1430        31.18
      2.1440        31.00
      2.1450        30.75
      2.1460        30.56
      2.1470        30.33
      2.1480        30.13
      2.1490        29.98
      2.1500        29.83
      2.1510        29.66
      2.1520        29.48
      2.1530        29.26
      2.1540        28.87
      2.1550        28.63
      2.1560        28.43
      2.1570        28.04
      2.1580        27.83
      2.1590        27.58
      2.1600        27.32
      2.1610        27.04
      2.1620        26.63
      2.1630        26.25
      2.1640        25.92
      2.1650        25.68
      2.1660        25.43
      2.1670        25.10
      2.1680        24.83
      2.1690        24.53
      2.1700        24.24
      2.1710        23.97
      2.1720        23.63
      2.1730        23.42
      2.1740        23.36
      2.1750        23.07
      2.1760        22.81
      2.1770        22.70
      2.1780        22.37
      2.1790        22.21
      2.1800        21.91
      2.1810        21.78
      2.1820        21.59
      2.1830        21.42
      2.1840        21.23
      2.1850        20.89
      2.1860        20.72
      2.1870        20.41
      2.1880        20.15
      2.1890        19.89
      2.1900        19.57
      2.1910        19.29
      2.1920        19.12
      2.1930        18.88
      2.1940        18.52
      2.1950        18.29
      2.1960        18.09
      2.1970        17.76
      2.1980        17.64
      2.1990        17.36
      2.2000        17.26
      2.2010        16.97
      2.2020        16.88
      2.2030        16.74
      2.2040        16.53
      2.2050        16.49
      2.2060        16.36
      2.2070        16.34
      2.2080        16.28
      2.2090        16.10
      2.2100        16.06
      2.2110        16.03
      2.2120        15.95
      2.2130        15.68
      2.2140        15.49
      2.2150        15.24
      2.2160        15.12
      2.2170        14.93
      2.2180        14.76
      2.2190        14.61
      2.2200        14.48
      2.2210        14.31
      2.2220        14.10
      2.2230        13.90
      2.2240        13.74
      2.2250        13.59
      2.2260        12.87
      2.2270        12.71
      2.2280        12.49
      2.2290        12.33
      2.2300        12.21
      2.2310        12.04
      2.2320        11.88
      2.2330        11.76
      2.2340        11.29
      2.2350        11.34
      2.2360        11.19
      2.2370        11.76
      2.2380        11.24
      2.2390        11.22
      2.2400        11.67
      2.2410        11.67
      2.2420        11.56
      2.2430        11.61
      2.2440        11.56
      2.2450        11.44
      2.2460        10.85
      2.2470        10.84
      2.2480        10.91
      2.2490        10.97
      2.2500        10.95
      2.2510        10.84
      2.2520        10.77
      2.2530        10.77
      2.2540        10.73
      2.2550        10.63
      2.2560        10.56
      2.2570        10.43
      2.2580        10.41
      2.2590        10.36
      2.2600        10.28
      2.2610        10.27
      2.2620        10.27
      2.2630        10.19
      2.2640        10.17
      2.2650        10.19
      2.2660        10.19
      2.2670        10.23
      2.2680        10.21
      2.2690        10.21
      2.2700        10.24
      2.2710        10.31
      2.2720        10.31
      2.2730        10.33
      2.2740        10.26
      2.2750        10.18
      2.2760        10.14
      2.2770        10.20
      2.2780        10.09
      2.2790        10.08
      2.2800        10.10
      2.2810        10.09
      2.2820        10.06
      2.2830        10.05
      2.2840        10.09
      2.2850        10.09
      2.2860        10.08
      2.2870         9.94
      2.2880         9.90
      2.2890         9.80
      2.2900         9.70
      2.2910         9.66
      2.2920         9.70
      2.2930         9.70
      2.2940         9.80
      2.2950         9.88
      2.2960        10.01
      2.2970        10.06
      2.2980        10.25
      2.2990        10.29
      2.3000        10.37
      2.3010        10.40
      2.3020        10.40
      2.3030        10.37
      2.3040        10.44
      2.3050        10.36
      2.3060        10.39
      2.3070        10.43
      2.3080        10.41
      2.3090        10.38
      2.3100        10.44
      2.3110        10.44
      2.3120        10.41
      2.3130        10.43
      2.3140        10.40
      2.3150        10.41
      2.3160        10.33
      2.3170        10.29
      2.3180        10.20
      2.3190        10.19
      2.3200        10.13
      2.3210        10.12
      2.3220        10.21
      2.3230        10.23
      2.3240        10.15
      2.3250        10.24
      2.3260        10.25
      2.3270        10.37
      2.3280        10.37
      2.3290        10.44
      2.3300        10.40
      2.3310        10.48
      2.3320        10.47
      2.3330        10.44
      2.3340        10.41
      2.3350        10.30
      2.3360        10.32
      2.3370        10.33
      2.3380        10.36
      2.3390        10.28
      2.3400        10.29
      2.3410        10.24
      2.3420        10.17
      2.3430        10.14
      2.3440        10.20
      2.3450        10.18
      2.3460        10.21
      2.3470        10.12
      2.3480        10.14
      2.3490        10.19
      2.3500        10.19
      2.3510        10.15
      2.3520        10.17
      2.3530        10.22
      2.3540        10.17
      2.3550        10.23
      2.3560        10.33
      2.3570        10.31
      2.3580        10.34
      2.3590        10.40
      2.3600        10.39
      2.3610        10.42
      2.3620        10.47
      2.3630        10.48
      2.3640        10.43
      2.3650        10.48
      2.3660        10.44
      2.3670        10.45
      2.3680        10.48
      2.3690        10.40
      2.3700        10.43
      2.3710        10.37
      2.3720        10.35
      2.3730        10.20
      2.3740        10.25
      2.3750        10.31
      2.3760        10.20
      2.3770        10.19
      2.3780        10.12
      2.3790        10.12
      2.3800        10.07
      2.3810        10.12
      2.3820        10.12
      2.3830        10.19
      2.3840        10.20
      2.3850        10.22
      2.3860        10.31
      2.3870        10.34
      2.3880        10.32
      2.3890        10.36
      2.3900        10.38
      2.3910        10.39
      2.3920        10.44
      2.3930        10.56
      2.3940        10.59
      2.3950        10.54
      2.3960        10.54
      2.3970        10.52
      2.3980        10.56
      2.3990        10.55
      2.4000        10.58
      2.4010        10.47
      2.4020        10.40
      2.4030        10.32
      2.4040        10.32
      2.4050        10.23
      2.4060        10.20
      2.4070        10.19
      2.4080        10.20
      2.4090        10.22
      2.4100        10.26
      2.4110        10.23
      2.4120        10.18
      2.4130        10.18
      2.4140        10.11
      2.4150        10.15
      2.4160        10.27
      2.4170        10.31
      2.4180        10.32
      2.4190        10.35
      2.4200        10.39
      2.4210        10.42
      2.4220        10.44
      2.4230        10.47
      2.4240        10.52
      2.4250        10.55
      2.4260        10.40
      2.4270        10.43
      2.4280        10.42
      2.4290        10.34
      2.4300        10.23
      2.4310        10.26
      2.4320        10.28
      2.4330        10.23
      2.4340        10.27
      2.4350        10.22
      2.4360        10.22
      2.4370        10.28
      2.4380        10.28
      2.4390        10.28
      2.4400        10.28
      2.4410        10.35
      2.4420        10.43
      2.4430        10.47
      2.4440        10.48
      2.4450        10.55
      2.4460        10.63
      2.4470        10.62
      2.4480        10.63
      2.4490        10.68
      2.4500        10.68
      2.4510        10.71
      2.4520        10.80
      2.4530        10.75
      2.4540        10.79
      2.4550        10.79
      2.4560        10.70
      2.4570        10.66
      2.4580        10.66
      2.4590        10.64
      2.4600        10.61
      2.4610        10.57
      2.4620        10.44
      2.4630        10.46
      2.4640        10.39
      2.4650        10.38
      2.4660        10.38
      2.4670        10.38
      2.4680        10.34
      2.4690        10.34
      2.4700        10.43
      2.4710        10.42
      2.4720        10.30
      2.4730        10.39
      2.4740        10.39
      2.4750        10.39
      2.4760        10.35
      2.4770        10.20
      2.4780        10.12
      2.4790        10.14
      2.4800        10.19
      2.4810        10.20
      2.4820        10.20
      2.4830        10.11
      2.4840        10.06
      2.4850        10.03
      2.4860        10.03
      2.4870         9.99
      2.4880         9.88
      2.4890         9.88
      2.4900         9.84
      2.4910         9.87
      2.4920         9.92
      2.4930         9.96
      2.4940         9.94
      2.4950         9.94
      2.4960        10.00
      2.4970        10.14
      2.4980        10.19
      2.4990        10.13
      2.5000        10.11
      2.5010        10.13
      2.5020        10.19
      2.5030        10.18
      2.5040        10.27
      2.5050        10.25
      2.5060        10.22
      2.5070        10.19
      2.5080        10.25
      2.5090        10.25
      2.5100        10.30
      2.5110        10.23
      2.5120        10.21
      2.5130        10.17
      2.5140        10.09
      2.5150        10.06
      2.5160        10.06
      2.5170        10.03
      2.5180        10.03
      2.5190        10.06
      2.5200        10.03
      2.5210        10.02
      2.5220        10.03
      2.5230        10.07
      2.5240        10.01
      2.5250        10.06
      2.5260        10.11
      2.5270        10.13
      2.5280        10.17
      2.5290        10.15
      2.5300        10.10
      2.5310        10.13
      2.5320        10.09
      2.5330        10.09
      2.5340        10.18
      2.5350        10.21
      2.5360        10.25
      2.5370        10.19
      2.5380        10.14
      2.5390        10.21
      2.5400        10.23
      2.5410        10.21
      2.5420        10.09
      2.5430        10.14
      2.5440        10.11
      2.5450        10.11
      2.5460        10.10
      2.5470        10.13
      2.5480        10.21
      2.5490        10.22
      2.5500        10.29
      2.5510        10.23
      2.5520        10.30
      2.5530        10.29
      2.5540        10.21
      2.5550        10.26
      2.5560        10.25
      2.5570        10.32
      2.5580        10.41
      2.5590        10.45
      2.5600        10.46
      2.5610        10.50
      2.5620        10.60
      2.5630        10.62
      2.5640        10.68
      2.5650        10.65
      2.5660        10.69
      2.5670        10.66
      2.5680        10.56
      2.5690        10.55
      2.5700        10.43
      2.5710        10.51
      2.5720        10.47
      2.5730        10.42
      2.5740        10.49
      2.5750        10.47
      2.5760        10.49
      2.5770        10.46
      2.5780        10.38
      2.5790        10.26
      2.5800        10.21
      2.5810        10.17
      2.5820        10.18
      2.5830        10.14
      2.5840        10.16
      2.5850        10.14
      2.5860        10.12
      2.5870        10.20
      2.5880        10.24
      2.5890        10.28
      2.5900        10.30
      2.5910        10.32
      2.5920        10.37
      2.5930        10.40
      2.5940        10.42
      2.5950        10.44
      2.5960        10.36
      2.5970        10.36
      2.5980        10.42
      2.5990        10.46
      2.6000        10.40
      2.6010        10.37
      2.6020        10.30
      2.6030        10.28
      2.6040        10.22
      2.6050        10.22
      2.6060        10.21
      2.6070        10.13
      2.6080        10.14
      2.6090        10.09
      2.6100        10.06
      2.6110        10.02
      2.6120        10.08
      2.6130        10.09
      2.6140        10.10
      2.6150        10.09
      2.6160        10.17
      2.6170        10.18
      2.6180        10.18
      2.6190        10.25
      2.6200        10.30
      2.6210        10.41
      2.6220        10.44
      2.6230        10.43
      2.6240        10.45
      2.6250        10.42
      2.6260        10.37
      2.6270        10.37
      2.6280        10.30
      2.6290        10.25
      2.6300        10.27
      2.6310        10.27
      2.6320        10.19
      2.6330        10.17
      2.6340        10.03
      2.6350         9.98
      2.6360         9.93
      2.6370         9.91
      2.6380         9.83
      2.6390         9.79
      2.6400         9.81
      2.6410         9.72
      2.6420         9.77
      2.6430         9.86
      2.6440         9.89
      2.6450         9.94
      2.6460         9.99
      2.6470        10.02
      2.6480        10.13
      2.6490        10.22
      2.6500        10.23
      2.6510        10.26
      2.6520        10.27
      2.6530        10.31
      2.6540        10.38
      2.6550        10.35
      2.6560        10.32
      2.6570        10.35
      2.6580        10.36
      2.6590        10.23
      2.6600        10.23
      2.6610        10.28
      2.6620        10.25
      2.6630        10.16
      2.6640        10.19
      2.6650        10.15
      2.6660        10.11
      2.6670        10.05
      2.6680         9.95
      2.6690         9.89
      2.6700         9.85
      2.6710         9.81
      2.6720         9.76
      2.6730         9.72
      2.6740         9.76
      2.6750         9.87
      2.6760         9.91
      2.6770         9.83
      2.6780         9.93
      2.6790        10.05
      2.6800        10.07
      2.6810        10.02
      2.6820        10.03
      2.6830        10.03
      2.6840         9.96
      2.6850         9.96
      2.6860        10.00
      2.6870        10.14
      2.6880        10.15
      2.6890        10.14
      2.6900        10.15
      2.6910        10.08
      2.6920        10.18
      2.6930        10.22
      2.6940        10.23
      2.6950        10.23
      2.6960        10.16
      2.6970        10.22
      2.6980        10.14
      2.6990        10.19
      2.7000        10.18
      2.7010        10.22
      2.7020        10.20
      2.7030        10.22
      2.7040        10.35
      2.7050        10.36
      2.7060        10.37
      2.7070        10.29
      2.7080        10.30
      2.7090        10.43
      2.7100        10.54
      2.7110        10.67
      2.7120        10.62
      2.7130        10.60
      2.7140        10.58
      2.7150        10.58
      2.7160        10.64
      2.7170        10.59
      2.7180        10.56
      2.7190        10.46
      2.7200        10.44
      2.7210        10.37
      2.7220        10.35
      2.7230        10.31
      2.7240        10.13
      2.7250        10.12
      2.7260        10.07
      2.7270        10.07
      2.7280        10.11
      2.7290        10.00
      2.7300         9.99
      2.7310         9.99
      2.7320        10.01
      2.7330        10.04
      2.7340        10.05
      2.7350        10.05
      2.7360        10.03
      2.7370        10.15
      2.7380        10.16
      2.7390        10.20
      2.7400        10.20
      2.7410        10.23
      2.7420        10.24
      2.7430        10.31
      2.7440        10.36
      2.7450        10.34
      2.7460        10.35
      2.7470        10.31
      2.7480        10.28
      2.7490        10.35
      2.7500        10.32
      2.7510        10.35
      2.7520        10.30
      2.7530        10.23
      2.7540        10.15
      2.7550        10.10
      2.7560        10.11
      2.7570        10.10
      2.7580        10.14
      2.7590        10.15
      2.7600        10.25
      2.7610        10.26
      2.7620        10.29
      2.7630        10.25
      2.7640        10.24
      2.7650        10.28
      2.7660        10.34
      2.7670        10.45
      2.7680        10.52
      2.7690        10.53
      2.7700        10.46
      2.7710        10.44
      2.7720        10.41
      2.7730        10.53
      2.7740        10.54
      2.7750        10.56
      2.7760        10.56
      2.7770        10.41
      2.7780        10.41
      2.7790        10.37
      2.7800        10.32
      2.7810        10.30
      2.7820        10.28
      2.7830        10.29
      2.7840        10.32
      2.7850        10.30
      2.7860        10.29
      2.7870        10.20
      2.7880        10.20
      2.7890        10.22
      2.7900        10.30
      2.7910        10.28
      2.7920        10.36
      2.7930        10.34
      2.7940        10.41
      2.7950        10.41
      2.7960        10.48
      2.7970        10.62
      2.7980        10.58
      2.7990        10.62
      2.8000        10.65
      2.8010        10.69
      2.8020        10.66
      2.8030        10.70
      2.8040        10.67
      2.8050        10.67
      2.8060        10.63
      2.8070        10.61
      2.8080        10.54
      2.8090        10.41
      2.8100        10.34
      2.8110        10.33
      2.8120        10.25
      2.8130        10.19
      2.8140        10.15
      2.8150        10.18
      2.8160        10.10
      2.8170        10.01
      2.8180        10.00
      2.8190        10.04
      2.8200        10.04
      2.8210         9.98
      2.8220        10.02
      2.8230         9.96
      2.8240        10.10
      2.8250        10.13
      2.8260        10.12
      2.8270        10.16
      2.8280        10.24
      2.8290        10.30
      2.8300        10.28
      2.8310        10.22
      2.8320        10.32
      2.8330        10.25
      2.8340        10.36
      2.8350        10.26
      2.8360        10.30
      2.8370        10.27
      2.8380        10.34
      2.8390        10.27
      2.8400        10.25
      2.8410        10.29
      2.8420        10.23
      2.8430        10.26
      2.8440        10.10
      2.8450        10.10
      2.8460        10.14
      2.8470        10.16
      2.8480        10.12
      2.8490        10.08
      2.8500        10.16
      2.8510        10.20
      2.8520        10.20
      2.8530        10.30
      2.8540        10.18
      2.8550        10.27
      2.8560        10.25
      2.8570        10.34
      2.8580        10.33
      2.8590        10.37
      2.8600        10.35
      2.8610        10.38
      2.8620        10.41
      2.8630        10.39
      2.8640        10.38
      2.8650        10.34
      2.8660        10.26
      2.8670        10.23
      2.8680        10.23
      2.8690        10.23
      2.8700        10.21
      2.8710        10.21
      2.8720        10.15
      2.8730        10.15
      2.8740        10.18
      2.8750        10.11
      2.8760        10.17
      2.8770        10.08
      2.8780        10.08
      2.8790        10.09
      2.8800        10.12
      2.8810        10.06
      2.8820        10.14
      2.8830        10.17
      2.8840        10.34
      2.8850        10.41
      2.8860        10.49
      2.8870        10.50
      2.8880        10.49
      2.8890        10.51
      2.8900        10.51
      2.8910        10.54
      2.8920        10.55
      2.8930        10.46
      2.8940        10.41
      2.8950        10.41
      2.8960        10.39
      2.8970        10.45
      2.8980        10.43
      2.8990        10.38
      2.9000        10.41
      2.9010        10.41
      2.9020        10.35
      2.9030        10.27
      2.9040        10.19
      2.9050        10.14
      2.9060        10.11
      2.9070        10.14
      2.9080        10.14
      2.9090        10.13
      2.9100        10.21
      2.9110        10.25
      2.9120        10.23
      2.9130        10.26
      2.9140        10.31
      2.9150        10.37
      2.9160        10.37
      2.9170        10.36
      2.9180        10.37
      2.9190        10.41
      2.9200        10.37
      2.9210        10.41
      2.9220        10.38
      2.9230        10.46
      2.9240        10.41
      2.9250        10.43
      2.9260        10.47
      2.9270        10.46
      2.9280        10.49
      2.9290        10.50
      2.9300        10.41
      2.9310        10.35
      2.9320        10.37
      2.9330        10.37
      2.9340        10.39
      2.9350        10.35
      2.9360        10.33
      2.9370        10.41
      2.9380        10.42
      2.9390        10.39
      2.9400        10.42
      2.9410        10.45
      2.9420        10.45
      2.9430        10.41
      2.9440        10.39
      2.9450        10.43
      2.9460        10.35
      2.9470        10.37
      2.9480        10.35
      2.9490        10.28
      2.9500        10.28
      2.9510        10.22
      2.9520        10.16
      2.9530        10.19
      2.9540        10.18
      2.9550        10.18
      2.9560        10.18
      2.9570        10.11
      2.9580        10.08
      2.9590        10.12
      2.9600        10.08
      2.9610        10.04
      2.9620        10.06
      2.9630        10.12
      2.9640        10.15
      2.9650        10.13
      2.9660        10.22
      2.9670        10.25
      2.9680        10.30
      2.9690        10.31
      2.9700        10.38
      2.9710        10.42
      2.9720        10.47
      2.9730        10.47
      2.9740        10.54
      2.9750        10.59
      2.9760        10.53
      2.9770        10.46
      2.9780        10.42
      2.9790        10.37
      2.9800        10.37
      2.9810        10.30
      2.9820        10.34
      2.9830        10.26
      2.9840        10.20
      2.9850        10.27
      2.9860        10.22
      2.9870        10.14
      2.9880         9.99
      2.9890        10.02
      2.9900        10.00
      2.9910        10.02
      2.9920        10.06
      2.9930        10.10
      2.9940        10.00
      2.9950         9.98
      2.9960        10.11
      2.9970        10.26
      2.9980        10.35
      2.9990        10.42
