        Time   Palpation Force
      0.0000         1.00
      0.0010         1.08
      0.0020         1.59
      0.0030         2.17
      0.0040         2.68
      0.0050         3.23
      0.0060         3.72
      0.0070         4.28
      0.0080         4.74
      0.0090         5.26
      0.0100         5.82
      0.0110         6.31
      0.0120         6.82
      0.0130         7.38
      0.0140         7.86
      0.0150         8.34
      0.0160         8.88
      0.0170         9.40
      0.0180         9.95
      0.0190        10.36
      0.0200        10.42
      0.0210        10.43
      0.0220        10.44
      0.0230        10.46
      0.0240        10.42
      0.0250        10.42
      0.0260        10.42
      0.0270        10.38
      0.0280        10.46
      0.0290        10.38
      0.0300        10.43
      0.0310        10.48
      0.0320        10.48
      0.0330        10.51
      0.0340        10.59
      0.0350        10.60
      0.0360        10.47
      0.0370        10.44
      0.0380        10.36
      0.0390        10.48
      0.0400        10.43
      0.0410        10.36
      0.0420        10.36
      0.0430        10.28
      0.0440        10.36
      0.0450        10.36
      0.0460        10.34
      0.0470        10.34
      0.0480        10.29
      0.0490        10.44
      0.0500        10.32
      0.0510        10.28
      0.0520        10.28
      0.0530        10.20
      0.0540        10.18
      0.0550        10.24
      0.0560        10.32
      0.0570        10.34
      0.0580        10.44
      0.0590        10.41
      0.0600        10.44
      0.0610        10.49
      0.0620        10.50
      0.0630        10.56
      0.0640        10.56
      0.0650        10.53
      0.0660        10.59
      0.0670        10.62
      0.0680        10.69
      0.0690        10.55
      0.0700        10.54
      0.0710        10.57
      0.0720        10.55
      0.0730        10.58
      0.0740        10.58
      0.0750        10.51
      0.0760        10.55
      0.0770        10.46
      0.0780        10.43
      0.0790        10.42
      0.0800        10.38
      0.0810        10.38
      0.0820        10.39
      0.0830        10.41
      0.0840        10.45
      0.0850        10.47
      0.0860        10.46
      0.0870        10.54
      0.0880        10.49
      0.0890        10.58
      0.0900        10.56
      0.0910        10.60
      0.0920        10.60
      0.0930        10.62
      0.0940        10.57
      0.0950        10.58
      0.0960        10.53
      0.0970        10.64
      0.0980        10.65
      0.0990        10.68
      0.1000        10.64
      0.1010        10.50
      0.1020        10.34
      0.1030        10.20
      0.1040        10.17
      0.1050        10.13
      0.1060        10.12
      0.1070         9.96
      0.1080        10.00
      0.1090         9.92
      0.1100        10.05
      0.1110        10.08
      0.1120        10.13
      0.1130        10.12
      0.1140        10.12
      0.1150        10.09
      0.1160        10.13
      0.1170        10.13
      0.1180        10.14
      0.1190        10.18
      0.1200        10.26
      0.1210        10.45
      0.1220        10.62
      0.1230        10.69
      0.1240        10.70
      0.1250        10.80
      0.1260        10.80
      0.1270        10.81
      0.1280        10.84
      0.1290        10.88
      0.1300        10.81
      0.1310        10.74
      0.1320        10.72
      0.1330        10.65
      0.1340        10.72
      0.1350        10.82
      0.1360        10.74
      0.1370        10.73
      0.1380        10.72
      0.1390        10.65
      0.1400        10.64
      0.1410        10.53
      0.1420        10.54
      0.1430        10.61
      0.1440        10.52
      0.1450        10.46
      0.1460        10.50
      0.1470        10.60
      0.1480        10.60
      0.1490        10.61
      0.1500        10.62
      0.1510        10.64
      0.1520        10.68
      0.1530        10.77
      0.1540        10.78
      0.1550        10.72
      0.1560        10.77
      0.1570        10.74
      0.1580        10.68
      0.1590        10.62
      0.1600        10.65
      0.1610        10.64
      0.1620        10.57
      0.1630        10.45
      0.1640        10.52
      0.1650        10.57
      0.1660        10.49
      0.1670        10.42
      0.1680        10.40
      0.1690        10.36
      0.1700        10.33
      0.1710        10.28
      0.1720        10.25
      0.1730        10.17
      0.1740        10.10
      0.1750        10.05
      0.1760        10.03
      0.1770        10.03
      0.1780        10.07
      0.1790        10.13
      0.1800        10.13
      0.1810        10.14
      0.1820        10.17
      0.1830        10.23
      0.1840        10.14
      0.1850        10.06
      0.1860        10.09
      0.1870        10.06
      0.1880        10.01
      0.1890        10.01
      0.1900        10.01
      0.1910        10.01
      0.1920        10.05
      0.1930        10.05
      0.1940        10.06
      0.1950        10.14
      0.1960        10.19
      0.1970        10.19
      0.1980        10.14
      0.1990        10.18
      0.2000        10.15
      0.2010        10.14
      0.2020        10.17
      0.2030        10.17
      0.2040        10.22
      0.2050        10.22
      0.2060        10.22
      0.2070        10.29
      0.2080        10.26
      0.2090        10.31
      0.2100        10.34
      0.2110        10.41
      0.2120        10.39
      0.2130        10.49
      0.2140        10.51
      0.2150        10.54
      0.2160        10.53
      0.2170        10.53
      0.2180        10.55
      0.2190        10.53
      0.2200        10.49
      0.2210        10.46
      0.2220        10.43
      0.2230        10.43
      0.2240        10.39
      0.2250        10.46
      0.2260        10.45
      0.2270        10.46
      0.2280        10.54
      0.2290        10.47
      0.2300        10.54
      0.2310        10.49
      0.2320        10.42
      0.2330        10.33
      0.2340        10.33
      0.2350        10.23
      0.2360        10.22
      0.2370        10.23
      0.2380        10.33
      0.2390        10.40
      0.2400        10.41
      0.2410        10.46
      0.2420        10.49
      0.2430        10.52
      0.2440        10.65
      0.2450        10.61
      0.2460        10.65
      0.2470        10.57
      0.2480        10.53
      0.2490        10.58
      0.2500        10.49
      0.2510        10.53
      0.2520        10.51
      0.2530        10.53
      0.2540        10.47
      0.2550        10.53
      0.2560        10.52
      0.2570        10.56
      0.2580        10.52
      0.2590        10.45
      0.2600        10.53
      0.2610        10.53
      0.2620        10.56
      0.2630        10.54
      0.2640        10.50
      0.2650        10.53
      0.2660        10.58
      0.2670        10.65
      0.2680        10.68
      0.2690        10.70
      0.2700        10.72
      0.2710        10.66
      0.2720        10.73
      0.2730        10.74
      0.2740        10.81
      0.2750        10.82
      0.2760        10.89
      0.2770        10.82
      0.2780        10.76
      0.2790        10.74
      0.2800        10.74
      0.2810        10.69
      0.2820        10.65
      0.2830        10.65
      0.2840        10.56
      0.2850        10.54
      0.2860        10.50
      0.2870        10.45
      0.2880        10.46
      0.2890        10.46
      0.2900        10.45
      0.2910        10.50
      0.2920        10.46
      0.2930        10.49
      0.2940        10.46
      0.2950        10.39
      0.2960        10.37
      0.2970        10.42
      0.2980        10.57
      0.2990        10.63
      0.3000        10.59
      0.3010        10.67
      0.3020        10.75
      0.3030        10.78
      0.3040        10.83
      0.3050        10.75
      0.3060        10.70
      0.3070        10.74
      0.3080        10.63
      0.3090        10.61
      0.3100        10.57
      0.3110        10.57
      0.3120        10.57
      0.3130        10.57
      0.3140        10.58
      0.3150        10.64
      0.3160        10.62
      0.3170        10.66
      0.3180        10.58
      0.3190        10.53
      0.3200        10.54
      0.3210        10.50
      0.3220        10.44
      0.3230        10.48
      0.3240        10.46
      0.3250        10.53
      0.3260        10.66
      0.3270        10.68
      0.3280        10.82
      0.3290        10.85
      0.3300        10.88
      0.3310        10.86
      0.3320        10.92
      0.3330        10.88
      0.3340        10.86
      0.3350        10.84
      0.3360        10.85
      0.3370        10.77
      0.3380        10.77
      0.3390        10.77
      0.3400        10.74
      0.3410        10.73
      0.3420        10.76
      0.3430        10.68
      0.3440        10.72
      0.3450        10.66
      0.3460        10.56
      0.3470        10.53
      0.3480        10.50
      0.3490        10.46
      0.3500        10.52
      0.3510        10.57
      0.3520        10.54
      0.3530        10.52
      0.3540        10.54
      0.3550        10.62
      0.3560        10.57
      0.3570        10.57
      0.3580        10.52
      0.3590        10.54
      0.3600        10.53
      0.3610        10.57
      0.3620        10.56
      0.3630        10.50
      0.3640        10.49
      0.3650        10.53
      0.3660        10.58
      0.3670        10.60
      0.3680        10.61
      0.3690        10.65
      0.3700        10.64
      0.3710        10.49
      0.3720        10.50
      0.3730        10.48
      0.3740        10.41
      0.3750        10.39
      0.3760        10.41
      0.3770        10.43
      0.3780        10.46
      0.3790        10.51
      0.3800        10.58
      0.3810        10.63
      0.3820        10.62
      0.3830        10.69
      0.3840        10.74
      0.3850        10.77
      0.3860        10.78
      0.3870        10.78
      0.3880        10.82
      0.3890        10.74
      0.3900        10.70
      0.3910        10.75
      0.3920        10.66
      0.3930        10.69
      0.3940        10.73
      0.3950        10.70
      0.3960        10.72
      0.3970        10.70
      0.3980        10.68
      0.3990        10.64
      0.4000        10.52
      0.4010        10.43
      0.4020        10.37
      0.4030        10.35
      0.4040        10.29
      0.4050        10.30
      0.4060        10.21
      0.4070        10.21
      0.4080        10.13
      0.4090        10.19
      0.4100        10.29
      0.4110        10.35
      0.4120        10.54
      0.4130        10.58
      0.4140        10.67
      0.4150        10.63
      0.4160        10.59
      0.4170        10.66
      0.4180        10.69
      0.4190        10.69
      0.4200        10.74
      0.4210        10.71
      0.4220        10.68
      0.4230        10.68
      0.4240        10.68
      0.4250        10.63
      0.4260        10.66
      0.4270        10.63
      0.4280        10.60
      0.4290        10.58
      0.4300        10.44
      0.4310        10.44
      0.4320        10.32
      0.4330        10.27
      0.4340        10.23
      0.4350        10.23
      0.4360        10.31
      0.4370        10.29
      0.4380        10.27
      0.4390        10.21
      0.4400        10.25
      0.4410        10.32
      0.4420        10.37
      0.4430        10.39
      0.4440        10.41
      0.4450        10.95
      0.4460        10.95
      0.4470        10.97
      0.4480        10.47
      0.4490        10.50
      0.4500        10.55
      0.4510        10.54
      0.4520        10.59
      0.4530        10.66
      0.4540        10.56
      0.4550        10.58
      0.4560        10.58
      0.4570        10.46
      0.4580        10.51
      0.4590        10.56
      0.4600        10.48
      0.4610        10.44
      0.4620        10.37
      0.4630        10.40
      0.4640        10.35
      0.4650        10.36
      0.4660        10.43
      0.4670        10.47
      0.4680        10.52
      0.4690        10.56
      0.4700        10.61
      0.4710        10.60
      0.4720        10.61
      0.4730        10.63
      0.4740        10.67
      0.4750        10.63
      0.4760        10.61
      0.4770        10.68
      0.4780        10.63
      0.4790        10.60
      0.4800        10.61
      0.4810        10.60
      0.4820        10.71
      0.4830        10.68
      0.4840        10.65
      0.4850        10.61
      0.4860        10.55
      0.4870        10.43
      0.4880        10.31
      0.4890        10.23
      0.4900        10.13
      0.4910        10.15
      0.4920        10.03
      0.4930         9.97
      0.4940         9.95
      0.4950        10.04
      0.4960        10.01
      0.4970        10.05
      0.4980        10.09
      0.4990        10.13
      0.5000        10.20
      0.5010        10.27
      0.5020        10.16
      0.5030        10.12
      0.5040        10.16
      0.5050        10.15
      0.5060        10.14
      0.5070        10.24
      0.5080        10.24
      0.5090        10.22
      0.5100        10.26
      0.5110        10.19
      0.5120        10.23
      0.5130        10.23
      0.5140        10.22
      0.5150        10.12
      0.5160        10.12
      0.5170        10.08
      0.5180        10.05
      0.5190        10.04
      0.5200        10.00
      0.5210         9.96
      0.5220         9.99
      0.5230         9.95
      0.5240         9.95
      0.5250        10.00
      0.5260        10.06
      0.5270         9.96
      0.5280        10.03
      0.5290        10.08
      0.5300        10.20
      0.5310        10.22
      0.5320        10.28
      0.5330        10.26
      0.5340        10.35
      0.5350        10.39
      0.5360        10.38
      0.5370        10.35
      0.5380        10.32
      0.5390        10.31
      0.5400        10.27
      0.5410        10.24
      0.5420        10.23
      0.5430        10.34
      0.5440        10.38
      0.5450        10.31
      0.5460        10.24
      0.5470        10.24
      0.5480        10.21
      0.5490        10.24
      0.5500        10.13
      0.5510        10.12
      0.5520        10.08
      0.5530        10.14
      0.5540        10.10
      0.5550        10.15
      0.5560        10.15
      0.5570        10.23
      0.5580        10.32
      0.5590        10.24
      0.5600        10.31
      0.5610        10.36
      0.5620        10.43
      0.5630        10.43
      0.5640        10.42
      0.5650        10.54
      0.5660        10.58
      0.5670        10.64
      0.5680        10.64
      0.5690        10.63
      0.5700        10.62
      0.5710        10.68
      0.5720        10.63
      0.5730        10.75
      0.5740        10.74
      0.5750        10.74
      0.5760        10.71
      0.5770        10.65
      0.5780        10.55
      0.5790        10.59
      0.5800        10.58
      0.5810        10.58
      0.5820        10.57
      0.5830        10.53
      0.5840        10.58
      0.5850        10.51
      0.5860        10.58
      0.5870        10.59
      0.5880        10.63
      0.5890        10.66
      0.5900        10.67
      0.5910        10.70
      0.5920        10.71
      0.5930        10.58
      0.5940        10.58
      0.5950        10.52
      0.5960        10.62
      0.5970        10.62
      0.5980        10.59
      0.5990        10.62
      0.6000        10.60
      0.6010        10.56
      0.6020        10.58
      0.6030        10.60
      0.6040        10.59
      0.6050        10.64
      0.6060        10.59
      0.6070        10.56
      0.6080        10.58
      0.6090        10.58
      0.6100        10.58
      0.6110        10.55
      0.6120        10.66
      0.6130        10.70
      0.6140        10.75
      0.6150        10.78
      0.6160        10.78
      0.6170        10.85
      0.6180        10.98
      0.6190        10.98
      0.6200        10.99
      0.6210        10.98
      0.6220        10.99
      0.6230        10.99
      0.6240        10.90
      0.6250        10.83
      0.6260        10.86
      0.6270        10.86
      0.6280        10.79
      0.6290        10.72
      0.6300        10.72
      0.6310        10.68
      0.6320        10.56
      0.6330        10.51
      0.6340        10.39
      0.6350        10.31
      0.6360        10.27
      0.6370        10.26
      0.6380        10.20
      0.6390        10.22
      0.6400        10.23
      0.6410        10.25
      0.6420        10.33
      0.6430        10.38
      0.6440        10.43
      0.6450        10.42
      0.6460        10.49
      0.6470        10.51
      0.6480        10.64
      0.6490        10.64
      0.6500        10.64
      0.6510        10.62
      0.6520        10.69
      0.6530        10.70
      0.6540        10.77
      0.6550        10.85
      0.6560        10.88
      0.6570        10.86
      0.6580        10.78
      0.6590        10.72
      0.6600        10.73
      0.6610        10.66
      0.6620        10.54
      0.6630        10.38
      0.6640        10.29
      0.6650        10.22
      0.6660        10.11
      0.6670        10.05
      0.6680         9.99
      0.6690         9.99
      0.6700        10.01
      0.6710        10.02
      0.6720        10.01
      0.6730        10.02
      0.6740        10.13
      0.6750        10.10
      0.6760        10.06
      0.6770        10.01
      0.6780        10.10
      0.6790        10.16
      0.6800        10.19
      0.6810        10.30
      0.6820        10.31
      0.6830        10.34
      0.6840        10.42
      0.6850        10.50
      0.6860        10.48
      0.6870        10.48
      0.6880        10.39
      0.6890        10.39
      0.6900        10.36
      0.6910        10.42
      0.6920        10.38
      0.6930        10.36
      0.6940        10.28
      0.6950        10.26
      0.6960        10.24
      0.6970        10.27
      0.6980        10.31
      0.6990        10.32
      0.7000        10.27
      0.7010        10.24
      0.7020        10.31
      0.7030        10.39
      0.7040        10.38
      0.7050        10.39
      0.7060        10.47
      0.7070        10.50
      0.7080        10.60
      0.7090        10.64
      0.7100        10.64
      0.7110        10.59
      0.7120        10.63
      0.7130        10.67
      0.7140        10.62
      0.7150        10.63
      0.7160        10.62
      0.7170        10.58
      0.7180        10.52
      0.7190        10.48
      0.7200        10.44
      0.7210        10.42
      0.7220        10.32
      0.7230        10.28
      0.7240        10.32
      0.7250        10.24
      0.7260        10.18
      0.7270        10.14
      0.7280        10.07
      0.7290        10.10
      0.7300        10.06
      0.7310        10.03
      0.7320        10.07
      0.7330         9.96
      0.7340         9.94
      0.7350         9.98
      0.7360        10.02
      0.7370        10.06
      0.7380        10.00
      0.7390        10.07
      0.7400        10.10
      0.7410        10.11
      0.7420        10.10
      0.7430        10.11
      0.7440        10.12
      0.7450        10.16
      0.7460        10.18
      0.7470        10.26
      0.7480        10.33
      0.7490        10.27
      0.7500        10.29
      0.7510        10.31
      0.7520        10.26
      0.7530        10.29
      0.7540        10.31
      0.7550        10.27
      0.7560        10.25
      0.7570        10.23
      0.7580        10.30
      0.7590        10.26
      0.7600        10.33
      0.7610        10.31
      0.7620        10.33
      0.7630        10.37
      0.7640        10.29
      0.7650        10.30
      0.7660        10.29
      0.7670        10.31
      0.7680        10.33
      0.7690        10.34
      0.7700        10.42
      0.7710        10.41
      0.7720        10.35
      0.7730        10.43
      0.7740        10.41
      0.7750        10.45
      0.7760        10.45
      0.7770        10.46
      0.7780        10.46
      0.7790        10.45
      0.7800        10.33
      0.7810        10.31
      0.7820        10.33
      0.7830        10.25
      0.7840        10.28
      0.7850        10.24
      0.7860        10.23
      0.7870        10.19
      0.7880        10.11
      0.7890        10.14
      0.7900        10.14
      0.7910        10.15
      0.7920        10.16
      0.7930        10.18
      0.7940        10.22
      0.7950        10.23
      0.7960        10.28
      0.7970        10.30
      0.7980        10.28
      0.7990        10.28
      0.8000        10.31
      0.8010        10.34
      0.8020        10.26
      0.8030        10.36
      0.8040        10.38
      0.8050        10.39
      0.8060        10.43
      0.8070        10.42
      0.8080        10.40
      0.8090        10.40
      0.8100        10.35
      0.8110        10.36
      0.8120        10.39
      0.8130        10.38
      0.8140        10.35
      0.8150        10.31
      0.8160        10.26
      0.8170        10.27
      0.8180        10.25
      0.8190        10.30
      0.8200        10.37
      0.8210        10.41
      0.8220        10.49
      0.8230        10.42
      0.8240        10.41
      0.8250        10.49
      0.8260        10.51
      0.8270        10.55
      0.8280        10.55
      0.8290        10.55
      0.8300        10.55
      0.8310        10.51
      0.8320        10.57
      0.8330        10.57
      0.8340        10.54
      0.8350        10.55
      0.8360        10.53
      0.8370        10.45
      0.8380        10.47
      0.8390        10.38
      0.8400        10.32
      0.8410        10.23
      0.8420        10.27
      0.8430        10.31
      0.8440        10.32
      0.8450        10.24
      0.8460        10.20
      0.8470        10.22
      0.8480        10.29
      0.8490        10.33
      0.8500        10.36
      0.8510        10.47
      0.8520        10.48
      0.8530        10.44
      0.8540        10.47
      0.8550        10.47
      0.8560        10.54
      0.8570        10.62
      0.8580        10.60
      0.8590        10.62
      0.8600        10.62
      0.8610        10.63
      0.8620        10.62
      0.8630        10.54
      0.8640        10.46
      0.8650        10.43
      0.8660        10.43
      0.8670        10.39
      0.8680        10.35
      0.8690        10.28
      0.8700        10.22
      0.8710        10.11
      0.8720        10.02
      0.8730         9.98
      0.8740         9.98
      0.8750         9.99
      0.8760        10.02
      0.8770        10.00
      0.8780        10.04
      0.8790        10.10
      0.8800        10.18
      0.8810        10.24
      0.8820        10.26
      0.8830        10.39
      0.8840        10.44
      0.8850        10.54
      0.8860        10.53
      0.8870        10.49
      0.8880        10.51
      0.8890        10.50
      0.8900        10.57
      0.8910        10.63
      0.8920        10.67
      0.8930        10.63
      0.8940        10.65
      0.8950        10.51
      0.8960        10.48
      0.8970        10.46
      0.8980        10.40
      0.8990        10.36
      0.9000        10.26
      0.9010        10.16
      0.9020        10.12
      0.9030        10.07
      0.9040        10.02
      0.9050         9.96
      0.9060        10.00
      0.9070        10.07
      0.9080        10.10
      0.9090        10.08
      0.9100         9.97
      0.9110         9.93
      0.9120         9.88
      0.9130        10.04
      0.9140        10.08
      0.9150        10.17
      0.9160        10.24
      0.9170        10.35
      0.9180        10.40
      0.9190        10.40
      0.9200        10.46
      0.9210        10.50
      0.9220        10.54
      0.9230        10.47
      0.9240        10.47
      0.9250        10.47
      0.9260        10.42
      0.9270        10.34
      0.9280        10.34
      0.9290        10.39
      0.9300        10.50
      0.9310        10.51
      0.9320        10.61
      0.9330        10.47
      0.9340        10.45
      0.9350        10.45
      0.9360        10.31
      0.9370        10.29
      0.9380        10.34
      0.9390        10.41
      0.9400        10.47
      0.9410        10.54
      0.9420        10.51
      0.9430        10.59
      0.9440        10.70
      0.9450        10.71
      0.9460        10.79
      0.9470        10.77
      0.9480        10.70
      0.9490        10.66
      0.9500        10.62
      0.9510        10.62
      0.9520        10.54
      0.9530        10.63
      0.9540        10.61
      0.9550        10.65
      0.9560        10.69
      0.9570        10.66
      0.9580        10.50
      0.9590        10.42
      0.9600        10.28
      0.9610        10.26
      0.9620        10.23
      0.9630        10.15
      0.9640        10.11
      0.9650        10.18
      0.9660        10.00
      0.9670        10.12
      0.9680        10.14
      0.9690        10.18
      0.9700        10.22
      0.9710        10.22
      0.9720        10.22
      0.9730        10.18
      0.9740        10.26
      0.9750        10.24
      0.9760        10.27
      0.9770        10.22
      0.9780        10.30
      0.9790        10.33
      0.9800        10.42
      0.9810        10.41
      0.9820        10.41
      0.9830        10.42
      0.9840        10.41
      0.9850        10.26
      0.9860        10.35
      0.9870        10.27
      0.9880        10.24
      0.9890        10.14
      0.9900        10.11
      0.9910        10.07
      0.9920        10.08
      0.9930        10.15
      0.9940        10.11
      0.9950        10.14
      0.9960        10.14
      0.9970        10.24
      0.9980        10.28
      0.9990        10.24
      1.0000        10.22
      1.0010        10.23
      1.0020        10.30
      1.0030        10.36
      1.0040        10.38
      1.0050        10.45
      1.0060        10.45
      1.0070        10.49
      1.0080        10.58
      1.0090        10.65
      1.0100        10.62
      1.0110        10.66
      1.0120        10.66
      1.0130        10.70
      1.0140        10.62
      1.0150        10.53
      1.0160        10.47
      1.0170        10.35
      1.0180        10.27
      1.0190        10.30
      1.0200        10.34
      1.0210        10.34
      1.0220        10.25
      1.0230        10.22
      1.0240        10.27
      1.0250        10.29
      1.0260        10.31
      1.0270        10.29
      1.0280        10.26
      1.0290        10.25
      1.0300        10.29
      1.0310        10.26
      1.0320        10.34
      1.0330        10.21
      1.0340        10.23
      1.0350        10.25
      1.0360        10.26
      1.0370        10.33
      1.0380        10.33
      1.0390        10.34
      1.0400        10.30
      1.0410        10.27
      1.0420        10.31
      1.0430        10.30
      1.0440        10.30
      1.0450        10.33
      1.0460        10.38
      1.0470        10.49
      1.0480        11.05
      1.0490        11.27
      1.0500        11.98
      1.0510        12.22
      1.0520        12.27
      1.0530        12.63
      1.0540        12.97
      1.0550        13.29
      1.0560        13.50
      1.0570        13.79
      1.0580        14.12
      1.0590        14.30
      1.0600        14.50
      1.0610        14.74
      1.0620        14.85
      1.0630        15.04
      1.0640        15.21
      1.0650        15.41
      1.0660        15.55
      1.0670        15.75
      1.0680        15.84
      1.0690        15.83
      1.0700        15.70
      1.0710        15.67
      1.0720        15.71
      1.0730        15.63
      1.0740        15.55
      1.0750        15.49
      1.0760        15.52
      1.0770        15.41
      1.0780        15.39
      1.0790        15.37
      1.0800        15.29
      1.0810        15.19
      1.0820        15.20
      1.0830        15.14
      1.0840        15.09
      1.0850        14.96
      1.0860        14.96
      1.0870        14.78
      1.0880        14.76
      1.0890        14.68
      1.0900        14.74
      1.0910        14.66
      1.0920        14.64
      1.0930        14.54
      1.0940        14.49
      1.0950        14.42
      1.0960        14.29
      1.0970        14.11
      1.0980        14.00
      1.0990        13.93
      1.1000        13.78
      1.1010        13.80
      1.1020        13.80
      1.1030        13.75
      1.1040        13.63
      1.1050        13.56
      1.1060        13.43
      1.1070        13.44
      1.1080        13.38
      1.1090        13.47
      1.1100        13.43
      1.1110        13.44
      1.1120        13.51
      1.1130        13.52
      1.1140        13.54
      1.1150        13.62
      1.1160        13.60
      1.1170        13.68
      1.1180        13.74
      1.1190        13.89
      1.1200        14.05
      1.1210        14.10
      1.1220        14.10
      1.1230        14.14
      1.1240        14.14
      1.1250        14.28
      1.1260        14.34
      1.1270        14.39
      1.1280        14.37
      1.1290        14.36
      1.1300        14.32
      1.1310        14.35
      1.1320        14.40
      1.1330        14.47
      1.1340        14.51
      1.1350        14.60
      1.1360        14.63
      1.1370        14.75
      1.1380        14.91
      1.1390        14.80
      1.1400        14.88
      1.1410        14.81
      1.1420        14.93
      1.1430        14.97
      1.1440        15.15
      1.1450        15.21
      1.1460        15.21
      1.1470        15.34
      1.1480        15.61
      1.1490        15.71
      1.1500        15.88
      1.1510        15.96
      1.1520        16.02
      1.1530        16.00
      1.1540        16.07
      1.1550        15.93
      1.1560        16.00
      1.1570        16.00
      1.1580        15.91
      1.1590        16.01
      1.1600        16.00
      1.1610        16.07
      1.1620        16.10
      1.1630        16.15
      1.1640        16.07
      1.1650        16.14
      1.1660        16.23
      1.1670        16.17
      1.1680        16.11
      1.1690        16.12
      1.1700        16.20
      1.1710        16.29
      1.1720        16.21
      1.1730        16.26
      1.1740        16.36
      1.1750        16.45
      1.1760        16.58
      1.1770        16.69
      1.1780        16.74
      1.1790        16.77
      1.1800        16.78
      1.1810        16.88
      1.1820        16.96
      1.1830        17.05
      1.1840        17.09
      1.1850        17.02
      1.1860        17.08
      1.1870        17.16
      1.1880        17.16
      1.1890        17.13
      1.1900        17.13
      1.1910        17.11
      1.1920        17.18
      1.1930        17.24
      1.1940        17.22
      1.1950        17.28
      1.1960        17.19
      1.1970        17.20
      1.1980        17.28
      1.1990        17.47
      1.2000        17.47
      1.2010        17.47
      1.2020        17.41
      1.2030        17.42
      1.2040        17.46
      1.2050        17.60
      1.2060        17.66
      1.2070        17.73
      1.2080        17.78
      1.2090        18.00
      1.2100        18.00
      1.2110        18.08
      1.2120        18.13
      1.2130        18.19
      1.2140        18.16
      1.2150        18.28
      1.2160        18.43
      1.2170        18.43
      1.2180        18.47
      1.2190        18.38
      1.2200        18.44
      1.2210        18.55
      1.2220        18.53
      1.2230        18.55
      1.2240        18.58
      1.2250        18.59
      1.2260        18.53
      1.2270        18.63
      1.2280        18.61
      1.2290        18.55
      1.2300        18.65
      1.2310        18.73
      1.2320        18.85
      1.2330        18.91
      1.2340        19.03
      1.2350        18.92
      1.2360        19.00
      1.2370        18.94
      1.2380        18.95
      1.2390        19.04
      1.2400        19.03
      1.2410        19.00
      1.2420        19.10
      1.2430        19.07
      1.2440        19.08
      1.2450        19.03
      1.2460        19.11
      1.2470        19.02
      1.2480        19.03
      1.2490        18.97
      1.2500        19.02
      1.2510        18.94
      1.2520        18.88
      1.2530        18.89
      1.2540        18.97
      1.2550        19.12
      1.2560        19.13
      1.2570        19.40
      1.2580        19.46
      1.2590        19.55
      1.2600        19.69
      1.2610        19.79
      1.2620        19.91
      1.2630        20.02
      1.2640        20.14
      1.2650        20.18
      1.2660        20.28
      1.2670        20.38
      1.2680        20.52
      1.2690        20.56
      1.2700        20.55
      1.2710        20.62
      1.2720        20.55
      1.2730        20.51
      1.2740        20.45
      1.2750        20.37
      1.2760        20.33
      1.2770        20.22
      1.2780        20.22
      1.2790        20.17
      1.2800        20.18
      1.2810        20.11
      1.2820        20.00
      1.2830        19.92
      1.2840        19.97
      1.2850        20.15
      1.2860        20.25
      1.2870        20.24
      1.2880        20.27
      1.2890        20.41
      1.2900        20.40
      1.2910        20.46
      1.2920        20.63
      1.2930        20.79
      1.2940        20.89
      1.2950        21.07
      1.2960        21.12
      1.2970        21.16
      1.2980        21.16
      1.2990        21.20
      1.3000        21.25
      1.3010        21.29
      1.3020        21.34
      1.3030        21.49
      1.3040        21.41
      1.3050        21.40
      1.3060        21.44
      1.3070        21.51
      1.3080        21.53
      1.3090        21.52
      1.3100        21.66
      1.3110        21.71
      1.3120        21.72
      1.3130        21.76
      1.3140        21.86
      1.3150        21.95
      1.3160        22.04
      1.3170        22.08
      1.3180        22.21
      1.3190        22.25
      1.3200        22.39
      1.3210        22.47
      1.3220        22.56
      1.3230        22.65
      1.3240        22.85
      1.3250        22.91
      1.3260        22.85
      1.3270        22.87
      1.3280        22.89
      1.3290        22.91
      1.3300        22.95
      1.3310        22.96
      1.3320        23.02
      1.3330        23.00
      1.3340        22.96
      1.3350        22.90
      1.3360        22.84
      1.3370        22.87
      1.3380        22.84
      1.3390        22.92
      1.3400        22.86
      1.3410        22.90
      1.3420        22.96
      1.3430        22.94
      1.3440        23.01
      1.3450        23.09
      1.3460        23.12
      1.3470        23.27
      1.3480        23.34
      1.3490        23.44
      1.3500        23.44
      1.3510        23.52
      1.3520        23.52
      1.3530        23.63
      1.3540        23.74
      1.3550        23.84
      1.3560        24.04
      1.3570        24.11
      1.3580        24.15
      1.3590        24.11
      1.3600        24.19
      1.3610        24.22
      1.3620        24.18
      1.3630        24.18
      1.3640        24.15
      1.3650        24.13
      1.3660        24.22
      1.3670        24.21
      1.3680        24.30
      1.3690        24.30
      1.3700        24.26
      1.3710        24.28
      1.3720        24.34
      1.3730        24.34
      1.3740        24.23
      1.3750        24.22
      1.3760        24.29
      1.3770        24.36
      1.3780        24.50
      1.3790        24.62
      1.3800        24.66
      1.3810        24.83
      1.3820        25.03
      1.3830        25.14
      1.3840        25.14
      1.3850        25.27
      1.3860        25.22
      1.3870        25.27
      1.3880        25.27
      1.3890        25.34
      1.3900        25.43
      1.3910        25.45
      1.3920        25.49
      1.3930        25.54
      1.3940        25.62
      1.3950        25.65
      1.3960        25.51
      1.3970        25.45
      1.3980        25.40
      1.3990        25.33
      1.4000        25.29
      1.4010        25.27
      1.4020        25.28
      1.4030        25.39
      1.4040        25.49
      1.4050        25.48
      1.4060        25.65
      1.4070        25.73
      1.4080        25.77
      1.4090        25.84
      1.4100        26.04
      1.4110        26.17
      1.4120        26.23
      1.4130        26.28
      1.4140        26.44
      1.4150        26.44
      1.4160        26.55
      1.4170        26.56
      1.4180        26.63
      1.4190        26.68
      1.4200        26.82
      1.4210        26.79
      1.4220        26.79
      1.4230        26.64
      1.4240        26.66
      1.4250        26.67
      1.4260        26.60
      1.4270        26.62
      1.4280        26.64
      1.4290        26.68
      1.4300        26.65
      1.4310        26.59
      1.4320        26.71
      1.4330        26.80
      1.4340        26.81
      1.4350        26.93
      1.4360        26.97
      1.4370        27.04
      1.4380        27.13
      1.4390        27.22
      1.4400        27.30
      1.4410        27.38
      1.4420        27.45
      1.4430        27.65
      1.4440        27.76
      1.4450        27.96
      1.4460        28.08
      1.4470        28.04
      1.4480        28.17
      1.4490        28.13
      1.4500        28.09
      1.4510        28.11
      1.4520        28.03
      1.4530        27.91
      1.4540        27.88
      1.4550        27.88
      1.4560        28.03
      1.4570        28.10
      1.4580        28.12
      1.4590        28.14
      1.4600        28.09
      1.4610        28.13
      1.4620        28.23
      1.4630        28.23
      1.4640        28.25
      1.4650        28.17
      1.4660        28.17
      1.4670        28.25
      1.4680        28.13
      1.4690        28.30
      1.4700        28.37
      1.4710        28.49
      1.4720        28.54
      1.4730        28.70
      1.4740        28.81
      1.4750        28.91
      1.4760        28.88
      1.4770        28.86
      1.4780        28.89
      1.4790        29.01
      1.4800        29.04
      1.4810        29.01
      1.4820        28.92
      1.4830        28.91
      1.4840        28.92
      1.4850        28.96
      1.4860        29.03
      1.4870        29.06
      1.4880        29.07
      1.4890        29.07
      1.4900        29.12
      1.4910        29.11
      1.4920        29.16
      1.4930        29.15
      1.4940        29.12
      1.4950        29.22
      1.4960        29.28
      1.4970        29.32
      1.4980        29.29
      1.4990        29.30
      1.5000        29.38
      1.5010        29.43
      1.5020        29.54
      1.5030        29.58
      1.5040        29.57
      1.5050        29.59
      1.5060        29.53
      1.5070        29.42
      1.5080        29.53
      1.5090        29.44
      1.5100        29.38
      1.5110        29.44
      1.5120        29.57
      1.5130        29.59
      1.5140        29.65
      1.5150        29.57
      1.5160        29.63
      1.5170        29.67
      1.5180        29.82
      1.5190        29.89
      1.5200        29.93
      1.5210        29.99
      1.5220        29.94
      1.5230        30.03
      1.5240        30.11
      1.5250        30.20
      1.5260        30.42
      1.5270        30.63
      1.5280        30.71
      1.5290        30.88
      1.5300        31.08
      1.5310        31.18
      1.5320        31.04
      1.5330        31.11
      1.5340        31.09
      1.5350        31.18
      1.5360        31.09
      1.5370        31.22
      1.5380        31.22
      1.5390        31.11
      1.5400        31.15
      1.5410        31.23
      1.5420        31.25
      1.5430        31.18
      1.5440        31.27
      1.5450        31.27
      1.5460        31.22
      1.5470        31.34
      1.5480        31.38
      1.5490        31.36
      1.5500        31.26
      1.5510        31.35
      1.5520        31.65
      1.5530        31.75
      1.5540        31.94
      1.5550        31.93
      1.5560        32.13
      1.5570        32.22
      1.5580        32.34
      1.5590        32.61
      1.5600        32.65
      1.5610        32.75
      1.5620        32.93
      1.5630        33.02
      1.5640        32.97
      1.5650        32.98
      1.5660        33.10
      1.5670        33.16
      1.5680        33.24
      1.5690        33.37
      1.5700        33.46
      1.5710        33.45
      1.5720        33.35
      1.5730        33.37
      1.5740        33.35
      1.5750        33.47
      1.5760        33.51
      1.5770        33.56
      1.5780        33.56
      1.5790        33.49
      1.5800        33.55
      1.5810        33.56
      1.5820        33.68
      1.5830        33.72
      1.5840        33.92
      1.5850        34.05
      1.5860        34.04
      1.5870        34.01
      1.5880        34.07
      1.5890        34.10
      1.5900        34.26
      1.5910        34.29
      1.5920        34.46
      1.5930        34.51
      1.5940        34.54
      1.5950        34.54
      1.5960        34.54
      1.5970        34.47
      1.5980        34.57
      1.5990        34.59
      1.6000        34.66
      1.6010        34.68
      1.6020        34.63
      1.6030        34.81
      1.6040        34.84
      1.6050        34.86
      1.6060        34.89
      1.6070        34.92
      1.6080        34.88
      1.6090        34.92
      1.6100        34.89
      1.6110        34.97
      1.6120        34.97
      1.6130        35.08
      1.6140        35.09
      1.6150        35.12
      1.6160        35.14
      1.6170        35.29
      1.6180        35.25
      1.6190        35.30
      1.6200        35.37
      1.6210        35.38
      1.6220        35.34
      1.6230        35.34
      1.6240        35.32
      1.6250        35.29
      1.6260        35.36
      1.6270        35.37
      1.6280        35.43
      1.6290        35.42
      1.6300        35.35
      1.6310        35.43
      1.6320        35.47
      1.6330        35.47
      1.6340        35.61
      1.6350        35.70
      1.6360        35.81
      1.6370        35.75
      1.6380        35.85
      1.6390        35.92
      1.6400        35.92
      1.6410        36.00
      1.6420        36.04
      1.6430        35.96
      1.6440        36.00
      1.6450        36.11
      1.6460        36.07
      1.6470        36.16
      1.6480        36.09
      1.6490        36.14
      1.6500        36.26
      1.6510        36.16
      1.6520        36.06
      1.6530        36.10
      1.6540        35.98
      1.6550        36.00
      1.6560        35.85
      1.6570        35.81
      1.6580        35.71
      1.6590        35.74
      1.6600        35.72
      1.6610        35.66
      1.6620        35.71
      1.6630        35.86
      1.6640        35.81
      1.6650        35.70
      1.6660        35.71
      1.6670        35.70
      1.6680        35.82
      1.6690        35.87
      1.6700        35.86
      1.6710        35.95
      1.6720        36.02
      1.6730        36.03
      1.6740        36.11
      1.6750        36.16
      1.6760        36.20
      1.6770        36.25
      1.6780        36.35
      1.6790        36.27
      1.6800        36.25
      1.6810        36.29
      1.6820        36.28
      1.6830        36.26
      1.6840        36.23
      1.6850        36.29
      1.6860        36.18
      1.6870        36.18
      1.6880        36.19
      1.6890        36.15
      1.6900        36.10
      1.6910        36.13
      1.6920        36.07
      1.6930        36.02
      1.6940        36.02
      1.6950        35.91
      1.6960        35.94
      1.6970        35.94
      1.6980        35.97
      1.6990        36.14
      1.7000        36.13
      1.7010        36.15
      1.7020        36.15
      1.7030        36.08
      1.7040        36.23
      1.7050        36.25
      1.7060        36.38
      1.7070        36.29
      1.7080        36.28
      1.7090        36.25
      1.7100        36.28
      1.7110        36.31
      1.7120        36.26
      1.7130        36.07
      1.7140        35.93
      1.7150        35.92
      1.7160        35.99
      1.7170        36.07
      1.7180        36.00
      1.7190        35.71
      1.7200        35.68
      1.7210        35.67
      1.7220        35.64
      1.7230        35.63
      1.7240        35.62
      1.7250        35.62
      1.7260        35.70
      1.7270        35.75
      1.7280        35.71
      1.7290        35.71
      1.7300        35.77
      1.7310        35.67
      1.7320        35.76
      1.7330        35.93
      1.7340        36.09
      1.7350        36.17
      1.7360        35.97
      1.7370        35.94
      1.7380        35.85
      1.7390        35.92
      1.7400        36.07
      1.7410        35.99
      1.7420        36.03
      1.7430        36.03
      1.7440        35.92
      1.7450        35.82
      1.7460        35.78
      1.7470        35.71
      1.7480        35.58
      1.7490        35.47
      1.7500        35.32
      1.7510        35.28
      1.7520        35.26
      1.7530        35.20
      1.7540        35.07
      1.7550        34.91
      1.7560        34.99
      1.7570        34.96
      1.7580        34.93
      1.7590        34.91
      1.7600        34.73
      1.7610        34.68
      1.7620        34.62
      1.7630        34.54
      1.7640        34.42
      1.7650        34.35
      1.7660        34.15
      1.7670        34.10
      1.7680        34.13
      1.7690        34.06
      1.7700        34.02
      1.7710        33.95
      1.7720        33.80
      1.7730        33.64
      1.7740        33.52
      1.7750        33.39
      1.7760        33.30
      1.7770        33.11
      1.7780        33.03
      1.7790        32.92
      1.7800        32.77
      1.7810        32.71
      1.7820        32.51
      1.7830        32.38
      1.7840        32.33
      1.7850        32.28
      1.7860        32.15
      1.7870        32.09
      1.7880        31.89
      1.7890        31.79
      1.7900        31.67
      1.7910        31.44
      1.7920        31.21
      1.7930        31.08
      1.7940        30.97
      1.7950        30.95
      1.7960        30.73
      1.7970        30.66
      1.7980        30.45
      1.7990        30.33
      1.8000        30.17
      1.8010        30.05
      1.8020        29.87
      1.8030        29.74
      1.8040        29.51
      1.8050        29.36
      1.8060        29.16
      1.8070        28.87
      1.8080        28.58
      1.8090        28.48
      1.8100        28.22
      1.8110        28.14
      1.8120        27.97
      1.8130        27.88
      1.8140        27.69
      1.8150        27.47
      1.8160        27.30
      1.8170        27.06
      1.8180        26.98
      1.8190        26.68
      1.8200        26.55
      1.8210        26.34
      1.8220        26.16
      1.8230        26.06
      1.8240        25.93
      1.8250        25.75
      1.8260        25.69
      1.8270        25.50
      1.8280        25.40
      1.8290        25.11
      1.8300        24.98
      1.8310        24.69
      1.8320        24.52
      1.8330        24.27
      1.8340        24.10
      1.8350        23.83
      1.8360        23.67
      1.8370        23.50
      1.8380        23.15
      1.8390        23.09
      1.8400        22.85
      1.8410        22.61
      1.8420        22.45
      1.8430        22.13
      1.8440        21.92
      1.8450        21.63
      1.8460        21.35
      1.8470        21.17
      1.8480        21.12
      1.8490        20.97
      1.8500        20.83
      1.8510        20.77
      1.8520        20.81
      1.8530        20.64
      1.8540        20.50
      1.8550        20.47
      1.8560        20.35
      1.8570        20.15
      1.8580        20.05
      1.8590        19.91
      1.8600        19.75
      1.8610        19.60
      1.8620        19.53
      1.8630        19.46
      1.8640        19.20
      1.8650        19.00
      1.8660        18.95
      1.8670        18.84
      1.8680        18.56
      1.8690        18.36
      1.8700        18.21
      1.8710        18.08
      1.8720        17.80
      1.8730        17.80
      1.8740        17.68
      1.8750        17.62
      1.8760        17.45
      1.8770        17.42
      1.8780        17.36
      1.8790        17.16
      1.8800        17.19
      1.8810        17.11
      1.8820        16.91
      1.8830        16.84
      1.8840        16.76
      1.8850        16.76
      1.8860        16.55
      1.8870        16.43
      1.8880        16.30
      1.8890        16.22
      1.8900        16.06
      1.8910        15.94
      1.8920        15.86
      1.8930        15.64
      1.8940        15.45
      1.8950        15.24
      1.8960        15.18
      1.8970        14.94
      1.8980        14.82
      1.8990        14.80
      1.9000        14.68
      1.9010        14.53
      1.9020        14.45
      1.9030        14.35
      1.9040        14.20
      1.9050        14.12
      1.9060        14.12
      1.9070        14.08
      1.9080        14.13
      1.9090        13.97
      1.9100        13.95
      1.9110        13.85
      1.9120        13.77
      1.9130        13.71
      1.9140        13.72
      1.9150        13.60
      1.9160        13.48
      1.9170        13.45
      1.9180        13.41
      1.9190        13.28
      1.9200        13.15
      1.9210        13.10
      1.9220        13.02
      1.9230        12.96
      1.9240        13.02
      1.9250        13.04
      1.9260        12.90
      1.9270        12.76
      1.9280        12.60
      1.9290        12.63
      1.9300        12.63
      1.9310        12.56
      1.9320        12.47
      1.9330        12.45
      1.9340        11.83
      1.9350        11.84
      1.9360        11.90
      1.9370        11.93
      1.9380        11.90
      1.9390        11.96
      1.9400        11.93
      1.9410        11.93
      1.9420        11.91
      1.9430        11.83
      1.9440        11.79
      1.9450        11.67
      1.9460        11.59
      1.9470        11.53
      1.9480        11.42
      1.9490        10.90
      1.9500        10.85
      1.9510        10.78
      1.9520        10.71
      1.9530        10.63
      1.9540        10.63
      1.9550        10.61
      1.9560        10.58
      1.9570        10.46
      1.9580        10.38
      1.9590        10.38
      1.9600        10.33
      1.9610        10.27
      1.9620        10.31
      1.9630        10.33
      1.9640        10.31
      1.9650        10.30
      1.9660        10.38
      1.9670        10.39
      1.9680        10.50
      1.9690        10.44
      1.9700        10.42
      1.9710        10.49
      1.9720        10.50
      1.9730        10.41
      1.9740        10.37
      1.9750        10.38
      1.9760        10.34
      1.9770        10.37
      1.9780        10.40
      1.9790        10.30
      1.9800        10.29
      1.9810        10.29
      1.9820        10.26
      1.9830        10.21
      1.9840        10.26
      1.9850        10.28
      1.9860        10.30
      1.9870        10.29
      1.9880        10.28
      1.9890        10.37
      1.9900        10.40
      1.9910        10.34
      1.9920        10.35
      1.9930        10.42
      1.9940        10.45
      1.9950        10.41
      1.9960        10.42
      1.9970        10.41
      1.9980        10.43
      1.9990        10.54
      2.0000        10.57
      2.0010        10.49
      2.0020        10.50
      2.0030        10.49
      2.0040        10.43
      2.0050        10.38
      2.0060        10.33
      2.0070        10.29
      2.0080        10.23
      2.0090        10.20
      2.0100        10.18
      2.0110        10.20
      2.0120        10.19
      2.0130        10.14
      2.0140        10.18
      2.0150        10.22
      2.0160        10.15
      2.0170        10.18
      2.0180        10.19
      2.0190        10.21
      2.0200        10.19
      2.0210        10.27
      2.0220        10.31
      2.0230        10.39
      2.0240        10.47
      2.0250        10.49
      2.0260        10.57
      2.0270        10.57
      2.0280        10.63
      2.0290        10.61
      2.0300        10.65
      2.0310        10.63
      2.0320        10.61
      2.0330        10.63
      2.0340        10.55
      2.0350        10.49
      2.0360        10.51
      2.0370        10.53
      2.0380        10.53
      2.0390        10.46
      2.0400        10.47
      2.0410        10.47
      2.0420        10.46
      2.0430        10.42
      2.0440        10.37
      2.0450        10.39
      2.0460        10.30
      2.0470        10.34
      2.0480        10.30
      2.0490        10.33
      2.0500        10.30
      2.0510        10.39
      2.0520        10.50
      2.0530        10.57
      2.0540        10.65
      2.0550        10.69
      2.0560        10.75
      2.0570        10.71
      2.0580        10.77
      2.0590        10.77
      2.0600        10.77
      2.0610        10.69
      2.0620        10.62
      2.0630        10.61
      2.0640        10.58
      2.0650        10.58
      2.0660        10.57
      2.0670        10.50
      2.0680        10.50
      2.0690        10.45
      2.0700        10.41
      2.0710        10.31
      2.0720        10.25
      2.0730        10.19
      2.0740        10.14
      2.0750        10.10
      2.0760        10.07
      2.0770        10.02
      2.0780         9.97
      2.0790         9.98
      2.0800         9.97
      2.0810        10.05
      2.0820        10.10
      2.0830        10.17
      2.0840        10.26
      2.0850        10.23
      2.0860        10.26
      2.0870        10.33
      2.0880        10.30
      2.0890        10.41
      2.0900        10.50
      2.0910        10.46
      2.0920        10.50
      2.0930        10.45
      2.0940        10.43
      2.0950        10.50
      2.0960        10.48
      2.0970        10.52
      2.0980        10.56
      2.0990        10.60
      2.1000        10.53
      2.1010        10.50
      2.1020        10.52
      2.1030        10.41
      2.1040        10.38
      2.1050        10.40
      2.1060        10.45
      2.1070        10.45
      2.1080        10.53
      2.1090        10.50
      2.1100        10.45
      2.1110        10.52
      2.1120        10.53
      2.1130        10.62
      2.1140        10.68
      2.1150        10.66
      2.1160        10.74
      2.1170        10.73
      2.1180        10.69
      2.1190        10.57
      2.1200        10.62
      2.1210        10.64
      2.1220        10.62
      2.1230        10.62
      2.1240        10.60
      2.1250        10.56
      2.1260        10.49
      2.1270        10.42
      2.1280        10.43
      2.1290        10.36
      2.1300        10.27
      2.1310        10.25
      2.1320        10.23
      2.1330        10.14
      2.1340        10.10
      2.1350        10.07
      2.1360        10.07
      2.1370        10.13
      2.1380        10.13
      2.1390        10.22
      2.1400        10.22
      2.1410        10.22
      2.1420        10.23
      2.1430        10.25
      2.1440        10.31
      2.1450        10.38
      2.1460        10.43
      2.1470        10.46
      2.1480        10.42
      2.1490        10.49
      2.1500        10.53
      2.1510        10.58
      2.1520        10.53
      2.1530        10.57
      2.1540        10.61
      2.1550        10.58
      2.1560        10.57
      2.1570        10.53
      2.1580        10.51
      2.1590        10.47
      2.1600        10.45
      2.1610        10.45
      2.1620        10.49
      2.1630        10.53
      2.1640        10.45
      2.1650        10.41
      2.1660        10.39
      2.1670        10.42
      2.1680        10.31
      2.1690        10.34
      2.1700        10.43
      2.1710        10.41
      2.1720        10.39
      2.1730        10.47
      2.1740        10.45
      2.1750        10.60
      2.1760        10.60
      2.1770        10.57
      2.1780        10.57
      2.1790        10.61
      2.1800        10.65
      2.1810        10.64
      2.1820        10.57
      2.1830        10.52
      2.1840        10.52
      2.1850        10.61
      2.1860        10.59
      2.1870        10.48
      2.1880        10.60
      2.1890        10.49
      2.1900        10.43
      2.1910        10.37
      2.1920        10.32
      2.1930        10.15
      2.1940        10.15
      2.1950        10.05
      2.1960        10.03
      2.1970        10.10
      2.1980        10.12
      2.1990        10.15
      2.2000        10.14
      2.2010        10.16
      2.2020        10.16
      2.2030        10.19
      2.2040        10.18
      2.2050        10.15
      2.2060        10.11
      2.2070        10.16
      2.2080        10.07
      2.2090        10.11
      2.2100        10.07
      2.2110        10.11
      2.2120        10.21
      2.2130        10.25
      2.2140        10.25
      2.2150        10.15
      2.2160        10.13
      2.2170        10.09
      2.2180        10.05
      2.2190         9.93
      2.2200         9.95
      2.2210         9.81
      2.2220         9.85
      2.2230         9.85
      2.2240         9.92
      2.2250         9.92
      2.2260         9.97
      2.2270        10.00
      2.2280        10.09
      2.2290        10.11
      2.2300        10.25
      2.2310        10.23
      2.2320        10.35
      2.2330        10.44
      2.2340        10.39
      2.2350        10.46
      2.2360        10.46
      2.2370        10.51
      2.2380        10.54
      2.2390        10.59
      2.2400        10.63
      2.2410        10.75
      2.2420        10.72
      2.2430        10.71
      2.2440        10.64
      2.2450        10.63
      2.2460        10.52
      2.2470        10.51
      2.2480        10.43
      2.2490        10.33
      2.2500        10.24
      2.2510        10.28
      2.2520        10.15
      2.2530        10.13
      2.2540        10.17
      2.2550        10.09
      2.2560        10.12
      2.2570        10.10
      2.2580        10.14
      2.2590        10.20
      2.2600        10.15
      2.2610        10.10
      2.2620        10.19
      2.2630        10.27
      2.2640        10.25
      2.2650        10.22
      2.2660        10.32
      2.2670        10.33
      2.2680        10.42
      2.2690        10.55
      2.2700        10.44
      2.2710        10.38
      2.2720        10.36
      2.2730        10.37
      2.2740        10.37
      2.2750        10.52
      2.2760        10.48
      2.2770        10.44
      2.2780        10.46
      2.2790        10.48
      2.2800        10.49
      2.2810        10.50
      2.2820        10.42
      2.2830        10.45
      2.2840        10.51
      2.2850        10.52
      2.2860        10.55
      2.2870        10.55
      2.2880        10.52
      2.2890        10.48
      2.2900        10.64
      2.2910        10.72
      2.2920        10.77
      2.2930        10.79
      2.2940        10.81
      2.2950        10.73
      2.2960        10.79
      2.2970        10.83
      2.2980        10.71
      2.2990        10.73
      2.3000        10.73
      2.3010        10.72
      2.3020        10.73
      2.3030        10.64
      2.3040        10.67
      2.3050        10.61
      2.3060        10.61
      2.3070        10.56
      2.3080        10.47
      2.3090        10.49
      2.3100        10.40
      2.3110        10.33
      2.3120        10.32
      2.3130        10.26
      2.3140        10.28
      2.3150        10.32
      2.3160        10.30
      2.3170        10.32
      2.3180        10.37
      2.3190        10.33
      2.3200        10.30
      2.3210        10.29
      2.3220        10.24
      2.3230        10.29
      2.3240        10.26
      2.3250        10.25
      2.3260        10.18
      2.3270        10.21
      2.3280        10.30
      2.3290        10.25
      2.3300        10.22
      2.3310        10.26
      2.3320        10.18
      2.3330        10.20
      2.3340        10.16
      2.3350        10.13
      2.3360        10.06
      2.3370        10.05
      2.3380        10.02
      2.3390        10.00
      2.3400        10.04
      2.3410        10.08
      2.3420        10.09
      2.3430        10.13
      2.3440        10.13
      2.3450        10.12
      2.3460        10.21
      2.3470        10.26
      2.3480        10.30
      2.3490        10.36
      2.3500        10.47
      2.3510        10.41
      2.3520        10.49
      2.3530        10.57
      2.3540        10.61
      2.3550        10.60
      2.3560        10.58
      2.3570        10.57
      2.3580        10.48
      2.3590        10.49
      2.3600        10.46
      2.3610        10.42
      2.3620        10.41
      2.3630        10.39
      2.3640        10.33
      2.3650        10.40
      2.3660        10.33
      2.3670        10.32
      2.3680        10.29
      2.3690        10.25
      2.3700        10.18
      2.3710        10.23
      2.3720        10.17
      2.3730        10.10
      2.3740        10.10
      2.3750        10.13
      2.3760        10.21
      2.3770        10.21
      2.3780        10.35
      2.3790        10.32
      2.3800        10.36
      2.3810        10.40
      2.3820        10.44
      2.3830        10.37
      2.3840        10.33
      2.3850        10.29
      2.3860        10.29
      2.3870        10.22
      2.3880        10.17
      2.3890        10.20
      2.3900        10.21
      2.3910        10.21
      2.3920        10.24
      2.3930        10.21
      2.3940        10.14
      2.3950        10.14
      2.3960        10.13
      2.3970        10.10
      2.3980        10.11
      2.3990        10.17
      2.4000        10.17
      2.4010        10.20
      2.4020        10.21
      2.4030        10.28
      2.4040        10.35
      2.4050        10.41
      2.4060        10.48
      2.4070        10.61
      2.4080        10.61
      2.4090        10.64
      2.4100        10.61
      2.4110        10.64
      2.4120        10.63
      2.4130        10.71
      2.4140        10.77
      2.4150        10.77
      2.4160        10.76
      2.4170        10.80
      2.4180        10.73
      2.4190        10.65
      2.4200        10.60
      2.4210        10.51
      2.4220        10.47
      2.4230        10.39
      2.4240        10.41
      2.4250        10.40
      2.4260        10.32
      2.4270        10.19
      2.4280        10.21
      2.4290        10.21
      2.4300        10.25
      2.4310        10.28
      2.4320        10.25
      2.4330        10.20
      2.4340        10.19
      2.4350        10.21
      2.4360        10.23
      2.4370        10.24
      2.4380        10.29
      2.4390        10.27
      2.4400        10.28
      2.4410        10.32
      2.4420        10.28
      2.4430        10.31
      2.4440        10.28
      2.4450        10.20
      2.4460        10.20
      2.4470        10.20
      2.4480        10.20
      2.4490        10.20
      2.4500        10.15
      2.4510        10.09
      2.4520        10.08
      2.4530        10.08
      2.4540        10.01
      2.4550         9.99
      2.4560        10.01
      2.4570         9.99
      2.4580         9.93
      2.4590         9.98
      2.4600         9.96
      2.4610        10.03
      2.4620        10.07
      2.4630        10.03
      2.4640        10.10
      2.4650        10.20
      2.4660        10.24
      2.4670        10.35
      2.4680        10.35
      2.4690        10.36
      2.4700        10.42
      2.4710        10.39
      2.4720        10.46
      2.4730        10.43
      2.4740        10.47
      2.4750        10.44
      2.4760        10.32
      2.4770        10.27
      2.4780        10.27
      2.4790        10.24
      2.4800        10.20
      2.4810        10.14
      2.4820        10.15
      2.4830        10.20
      2.4840        10.22
      2.4850        10.16
      2.4860        10.16
      2.4870        10.14
      2.4880        10.14
      2.4890        10.11
      2.4900        10.14
      2.4910        10.15
      2.4920        10.20
      2.4930        10.23
      2.4940        10.22
      2.4950        10.24
      2.4960        10.31
      2.4970        10.34
      2.4980        10.39
      2.4990        10.43
      2.5000        10.44
      2.5010        10.44
      2.5020        10.46
      2.5030        10.46
      2.5040        10.40
      2.5050        10.39
      2.5060        10.40
      2.5070        10.32
      2.5080        10.30
      2.5090        10.20
      2.5100        10.18
      2.5110        10.15
      2.5120        10.07
      2.5130        10.03
      2.5140        10.07
      2.5150        10.03
      2.5160        10.03
      2.5170        10.06
      2.5180        10.03
      2.5190        10.10
      2.5200        10.16
      2.5210        10.16
      2.5220        10.18
      2.5230        10.22
      2.5240        10.15
      2.5250        10.24
      2.5260        10.20
      2.5270        10.20
      2.5280        10.19
      2.5290        10.24
      2.5300        10.26
      2.5310        10.32
      2.5320        10.39
      2.5330        10.44
      2.5340        10.42
      2.5350        10.51
      2.5360        10.54
      2.5370        10.50
      2.5380        10.44
      2.5390        10.44
      2.5400        10.39
      2.5410        10.44
      2.5420        10.36
      2.5430        10.34
      2.5440        10.35
      2.5450        10.30
      2.5460        10.31
      2.5470        10.40
      2.5480        10.42
      2.5490        10.43
      2.5500        10.43
      2.5510        10.51
      2.5520        10.52
      2.5530        10.51
      2.5540        10.51
      2.5550        10.44
      2.5560        10.44
      2.5570        10.52
      2.5580        10.57
      2.5590        10.55
      2.5600        10.62
      2.5610        10.63
      2.5620        10.74
      2.5630        10.70
      2.5640        10.74
      2.5650        10.70
      2.5660        10.75
      2.5670        10.72
      2.5680        10.71
      2.5690        10.68
      2.5700        10.67
      2.5710        10.59
      2.5720        10.56
      2.5730        10.51
      2.5740        10.52
      2.5750        10.51
      2.5760        10.59
      2.5770        10.63
      2.5780        10.64
      2.5790        10.62
      2.5800        10.62
      2.5810        10.59
      2.5820        10.56
      2.5830        10.52
      2.5840        10.60
      2.5850        10.68
      2.5860        10.63
      2.5870        10.60
      2.5880        10.60
      2.5890        10.56
      2.5900        10.51
      2.5910        10.43
      2.5920        10.36
      2.5930        10.47
      2.5940        10.40
      2.5950        10.45
      2.5960        10.36
      2.5970        10.23
      2.5980        10.21
      2.5990        10.17
      2.6000        10.12
      2.6010        10.08
      2.6020        10.11
      2.6030        10.19
      2.6040        10.08
      2.6050         9.97
      2.6060         9.99
      2.6070        10.00
      2.6080        10.07
      2.6090        10.17
      2.6100        10.21
      2.6110        10.31
      2.6120        10.40
      2.6130        10.37
      2.6140        10.44
      2.6150        10.40
      2.6160        10.43
      2.6170        10.48
      2.6180        10.48
      2.6190        10.51
      2.6200        10.53
      2.6210        10.60
      2.6220        10.49
      2.6230        10.48
      2.6240        10.49
      2.6250        10.47
      2.6260        10.52
      2.6270        10.51
      2.6280        10.43
      2.6290        10.43
      2.6300        10.46
      2.6310        10.43
      2.6320        10.38
      2.6330        10.32
      2.6340        10.41
      2.6350        10.43
      2.6360        10.35
      2.6370        10.33
      2.6380        10.42
      2.6390        10.36
      2.6400        10.43
      2.6410        10.35
      2.6420        10.43
      2.6430        10.51
      2.6440        10.52
      2.6450        10.59
      2.6460        10.52
      2.6470        10.56
      2.6480        10.64
      2.6490        10.58
      2.6500        10.58
      2.6510        10.51
      2.6520        10.52
      2.6530        10.50
      2.6540        10.37
      2.6550        10.32
      2.6560        10.36
      2.6570        10.40
      2.6580        10.37
      2.6590        10.46
      2.6600        10.38
      2.6610        10.46
      2.6620        10.40
      2.6630        10.28
      2.6640        10.34
      2.6650        10.36
      2.6660        10.36
      2.6670        10.36
      2.6680        10.31
      2.6690        10.31
      2.6700        10.36
      2.6710        10.39
      2.6720        10.42
      2.6730        10.50
      2.6740        10.51
      2.6750        10.58
      2.6760        10.67
      2.6770        10.66
      2.6780        10.60
      2.6790        10.57
      2.6800        10.51
      2.6810        10.47
      2.6820        10.48
      2.6830        10.49
      2.6840        10.41
      2.6850        10.40
      2.6860        10.35
      2.6870        10.32
      2.6880        10.33
      2.6890        10.39
      2.6900        10.29
      2.6910        10.33
      2.6920        10.29
      2.6930        10.28
      2.6940        10.28
      2.6950        10.30
      2.6960        10.27
      2.6970        10.30
      2.6980        10.30
      2.6990        10.27
      2.7000        10.36
      2.7010        10.31
      2.7020        10.35
      2.7030        10.36
      2.7040        10.44
      2.7050        10.42
      2.7060        10.47
      2.7070        10.44
      2.7080        10.48
      2.7090        10.44
      2.7100        10.42
      2.7110        10.35
      2.7120        10.34
      2.7130        10.35
      2.7140        10.35
      2.7150        10.28
      2.7160        10.27
      2.7170        10.24
      2.7180        10.23
      2.7190        10.20
      2.7200        10.15
      2.7210        10.26
      2.7220        10.27
      2.7230        10.23
      2.7240        10.23
      2.7250        10.32
      2.7260        10.32
      2.7270        10.39
      2.7280        10.37
      2.7290        10.45
      2.7300        10.48
      2.7310        10.53
      2.7320        10.56
      2.7330        10.53
      2.7340        10.49
      2.7350        10.55
      2.7360        10.47
      2.7370        10.51
      2.7380        10.51
      2.7390        10.60
      2.7400        10.63
      2.7410        10.60
      2.7420        10.56
      2.7430        10.53
      2.7440        10.45
      2.7450        10.47
      2.7460        10.45
      2.7470        10.49
      2.7480        10.49
      2.7490        10.43
      2.7500        10.41
      2.7510        10.43
      2.7520        10.44
      2.7530        10.41
      2.7540        10.51
      2.7550        10.53
      2.7560        10.63
      2.7570        10.64
      2.7580        10.79
      2.7590        10.67
      2.7600        10.72
      2.7610        10.71
      2.7620        10.72
      2.7630        10.80
      2.7640        10.87
      2.7650        10.77
      2.7660        10.84
      2.7670        10.71
      2.7680        10.68
      2.7690        10.65
      2.7700        10.68
      2.7710        10.60
      2.7720        10.60
      2.7730        10.63
      2.7740        10.59
      2.7750        10.55
      2.7760        10.49
      2.7770        10.41
      2.7780        10.29
      2.7790        10.36
      2.7800        10.36
      2.7810        10.35
      2.7820        10.36
      2.7830        10.32
      2.7840        10.28
      2.7850        10.36
      2.7860        10.39
      2.7870        10.43
      2.7880        10.46
      2.7890        10.47
      2.7900        10.48
      2.7910        10.54
      2.7920        10.52
      2.7930        10.55
      2.7940        10.51
      2.7950        10.48
      2.7960        10.44
      2.7970        10.40
      2.7980        10.48
      2.7990        10.42
      2.8000        10.38
      2.8010        10.39
      2.8020        10.36
      2.8030        10.39
      2.8040        10.40
      2.8050        10.30
      2.8060        10.22
      2.8070        10.24
      2.8080        10.26
      2.8090        10.28
      2.8100        10.24
      2.8110        10.26
      2.8120        10.28
      2.8130        10.27
      2.8140        10.33
      2.8150        10.40
      2.8160        10.41
      2.8170        10.52
      2.8180        10.48
      2.8190        10.52
      2.8200        10.53
      2.8210        10.50
      2.8220        10.50
      2.8230        10.48
      2.8240        10.46
      2.8250        10.48
      2.8260        10.48
      2.8270        10.47
      2.8280        10.42
      2.8290        10.36
      2.8300        10.42
      2.8310        10.42
      2.8320        10.31
      2.8330        10.24
      2.8340        10.19
      2.8350        10.15
      2.8360        10.14
      2.8370        10.12
      2.8380        10.07
      2.8390        10.10
      2.8400        10.08
      2.8410        10.18
      2.8420        10.22
      2.8430        10.27
      2.8440        10.31
      2.8450        10.34
      2.8460        10.39
      2.8470        10.39
      2.8480        10.44
      2.8490        10.46
      2.8500        10.51
      2.8510        10.50
      2.8520        10.56
      2.8530        10.63
      2.8540        10.63
      2.8550        10.67
      2.8560        10.76
      2.8570        10.68
      2.8580        10.67
      2.8590        10.68
      2.8600        10.67
      2.8610        10.59
      2.8620        10.56
      2.8630        10.50
      2.8640        10.48
      2.8650        10.43
      2.8660        10.40
      2.8670        10.46
      2.8680        10.44
      2.8690        10.51
      2.8700        10.46
      2.8710        10.46
      2.8720        10.54
      2.8730        10.56
      2.8740        10.63
      2.8750        10.63
      2.8760        10.60
      2.8770        10.62
      2.8780        10.70
      2.8790        10.66
      2.8800        10.70
      2.8810        10.75
      2.8820        10.76
      2.8830        10.74
      2.8840        10.72
      2.8850        10.72
      2.8860        10.68
      2.8870        10.63
      2.8880        10.58
      2.8890        10.59
      2.8900        10.55
      2.8910        10.51
      2.8920        10.43
      2.8930        10.36
      2.8940        10.36
      2.8950        10.34
      2.8960        10.32
      2.8970        10.35
      2.8980        10.28
      2.8990        10.27
      2.9000        10.18
      2.9010        10.15
      2.9020        10.22
      2.9030        10.30
      2.9040        10.38
      2.9050        10.46
      2.9060        10.58
      2.9070        10.64
      2.9080        10.71
      2.9090        10.62
      2.9100        10.62
      2.9110        10.71
      2.9120        10.75
      2.9130        10.78
      2.9140        10.70
      2.9150        10.63
      2.9160        10.55
      2.9170        10.59
      2.9180        10.59
      2.9190        10.68
      2.9200        10.68
      2.9210        10.62
      2.9220        10.55
      2.9230        10.51
      2.9240        10.46
      2.9250        10.47
      2.9260        10.32
      2.9270        10.30
      2.9280        10.19
      2.9290        10.24
      2.9300        10.29
      2.9310        10.23
      2.9320        10.26
      2.9330        10.24
      2.9340        10.30
      2.9350        10.34
      2.9360        10.39
      2.9370        10.30
      2.9380        10.34
      2.9390        10.27
      2.9400        10.31
      2.9410        10.39
      2.9420        10.45
      2.9430        10.46
      2.9440        10.43
      2.9450        10.45
      2.9460        10.42
      2.9470        10.41
      2.9480        10.47
      2.9490        10.46
      2.9500        10.46
      2.9510        10.50
      2.9520        10.43
      2.9530        10.43
      2.9540        10.39
      2.9550        10.49
      2.9560        10.48
      2.9570        10.51
      2.9580        10.47
      2.9590        10.48
      2.9600        10.54
      2.9610        10.60
      2.9620        10.51
      2.9630        10.54
      2.9640        10.52
      2.9650        10.48
      2.9660        10.59
      2.9670        10.63
      2.9680        10.67
      2.9690        10.63
      2.9700        10.58
      2.9710        10.60
      2.9720        10.63
      2.9730        10.68
      2.9740        10.71
      2.9750        10.63
      2.9760        10.58
      2.9770        10.62
      2.9780        10.64
      2.9790        10.59
      2.9800        10.48
      2.9810        10.43
      2.9820        10.39
      2.9830        10.32
      2.9840        10.36
      2.9850        10.39
      2.9860        10.38
      2.9870        10.32
      2.9880        10.27
      2.9890        10.38
      2.9900        10.41
      2.9910        10.40
      2.9920        10.43
      2.9930        10.41
      2.9940        10.41
      2.9950        10.36
      2.9960        10.46
      2.9970        10.41
      2.9980        10.40
      2.9990        10.45
