        Time   Palpation Force
      0.0000         1.00
      0.0010         1.00
      0.0020         1.00
      0.0030         1.00
      0.0040         1.00
      0.0050         1.00
      0.0060         1.00
      0.0070         1.00
      0.0080         1.00
      0.0090         1.00
      0.0100         1.00
      0.0110         1.00
      0.0120         1.00
      0.0130         1.00
      0.0140         1.00
      0.0150         1.16
      0.0160         1.19
      0.0170         1.24
      0.0180         1.32
      0.0190         1.39
      0.0200         1.57
      0.0210         1.65
      0.0220         1.70
      0.0230         1.73
      0.0240         1.73
      0.0250         1.83
      0.0260         1.76
      0.0270         1.85
      0.0280         1.92
      0.0290         1.85
      0.0300         1.83
      0.0310         1.85
      0.0320         1.87
      0.0330         1.84
      0.0340         1.95
      0.0350         1.80
      0.0360         1.90
      0.0370         1.83
      0.0380         1.81
      0.0390         1.80
      0.0400         1.72
      0.0410         1.65
      0.0420         1.62
      0.0430         1.49
      0.0440         1.54
      0.0450         1.58
      0.0460         1.55
      0.0470         1.51
      0.0480         1.48
      0.0490         1.50
      0.0500         1.63
      0.0510         1.66
      0.0520         1.65
      0.0530         1.50
      0.0540         1.54
      0.0550         1.57
      0.0560         1.55
      0.0570         1.61
      0.0580         1.59
      0.0590         1.66
      0.0600         1.66
      0.0610         1.69
      0.0620         1.69
      0.0630         1.87
      0.0640         1.96
      0.0650         1.81
      0.0660         1.92
      0.0670         1.92
      0.0680         1.94
      0.0690         1.86
      0.0700         1.79
      0.0710         1.65
      0.0720         1.68
      0.0730         1.77
      0.0740         1.75
      0.0750         1.77
      0.0760         1.81
      0.0770         1.83
      0.0780         1.91
      0.0790         1.72
      0.0800         1.77
      0.0810         1.72
      0.0820         1.74
      0.0830         1.66
      0.0840         1.61
      0.0850         1.66
      0.0860         1.61
      0.0870         1.54
      0.0880         1.47
      0.0890         1.46
      0.0900         1.48
      0.0910         1.49
      0.0920         1.42
      0.0930         1.34
      0.0940         1.32
      0.0950         1.30
      0.0960         1.20
      0.0970         1.22
      0.0980         1.23
      0.0990         1.40
      0.1000         1.46
      0.1010         1.62
      0.1020         1.65
      0.1030         1.68
      0.1040         1.70
      0.1050         1.64
      0.1060         1.64
      0.1070         1.77
      0.1080         1.91
      0.1090         1.99
      0.1100         1.96
      0.1110         2.04
      0.1120         2.25
      0.1130         2.37
      0.1140         2.48
      0.1150         2.47
      0.1160         2.52
      0.1170         2.60
      0.1180         2.58
      0.1190         2.58
      0.1200         2.55
      0.1210         2.48
      0.1220         2.38
      0.1230         2.40
      0.1240         2.45
      0.1250         2.53
      0.1260         2.56
      0.1270         2.44
      0.1280         2.31
      0.1290         2.25
      0.1300         2.20
      0.1310         2.11
      0.1320         1.97
      0.1330         1.96
      0.1340         1.86
      0.1350         1.88
      0.1360         1.86
      0.1370         1.84
      0.1380         1.88
      0.1390         1.84
      0.1400         1.81
      0.1410         1.82
      0.1420         1.85
      0.1430         1.86
      0.1440         1.80
      0.1450         1.89
      0.1460         1.87
      0.1470         1.91
      0.1480         1.92
      0.1490         2.00
      0.1500         2.05
      0.1510         2.14
      0.1520         2.13
      0.1530         2.07
      0.1540         2.06
      0.1550         2.03
      0.1560         2.60
      0.1570         2.69
      0.1580         2.66
      0.1590         2.68
      0.1600         2.25
      0.1610         2.24
      0.1620         2.26
      0.1630         2.29
      0.1640         2.29
      0.1650         2.11
      0.1660         2.14
      0.1670         2.08
      0.1680         2.11
      0.1690         2.08
      0.1700         2.04
      0.1710         2.06
      0.1720         2.18
      0.1730         2.18
      0.1740         2.10
      0.1750         2.16
      0.1760         2.01
      0.1770         1.87
      0.1780         1.82
      0.1790         1.91
      0.1800         1.87
      0.1810         1.89
      0.1820         1.93
      0.1830         2.00
      0.1840         1.99
      0.1850         2.08
      0.1860         2.08
      0.1870         2.10
      0.1880         2.18
      0.1890         2.23
      0.1900         2.27
      0.1910         2.21
      0.1920         2.04
      0.1930         2.12
      0.1940         2.27
      0.1950         2.23
      0.1960         2.41
      0.1970         2.50
      0.1980         2.50
      0.1990         2.41
      0.2000         2.41
      0.2010         2.31
      0.2020         2.25
      0.2030         2.19
      0.2040         2.08
      0.2050         1.94
      0.2060         2.04
      0.2070         2.16
      0.2080         2.01
      0.2090         2.04
      0.2100         2.08
      0.2110         2.16
      0.2120         2.34
      0.2130         2.23
      0.2140         2.19
      0.2150         2.19
      0.2160         2.15
      0.2170         2.11
      0.2180         2.09
      0.2190         2.08
      0.2200         2.04
      0.2210         2.13
      0.2220         2.22
      0.2230         2.24
      0.2240         2.35
      0.2250         2.50
      0.2260         2.47
      0.2270         2.47
      0.2280         2.65
      0.2290         2.62
      0.2300         2.60
      0.2310         2.69
      0.2320         2.56
      0.2330         2.57
      0.2340         2.56
      0.2350         2.53
      0.2360         2.46
      0.2370         2.53
      0.2380         2.64
      0.2390         2.71
      0.2400         2.73
      0.2410         2.67
      0.2420         2.57
      0.2430         2.45
      0.2440         2.34
      0.2450         2.38
      0.2460         2.29
      0.2470         2.30
      0.2480         2.17
      0.2490         2.17
      0.2500         2.21
      0.2510         2.10
      0.2520         2.17
      0.2530         2.23
      0.2540         2.21
      0.2550         2.30
      0.2560         2.34
      0.2570         2.34
      0.2580         2.27
      0.2590         2.21
      0.2600         2.15
      0.2610         2.15
      0.2620         2.19
      0.2630         2.33
      0.2640         2.38
      0.2650         2.44
      0.2660         2.49
      0.2670         2.43
      0.2680         2.49
      0.2690         2.53
      0.2700         2.52
      0.2710         2.48
      0.2720         2.44
      0.2730         2.31
      0.2740         2.38
      0.2750         2.22
      0.2760         2.19
      0.2770         2.04
      0.2780         2.02
      0.2790         2.07
      0.2800         2.15
      0.2810         2.21
      0.2820         2.25
      0.2830         2.22
      0.2840         2.23
      0.2850         2.14
      0.2860         2.17
      0.2870         2.21
      0.2880         2.23
      0.2890         2.18
      0.2900         2.20
      0.2910         2.16
      0.2920         2.18
      0.2930         2.24
      0.2940         2.24
      0.2950         2.29
      0.2960         2.29
      0.2970         2.41
      0.2980         2.42
      0.2990         2.41
      0.3000         2.39
      0.3010         2.41
      0.3020         2.29
      0.3030         2.14
      0.3040         2.18
      0.3050         2.10
      0.3060         2.03
      0.3070         1.96
      0.3080         1.99
      0.3090         1.99
      0.3100         1.87
      0.3110         1.90
      0.3120         1.87
      0.3130         1.94
      0.3140         1.91
      0.3150         1.99
      0.3160         2.03
      0.3170         2.04
      0.3180         2.04
      0.3190         1.99
      0.3200         1.96
      0.3210         1.89
      0.3220         2.04
      0.3230         2.15
      0.3240         2.15
      0.3250         2.15
      0.3260         2.20
      0.3270         2.20
      0.3280         2.19
      0.3290         2.19
      0.3300         2.27
      0.3310         2.28
      0.3320         2.19
      0.3330         2.16
      0.3340         2.16
      0.3350         2.19
      0.3360         2.16
      0.3370         2.09
      0.3380         1.99
      0.3390         1.96
      0.3400         2.04
      0.3410         2.05
      0.3420         2.01
      0.3430         1.90
      0.3440         1.92
      0.3450         1.95
      0.3460         1.95
      0.3470         1.95
      0.3480         2.00
      0.3490         2.00
      0.3500         1.97
      0.3510         2.09
      0.3520         2.22
      0.3530         2.15
      0.3540         2.08
      0.3550         2.00
      0.3560         2.09
      0.3570         2.18
      0.3580         2.31
      0.3590         2.42
      0.3600         2.28
      0.3610         2.33
      0.3620         2.32
      0.3630         2.43
      0.3640         2.42
      0.3650         2.46
      0.3660         2.42
      0.3670         2.47
      0.3680         2.31
      0.3690         2.35
      0.3700         2.28
      0.3710         2.22
      0.3720         2.28
      0.3730         2.41
      0.3740         2.35
      0.3750         2.46
      0.3760         2.31
      0.3770         2.27
      0.3780         2.23
      0.3790         2.14
      0.3800         2.15
      0.3810         2.12
      0.3820         2.05
      0.3830         1.93
      0.3840         1.85
      0.3850         1.89
      0.3860         1.96
      0.3870         1.93
      0.3880         2.04
      0.3890         1.97
      0.3900         2.07
      0.3910         1.99
      0.3920         1.95
      0.3930         1.85
      0.3940         1.93
      0.3950         1.91
      0.3960         2.04
      0.3970         2.08
      0.3980         2.07
      0.3990         2.21
      0.4000         2.23
      0.4010         2.21
      0.4020         2.30
      0.4030         2.36
      0.4040         2.40
      0.4050         2.38
      0.4060         2.28
      0.4070         2.26
      0.4080         2.18
      0.4090         2.13
      0.4100         2.10
      0.4110         2.18
      0.4120         2.23
      0.4130         2.22
      0.4140         2.19
      0.4150         2.06
      0.4160         2.07
      0.4170         1.95
      0.4180         2.03
      0.4190         1.99
      0.4200         1.95
      0.4210         1.92
      0.4220         1.82
      0.4230         1.82
      0.4240         1.73
      0.4250         1.70
      0.4260         1.80
      0.4270         1.70
      0.4280         1.76
      0.4290         1.80
      0.4300         1.77
      0.4310         1.71
      0.4320         1.78
      0.4330         1.34
      0.4340         1.92
      0.4350         2.00
      0.4360         1.98
      0.4370         2.11
      0.4380         2.06
      0.4390         2.07
      0.4400         2.15
      0.4410         2.23
      0.4420         2.33
      0.4430         2.44
      0.4440         2.56
      0.4450         2.56
      0.4460         2.52
      0.4470         2.49
      0.4480         2.46
      0.4490         2.48
      0.4500         2.41
      0.4510         2.48
      0.4520         2.36
      0.4530         2.33
      0.4540         2.35
      0.4550         2.41
      0.4560         2.34
      0.4570         2.26
      0.4580         2.21
      0.4590         2.14
      0.4600         2.14
      0.4610         2.15
      0.4620         2.11
      0.4630         2.06
      0.4640         2.07
      0.4650         2.06
      0.4660         2.04
      0.4670         2.16
      0.4680         2.22
      0.4690         2.27
      0.4700         2.42
      0.4710         2.41
      0.4720         2.41
      0.4730         2.43
      0.4740         2.38
      0.4750         2.33
      0.4760         2.30
      0.4770         2.33
      0.4780         2.35
      0.4790         2.35
      0.4800         2.40
      0.4810         2.33
      0.4820         2.27
      0.4830         2.29
      0.4840         2.25
      0.4850         2.29
      0.4860         2.40
      0.4870         2.41
      0.4880         2.29
      0.4890         2.27
      0.4900         2.30
      0.4910         2.33
      0.4920         2.30
      0.4930         2.26
      0.4940         2.29
      0.4950         2.31
      0.4960         2.37
      0.4970         2.37
      0.4980         2.41
      0.4990         2.45
      0.5000         2.45
      0.5010         2.42
      0.5020         2.55
      0.5030         2.53
      0.5040         2.51
      0.5050         2.51
      0.5060         2.38
      0.5070         2.43
      0.5080         2.55
      0.5090         2.46
      0.5100         2.30
      0.5110         2.19
      0.5120         2.19
      0.5130         2.19
      0.5140         2.19
      0.5150         2.15
      0.5160         2.12
      0.5170         2.20
      0.5180         2.25
      0.5190         2.29
      0.5200         2.23
      0.5210         2.29
      0.5220         2.18
      0.5230         2.12
      0.5240         2.12
      0.5250         2.14
      0.5260         2.26
      0.5270         2.18
      0.5280         2.59
      0.5290         2.77
      0.5300         2.82
      0.5310         2.98
      0.5320         2.54
      0.5330         2.50
      0.5340         2.45
      0.5350         2.49
      0.5360         2.52
      0.5370         2.42
      0.5380         2.35
      0.5390         2.28
      0.5400         2.28
      0.5410         2.20
      0.5420         2.23
      0.5430         2.22
      0.5440         2.30
      0.5450         2.16
      0.5460         2.05
      0.5470         2.07
      0.5480         2.15
      0.5490         2.11
      0.5500         2.14
      0.5510         2.15
      0.5520         2.04
      0.5530         2.12
      0.5540         2.19
      0.5550         2.15
      0.5560         2.18
      0.5570         2.26
      0.5580         2.33
      0.5590         2.35
      0.5600         2.33
      0.5610         2.52
      0.5620         2.43
      0.5630         2.57
      0.5640         2.49
      0.5650         2.64
      0.5660         2.68
      0.5670         2.70
      0.5680         2.65
      0.5690         2.62
      0.5700         3.16
      0.5710         2.68
      0.5720         2.70
      0.5730         2.68
      0.5740         2.68
      0.5750         3.28
      0.5760         3.24
      0.5770         3.07
      0.5780         2.50
      0.5790         2.99
      0.5800         2.93
      0.5810         2.86
      0.5820         2.38
      0.5830         2.37
      0.5840         2.48
      0.5850         2.41
      0.5860         2.36
      0.5870         2.33
      0.5880         2.48
      0.5890         2.65
      0.5900         2.69
      0.5910         2.67
      0.5920         2.70
      0.5930         2.67
      0.5940         2.75
      0.5950         2.74
      0.5960         2.82
      0.5970         2.90
      0.5980         2.91
      0.5990         2.94
      0.6000         3.07
      0.6010         3.13
      0.6020         3.22
      0.6030         3.20
      0.6040         3.12
      0.6050         3.16
      0.6060         3.26
      0.6070         3.26
      0.6080         3.25
      0.6090         3.17
      0.6100         3.20
      0.6110         3.21
      0.6120         3.22
      0.6130         3.25
      0.6140         3.64
      0.6150         3.77
      0.6160         3.15
      0.6170         3.70
      0.6180         3.11
      0.6190         3.22
      0.6200         3.18
      0.6210         3.21
      0.6220         3.09
      0.6230         3.05
      0.6240         3.08
      0.6250         3.09
      0.6260         3.06
      0.6270         3.14
      0.6280         3.07
      0.6290         3.01
      0.6300         2.92
      0.6310         2.80
      0.6320         2.83
      0.6330         2.86
      0.6340         2.86
      0.6350         2.75
      0.6360         2.81
      0.6370         2.83
      0.6380         2.90
      0.6390         2.83
      0.6400         2.94
      0.6410         2.84
      0.6420         2.98
      0.6430         3.05
      0.6440         2.91
      0.6450         2.87
      0.6460         2.83
      0.6470         2.79
      0.6480         2.68
      0.6490         2.66
      0.6500         2.69
      0.6510         2.80
      0.6520         2.83
      0.6530         2.80
      0.6540         3.35
      0.6550         3.38
      0.6560         3.42
      0.6570         3.44
      0.6580         2.84
      0.6590         3.34
      0.6600         3.22
      0.6610         3.28
      0.6620         3.40
      0.6630         3.31
      0.6640         2.87
      0.6650         2.98
      0.6660         3.02
      0.6670         3.03
      0.6680         3.15
      0.6690         3.13
      0.6700         3.10
      0.6710         3.65
      0.6720         3.06
      0.6730         3.07
      0.6740         3.10
      0.6750         3.14
      0.6760         3.15
      0.6770         3.18
      0.6780         3.27
      0.6790         3.33
      0.6800         3.33
      0.6810         3.44
      0.6820         3.33
      0.6830         3.41
      0.6840         4.03
      0.6850         4.12
      0.6860         4.74
      0.6870         4.68
      0.6880         4.82
      0.6890         4.94
      0.6900         5.09
      0.6910         5.11
      0.6920         5.19
      0.6930         4.63
      0.6940         5.44
      0.6950         4.95
      0.6960         4.91
      0.6970         4.77
      0.6980         4.70
      0.6990         4.62
      0.7000         4.67
      0.7010         4.63
      0.7020         4.67
      0.7030         4.55
      0.7040         4.46
      0.7050         4.42
      0.7060         4.44
      0.7070         4.46
      0.7080         4.43
      0.7090         4.54
      0.7100         4.51
      0.7110         4.53
      0.7120         4.42
      0.7130         5.02
      0.7140         4.89
      0.7150         4.43
      0.7160         5.14
      0.7170         5.34
      0.7180         5.48
      0.7190         5.52
      0.7200         5.66
      0.7210         5.82
      0.7220         5.87
      0.7230         6.01
      0.7240         6.18
      0.7250         6.22
      0.7260         6.42
      0.7270         6.64
      0.7280         6.82
      0.7290         6.77
      0.7300         6.97
      0.7310         7.00
      0.7320         7.14
      0.7330         7.30
      0.7340         7.34
      0.7350         7.52
      0.7360         7.58
      0.7370         7.59
      0.7380         7.60
      0.7390         7.66
      0.7400         7.51
      0.7410         7.56
      0.7420         7.59
      0.7430         7.71
      0.7440         7.52
      0.7450         7.52
      0.7460         7.41
      0.7470         7.24
      0.7480         7.05
      0.7490         7.06
      0.7500         6.87
      0.7510         6.86
      0.7520         6.99
      0.7530         7.02
      0.7540         7.21
      0.7550         7.17
      0.7560         7.20
      0.7570         7.29
      0.7580         7.17
      0.7590         7.18
      0.7600         7.48
      0.7610         7.57
      0.7620         7.61
      0.7630         7.60
      0.7640         7.75
      0.7650         7.89
      0.7660         8.04
      0.7670         8.40
      0.7680         8.66
      0.7690         8.80
      0.7700         9.15
      0.7710         9.34
      0.7720         9.36
      0.7730         9.33
      0.7740         9.38
      0.7750         9.64
      0.7760         9.63
      0.7770         9.66
      0.7780         9.90
      0.7790        10.01
      0.7800        10.00
      0.7810         9.92
      0.7820        10.13
      0.7830        10.12
      0.7840        10.20
      0.7850        10.31
      0.7860        10.31
      0.7870        10.26
      0.7880        10.22
      0.7890        10.11
      0.7900         9.85
      0.7910         9.77
      0.7920         9.77
      0.7930         9.92
      0.7940         9.83
      0.7950         9.75
      0.7960         9.77
      0.7970         9.88
      0.7980        10.06
      0.7990        10.24
      0.8000        10.27
      0.8010        10.40
      0.8020        10.53
      0.8030        10.69
      0.8040        10.87
      0.8050        10.96
      0.8060        11.04
      0.8070        11.20
      0.8080        11.34
      0.8090        11.71
      0.8100        11.93
      0.8110        12.12
      0.8120        12.38
      0.8130        12.38
      0.8140        12.57
      0.8150        12.79
      0.8160        12.98
      0.8170        13.10
      0.8180        12.99
      0.8190        13.03
      0.8200        13.25
      0.8210        13.31
      0.8220        13.39
      0.8230        13.55
      0.8240        13.64
      0.8250        13.57
      0.8260        13.74
      0.8270        13.70
      0.8280        13.83
      0.8290        13.89
      0.8300        14.02
      0.8310        14.01
      0.8320        14.05
      0.8330        14.20
      0.8340        14.26
      0.8350        14.23
      0.8360        14.33
      0.8370        14.41
      0.8380        14.68
      0.8390        14.87
      0.8400        14.83
      0.8410        14.90
      0.8420        14.94
      0.8430        15.11
      0.8440        15.17
      0.8450        15.37
      0.8460        15.39
      0.8470        15.48
      0.8480        15.62
      0.8490        15.76
      0.8500        15.84
      0.8510        16.12
      0.8520        16.17
      0.8530        16.39
      0.8540        16.42
      0.8550        16.51
      0.8560        16.58
      0.8570        16.52
      0.8580        16.61
      0.8590        16.59
      0.8600        16.72
      0.8610        16.80
      0.8620        16.79
      0.8630        16.68
      0.8640        16.62
      0.8650        16.71
      0.8660        16.79
      0.8670        16.82
      0.8680        16.86
      0.8690        16.82
      0.8700        16.85
      0.8710        16.97
      0.8720        16.95
      0.8730        16.90
      0.8740        17.03
      0.8750        17.12
      0.8760        17.20
      0.8770        17.44
      0.8780        17.46
      0.8790        17.58
      0.8800        17.63
      0.8810        17.94
      0.8820        18.09
      0.8830        18.37
      0.8840        18.72
      0.8850        18.85
      0.8860        18.99
      0.8870        19.34
      0.8880        19.45
      0.8890        19.68
      0.8900        19.93
      0.8910        19.96
      0.8920        20.11
      0.8930        20.30
      0.8940        20.51
      0.8950        20.79
      0.8960        21.10
      0.8970        21.26
      0.8980        21.34
      0.8990        21.50
      0.9000        21.67
      0.9010        21.73
      0.9020        21.99
      0.9030        22.04
      0.9040        22.04
      0.9050        22.13
      0.9060        22.27
      0.9070        22.31
      0.9080        22.38
      0.9090        22.24
      0.9100        22.22
      0.9110        22.35
      0.9120        22.49
      0.9130        22.44
      0.9140        22.43
      0.9150        22.34
      0.9160        22.27
      0.9170        22.33
      0.9180        22.30
      0.9190        22.33
      0.9200        22.46
      0.9210        22.37
      0.9220        22.38
      0.9230        22.48
      0.9240        22.52
      0.9250        22.54
      0.9260        22.53
      0.9270        22.65
      0.9280        22.66
      0.9290        22.86
      0.9300        23.00
      0.9310        23.01
      0.9320        23.12
      0.9330        23.28
      0.9340        23.46
      0.9350        23.51
      0.9360        23.47
      0.9370        23.54
      0.9380        23.70
      0.9390        23.60
      0.9400        23.60
      0.9410        23.87
      0.9420        23.91
      0.9430        23.96
      0.9440        23.97
      0.9450        23.89
      0.9460        23.93
      0.9470        23.82
      0.9480        23.82
      0.9490        23.77
      0.9500        23.78
      0.9510        23.65
      0.9520        23.52
      0.9530        23.56
      0.9540        23.45
      0.9550        23.57
      0.9560        23.64
      0.9570        23.67
      0.9580        23.68
      0.9590        23.81
      0.9600        23.79
      0.9610        23.57
      0.9620        23.56
      0.9630        23.60
      0.9640        23.71
      0.9650        23.79
      0.9660        23.98
      0.9670        24.14
      0.9680        24.33
      0.9690        24.42
      0.9700        24.56
      0.9710        24.92
      0.9720        25.17
      0.9730        25.31
      0.9740        25.44
      0.9750        25.50
      0.9760        25.53
      0.9770        25.50
      0.9780        25.59
      0.9790        25.81
      0.9800        25.94
      0.9810        26.07
      0.9820        25.99
      0.9830        25.95
      0.9840        26.01
      0.9850        26.14
      0.9860        26.13
      0.9870        26.08
      0.9880        26.11
      0.9890        26.13
      0.9900        25.93
      0.9910        25.72
      0.9920        25.74
      0.9930        25.68
      0.9940        25.61
      0.9950        25.48
      0.9960        25.64
      0.9970        25.62
      0.9980        25.61
      0.9990        25.48
      1.0000        25.39
      1.0010        25.63
      1.0020        25.71
      1.0030        25.74
      1.0040        25.63
      1.0050        25.70
      1.0060        25.82
      1.0070        25.84
      1.0080        25.85
      1.0090        25.90
      1.0100        26.03
      1.0110        26.27
      1.0120        26.25
      1.0130        26.27
      1.0140        26.37
      1.0150        26.45
      1.0160        26.47
      1.0170        26.65
      1.0180        26.77
      1.0190        26.93
      1.0200        27.16
      1.0210        27.05
      1.0220        27.19
      1.0230        27.21
      1.0240        27.36
      1.0250        27.28
      1.0260        27.16
      1.0270        27.12
      1.0280        27.03
      1.0290        27.00
      1.0300        27.19
      1.0310        27.15
      1.0320        27.11
      1.0330        27.25
      1.0340        27.24
      1.0350        27.43
      1.0360        27.35
      1.0370        27.48
      1.0380        27.42
      1.0390        27.37
      1.0400        27.22
      1.0410        27.23
      1.0420        27.23
      1.0430        27.26
      1.0440        27.33
      1.0450        27.50
      1.0460        27.60
      1.0470        27.72
      1.0480        27.80
      1.0490        27.93
      1.0500        27.92
      1.0510        27.93
      1.0520        28.05
      1.0530        28.05
      1.0540        28.23
      1.0550        28.09
      1.0560        28.11
      1.0570        28.01
      1.0580        28.12
      1.0590        28.13
      1.0600        28.23
      1.0610        28.29
      1.0620        28.32
      1.0630        28.43
      1.0640        28.48
      1.0650        28.48
      1.0660        28.52
      1.0670        28.52
      1.0680        28.63
      1.0690        28.66
      1.0700        28.68
      1.0710        28.54
      1.0720        28.44
      1.0730        28.45
      1.0740        28.40
      1.0750        28.58
      1.0760        28.59
      1.0770        28.55
      1.0780        28.53
      1.0790        28.44
      1.0800        28.43
      1.0810        28.37
      1.0820        28.45
      1.0830        28.52
      1.0840        28.47
      1.0850        28.30
      1.0860        28.15
      1.0870        28.23
      1.0880        28.24
      1.0890        28.16
      1.0900        28.23
      1.0910        28.42
      1.0920        28.75
      1.0930        28.71
      1.0940        28.77
      1.0950        28.81
      1.0960        28.93
      1.0970        29.01
      1.0980        29.13
      1.0990        29.25
      1.1000        29.39
      1.1010        29.48
      1.1020        29.46
      1.1030        29.58
      1.1040        29.67
      1.1050        29.86
      1.1060        30.06
      1.1070        30.12
      1.1080        30.15
      1.1090        30.29
      1.1100        30.18
      1.1110        30.15
      1.1120        29.94
      1.1130        30.02
      1.1140        29.92
      1.1150        29.84
      1.1160        29.78
      1.1170        29.68
      1.1180        29.55
      1.1190        29.68
      1.1200        29.72
      1.1210        29.62
      1.1220        29.62
      1.1230        29.43
      1.1240        29.28
      1.1250        29.34
      1.1260        29.35
      1.1270        29.26
      1.1280        29.24
      1.1290        29.10
      1.1300        29.15
      1.1310        29.30
      1.1320        29.46
      1.1330        29.43
      1.1340        29.62
      1.1350        29.62
      1.1360        29.65
      1.1370        29.81
      1.1380        29.89
      1.1390        29.86
      1.1400        29.78
      1.1410        29.94
      1.1420        30.14
      1.1430        30.12
      1.1440        30.22
      1.1450        30.37
      1.1460        30.48
      1.1470        30.60
      1.1480        30.59
      1.1490        30.81
      1.1500        30.76
      1.1510        30.73
      1.1520        30.55
      1.1530        30.61
      1.1540        30.47
      1.1550        30.50
      1.1560        30.56
      1.1570        30.40
      1.1580        30.32
      1.1590        30.18
      1.1600        30.02
      1.1610        29.96
      1.1620        29.73
      1.1630        29.81
      1.1640        29.85
      1.1650        29.75
      1.1660        29.60
      1.1670        29.45
      1.1680        29.53
      1.1690        29.56
      1.1700        29.73
      1.1710        29.68
      1.1720        29.80
      1.1730        29.91
      1.1740        29.91
      1.1750        30.00
      1.1760        29.99
      1.1770        30.04
      1.1780        30.12
      1.1790        30.26
      1.1800        30.47
      1.1810        30.50
      1.1820        30.59
      1.1830        30.57
      1.1840        30.47
      1.1850        30.38
      1.1860        30.47
      1.1870        30.53
      1.1880        30.61
      1.1890        30.70
      1.1900        30.62
      1.1910        30.65
      1.1920        30.66
      1.1930        30.56
      1.1940        30.66
      1.1950        30.63
      1.1960        30.63
      1.1970        30.74
      1.1980        30.56
      1.1990        30.55
      1.2000        30.63
      1.2010        30.57
      1.2020        30.63
      1.2030        30.61
      1.2040        30.79
      1.2050        30.79
      1.2060        30.79
      1.2070        30.92
      1.2080        30.87
      1.2090        30.69
      1.2100        30.68
      1.2110        30.76
      1.2120        30.76
      1.2130        30.79
      1.2140        30.72
      1.2150        30.77
      1.2160        30.97
      1.2170        31.01
      1.2180        31.17
      1.2190        31.27
      1.2200        31.21
      1.2210        31.44
      1.2220        31.37
      1.2230        31.52
      1.2240        31.56
      1.2250        31.69
      1.2260        31.65
      1.2270        31.63
      1.2280        31.65
      1.2290        31.68
      1.2300        31.79
      1.2310        31.78
      1.2320        31.80
      1.2330        31.80
      1.2340        31.92
      1.2350        31.87
      1.2360        31.62
      1.2370        31.52
      1.2380        31.64
      1.2390        31.72
      1.2400        31.76
      1.2410        31.58
      1.2420        31.57
      1.2430        31.45
      1.2440        31.29
      1.2450        31.18
      1.2460        31.31
      1.2470        31.32
      1.2480        31.44
      1.2490        31.31
      1.2500        31.33
      1.2510        31.37
      1.2520        31.44
      1.2530        31.46
      1.2540        31.35
      1.2550        31.43
      1.2560        31.47
      1.2570        31.44
      1.2580        31.42
      1.2590        31.32
      1.2600        31.33
      1.2610        31.36
      1.2620        31.49
      1.2630        31.67
      1.2640        31.75
      1.2650        31.84
      1.2660        31.88
      1.2670        31.96
      1.2680        31.84
      1.2690        32.03
      1.2700        31.87
      1.2710        31.81
      1.2720        31.78
      1.2730        31.77
      1.2740        31.86
      1.2750        31.97
      1.2760        32.12
      1.2770        32.15
      1.2780        32.04
      1.2790        31.97
      1.2800        31.95
      1.2810        31.92
      1.2820        31.77
      1.2830        31.79
      1.2840        31.72
      1.2850        31.64
      1.2860        31.55
      1.2870        31.39
      1.2880        31.35
      1.2890        31.17
      1.2900        31.25
      1.2910        31.29
      1.2920        31.25
      1.2930        31.26
      1.2940        31.13
      1.2950        30.92
      1.2960        30.84
      1.2970        30.98
      1.2980        31.11
      1.2990        31.20
      1.3000        31.36
      1.3010        31.47
      1.3020        31.68
      1.3030        31.71
      1.3040        31.74
      1.3050        31.89
      1.3060        31.89
      1.3070        32.07
      1.3080        32.07
      1.3090        32.16
      1.3100        32.33
      1.3110        32.27
      1.3120        32.27
      1.3130        32.37
      1.3140        32.49
      1.3150        32.54
      1.3160        32.66
      1.3170        32.54
      1.3180        32.50
      1.3190        32.35
      1.3200        32.13
      1.3210        32.06
      1.3220        31.82
      1.3230        31.65
      1.3240        31.64
      1.3250        31.62
      1.3260        31.66
      1.3270        31.54
      1.3280        31.65
      1.3290        31.69
      1.3300        31.52
      1.3310        31.48
      1.3320        31.51
      1.3330        31.42
      1.3340        31.60
      1.3350        31.75
      1.3360        31.48
      1.3370        31.53
      1.3380        31.63
      1.3390        31.61
      1.3400        31.71
      1.3410        31.65
      1.3420        31.81
      1.3430        31.85
      1.3440        31.88
      1.3450        31.86
      1.3460        31.83
      1.3470        31.79
      1.3480        31.76
      1.3490        31.84
      1.3500        31.81
      1.3510        31.84
      1.3520        31.76
      1.3530        31.74
      1.3540        31.59
      1.3550        31.54
      1.3560        31.72
      1.3570        31.71
      1.3580        31.66
      1.3590        31.74
      1.3600        31.70
      1.3610        31.78
      1.3620        31.83
      1.3630        31.92
      1.3640        32.06
      1.3650        31.98
      1.3660        31.80
      1.3670        31.83
      1.3680        31.72
      1.3690        31.55
      1.3700        31.63
      1.3710        31.68
      1.3720        31.71
      1.3730        31.74
      1.3740        31.67
      1.3750        31.59
      1.3760        31.63
      1.3770        31.67
      1.3780        31.62
      1.3790        31.69
      1.3800        31.80
      1.3810        31.81
      1.3820        31.78
      1.3830        31.85
      1.3840        31.81
      1.3850        31.82
      1.3860        31.99
      1.3870        32.04
      1.3880        32.06
      1.3890        32.16
      1.3900        32.18
      1.3910        32.14
      1.3920        32.16
      1.3930        32.22
      1.3940        32.32
      1.3950        32.31
      1.3960        32.16
      1.3970        32.12
      1.3980        32.09
      1.3990        32.03
      1.4000        31.92
      1.4010        31.92
      1.4020        31.78
      1.4030        31.68
      1.4040        31.52
      1.4050        31.51
      1.4060        31.40
      1.4070        31.46
      1.4080        31.48
      1.4090        31.36
      1.4100        31.29
      1.4110        31.23
      1.4120        31.14
      1.4130        31.01
      1.4140        30.99
      1.4150        31.01
      1.4160        31.20
      1.4170        31.11
      1.4180        31.26
      1.4190        31.30
      1.4200        31.43
      1.4210        31.41
      1.4220        31.54
      1.4230        31.58
      1.4240        31.78
      1.4250        31.77
      1.4260        31.78
      1.4270        31.70
      1.4280        31.85
      1.4290        32.04
      1.4300        32.10
      1.4310        32.20
      1.4320        32.28
      1.4330        32.33
      1.4340        32.23
      1.4350        32.25
      1.4360        32.11
      1.4370        32.04
      1.4380        31.93
      1.4390        31.87
      1.4400        31.79
      1.4410        31.73
      1.4420        31.71
      1.4430        31.60
      1.4440        31.50
      1.4450        31.44
      1.4460        31.58
      1.4470        31.51
      1.4480        31.28
      1.4490        31.12
      1.4500        30.88
      1.4510        30.76
      1.4520        30.82
      1.4530        30.84
      1.4540        31.00
      1.4550        30.83
      1.4560        30.88
      1.4570        30.93
      1.4580        30.84
      1.4590        30.84
      1.4600        30.71
      1.4610        30.73
      1.4620        30.67
      1.4630        30.66
      1.4640        30.56
      1.4650        30.72
      1.4660        30.68
      1.4670        30.79
      1.4680        30.83
      1.4690        30.94
      1.4700        31.11
      1.4710        31.18
      1.4720        31.22
      1.4730        31.30
      1.4740        31.30
      1.4750        31.53
      1.4760        31.59
      1.4770        31.63
      1.4780        31.77
      1.4790        31.74
      1.4800        31.83
      1.4810        31.82
      1.4820        31.83
      1.4830        31.88
      1.4840        32.10
      1.4850        31.95
      1.4860        31.82
      1.4870        31.84
      1.4880        31.83
      1.4890        31.78
      1.4900        31.74
      1.4910        31.56
      1.4920        31.52
      1.4930        31.26
      1.4940        31.16
      1.4950        31.01
      1.4960        30.88
      1.4970        30.82
      1.4980        30.74
      1.4990        30.82
      1.5000        30.76
      1.5010        30.69
      1.5020        30.62
      1.5030        30.51
      1.5040        30.44
      1.5050        30.51
      1.5060        30.54
      1.5070        30.44
      1.5080        30.49
      1.5090        30.49
      1.5100        30.41
      1.5110        30.64
      1.5120        30.75
      1.5130        30.91
      1.5140        30.91
      1.5150        30.87
      1.5160        30.83
      1.5170        31.03
      1.5180        31.23
      1.5190        31.20
      1.5200        31.27
      1.5210        31.46
      1.5220        31.42
      1.5230        31.44
      1.5240        31.38
      1.5250        31.36
      1.5260        31.34
      1.5270        31.43
      1.5280        31.41
      1.5290        31.47
      1.5300        31.48
      1.5310        31.40
      1.5320        31.25
      1.5330        31.13
      1.5340        31.05
      1.5350        31.07
      1.5360        31.27
      1.5370        31.01
      1.5380        30.76
      1.5390        30.78
      1.5400        30.88
      1.5410        30.73
      1.5420        30.82
      1.5430        30.90
      1.5440        30.88
      1.5450        30.88
      1.5460        30.89
      1.5470        30.78
      1.5480        30.86
      1.5490        30.81
      1.5500        30.91
      1.5510        30.92
      1.5520        30.88
      1.5530        31.03
      1.5540        31.00
      1.5550        31.11
      1.5560        30.92
      1.5570        31.04
      1.5580        31.11
      1.5590        30.94
      1.5600        30.82
      1.5610        30.85
      1.5620        30.81
      1.5630        30.82
      1.5640        30.68
      1.5650        30.73
      1.5660        30.73
      1.5670        30.84
      1.5680        30.70
      1.5690        30.70
      1.5700        30.67
      1.5710        30.48
      1.5720        30.45
      1.5730        30.31
      1.5740        30.30
      1.5750        30.26
      1.5760        30.34
      1.5770        30.39
      1.5780        30.46
      1.5790        30.53
      1.5800        30.51
      1.5810        30.55
      1.5820        30.53
      1.5830        30.46
      1.5840        30.59
      1.5850        30.42
      1.5860        30.46
      1.5870        30.26
      1.5880        30.29
      1.5890        30.29
      1.5900        30.24
      1.5910        30.41
      1.5920        30.55
      1.5930        30.63
      1.5940        30.77
      1.5950        30.87
      1.5960        30.99
      1.5970        31.06
      1.5980        31.10
      1.5990        31.11
      1.6000        31.11
      1.6010        31.04
      1.6020        31.14
      1.6030        31.08
      1.6040        31.04
      1.6050        31.19
      1.6060        31.19
      1.6070        31.24
      1.6080        31.16
      1.6090        31.19
      1.6100        31.26
      1.6110        31.29
      1.6120        31.13
      1.6130        30.98
      1.6140        30.90
      1.6150        30.84
      1.6160        30.62
      1.6170        30.48
      1.6180        30.35
      1.6190        30.36
      1.6200        30.54
      1.6210        30.53
      1.6220        30.49
      1.6230        30.44
      1.6240        30.33
      1.6250        30.31
      1.6260        30.29
      1.6270        30.32
      1.6280        30.36
      1.6290        30.36
      1.6300        30.40
      1.6310        30.44
      1.6320        30.65
      1.6330        30.87
      1.6340        30.95
      1.6350        30.96
      1.6360        30.97
      1.6370        30.87
      1.6380        30.91
      1.6390        30.83
      1.6400        30.74
      1.6410        30.71
      1.6420        30.76
      1.6430        30.86
      1.6440        30.99
      1.6450        31.00
      1.6460        31.01
      1.6470        31.03
      1.6480        30.97
      1.6490        30.95
      1.6500        30.70
      1.6510        30.64
      1.6520        30.51
      1.6530        30.36
      1.6540        30.33
      1.6550        30.27
      1.6560        30.32
      1.6570        30.32
      1.6580        30.17
      1.6590        30.29
      1.6600        30.05
      1.6610        30.12
      1.6620        29.96
      1.6630        29.97
      1.6640        29.92
      1.6650        29.96
      1.6660        29.98
      1.6670        29.98
      1.6680        30.01
      1.6690        29.94
      1.6700        30.15
      1.6710        30.14
      1.6720        30.18
      1.6730        30.36
      1.6740        30.43
      1.6750        30.39
      1.6760        30.54
      1.6770        30.66
      1.6780        30.71
      1.6790        30.63
      1.6800        30.84
      1.6810        30.79
      1.6820        30.91
      1.6830        30.94
      1.6840        31.11
      1.6850        31.11
      1.6860        31.05
      1.6870        30.97
      1.6880        31.00
      1.6890        31.03
      1.6900        31.22
      1.6910        31.18
      1.6920        31.08
      1.6930        30.94
      1.6940        30.73
      1.6950        30.65
      1.6960        30.65
      1.6970        30.64
      1.6980        30.71
      1.6990        30.80
      1.7000        30.65
      1.7010        30.70
      1.7020        30.63
      1.7030        30.63
      1.7040        30.52
      1.7050        30.31
      1.7060        30.43
      1.7070        30.38
      1.7080        30.39
      1.7090        30.36
      1.7100        30.01
      1.7110        30.08
      1.7120        30.13
      1.7130        30.34
      1.7140        30.42
      1.7150        30.45
      1.7160        30.42
      1.7170        30.42
      1.7180        30.48
      1.7190        30.42
      1.7200        30.46
      1.7210        30.35
      1.7220        30.31
      1.7230        30.26
      1.7240        30.10
      1.7250        30.30
      1.7260        30.12
      1.7270        30.18
      1.7280        30.10
      1.7290        30.06
      1.7300        30.12
      1.7310        30.12
      1.7320        30.05
      1.7330        29.85
      1.7340        29.81
      1.7350        29.91
      1.7360        29.75
      1.7370        29.65
      1.7380        29.49
      1.7390        29.41
      1.7400        29.46
      1.7410        29.43
      1.7420        29.56
      1.7430        29.49
      1.7440        29.58
      1.7450        29.38
      1.7460        29.38
      1.7470        29.43
      1.7480        29.54
      1.7490        29.58
      1.7500        29.52
      1.7510        29.32
      1.7520        29.24
      1.7530        29.18
      1.7540        29.26
      1.7550        29.13
      1.7560        29.13
      1.7570        29.28
      1.7580        29.29
      1.7590        29.24
      1.7600        29.25
      1.7610        29.33
      1.7620        29.26
      1.7630        29.28
      1.7640        29.35
      1.7650        29.51
      1.7660        29.63
      1.7670        29.53
      1.7680        29.51
      1.7690        29.55
      1.7700        29.52
      1.7710        29.71
      1.7720        29.80
      1.7730        29.88
      1.7740        29.77
      1.7750        29.79
      1.7760        29.72
      1.7770        29.59
      1.7780        29.48
      1.7790        29.36
      1.7800        29.28
      1.7810        29.08
      1.7820        28.88
      1.7830        28.84
      1.7840        28.66
      1.7850        28.46
      1.7860        28.34
      1.7870        28.27
      1.7880        28.20
      1.7890        28.18
      1.7900        28.27
      1.7910        28.08
      1.7920        28.02
      1.7930        27.87
      1.7940        27.78
      1.7950        27.82
      1.7960        27.99
      1.7970        27.92
      1.7980        28.12
      1.7990        28.40
      1.8000        28.37
      1.8010        28.51
      1.8020        28.68
      1.8030        28.60
      1.8040        28.64
      1.8050        28.75
      1.8060        28.68
      1.8070        28.75
      1.8080        28.79
      1.8090        28.69
      1.8100        28.59
      1.8110        28.56
      1.8120        28.41
      1.8130        28.40
      1.8140        28.33
      1.8150        28.19
      1.8160        28.07
      1.8170        28.02
      1.8180        27.74
      1.8190        27.55
      1.8200        27.36
      1.8210        27.16
      1.8220        26.87
      1.8230        26.86
      1.8240        26.69
      1.8250        26.43
      1.8260        26.39
      1.8270        26.14
      1.8280        25.88
      1.8290        25.75
      1.8300        25.64
      1.8310        25.59
      1.8320        25.56
      1.8330        25.40
      1.8340        25.36
      1.8350        25.26
      1.8360        25.03
      1.8370        25.02
      1.8380        25.04
      1.8390        24.96
      1.8400        24.96
      1.8410        25.04
      1.8420        25.23
      1.8430        25.07
      1.8440        25.10
      1.8450        25.18
      1.8460        25.04
      1.8470        25.02
      1.8480        24.95
      1.8490        24.89
      1.8500        24.83
      1.8510        24.77
      1.8520        24.74
      1.8530        24.82
      1.8540        24.69
      1.8550        24.68
      1.8560        24.56
      1.8570        24.49
      1.8580        24.41
      1.8590        24.26
      1.8600        24.14
      1.8610        23.95
      1.8620        23.59
      1.8630        23.44
      1.8640        23.28
      1.8650        23.09
      1.8660        22.94
      1.8670        22.99
      1.8680        22.92
      1.8690        22.83
      1.8700        22.87
      1.8710        22.76
      1.8720        22.64
      1.8730        22.36
      1.8740        22.28
      1.8750        22.06
      1.8760        22.02
      1.8770        21.77
      1.8780        21.58
      1.8790        21.47
      1.8800        21.50
      1.8810        21.31
      1.8820        21.38
      1.8830        21.49
      1.8840        21.39
      1.8850        21.34
      1.8860        21.28
      1.8870        20.97
      1.8880        20.89
      1.8890        20.59
      1.8900        20.31
      1.8910        20.19
      1.8920        19.85
      1.8930        19.64
      1.8940        19.43
      1.8950        19.50
      1.8960        19.37
      1.8970        19.33
      1.8980        19.29
      1.8990        19.20
      1.9000        18.78
      1.9010        18.82
      1.9020        18.61
      1.9030        18.31
      1.9040        18.27
      1.9050        18.08
      1.9060        17.88
      1.9070        17.87
      1.9080        17.60
      1.9090        17.61
      1.9100        17.57
      1.9110        17.35
      1.9120        17.31
      1.9130        17.19
      1.9140        17.10
      1.9150        16.63
      1.9160        16.46
      1.9170        16.32
      1.9180        16.16
      1.9190        15.94
      1.9200        15.99
      1.9210        15.73
      1.9220        15.75
      1.9230        15.73
      1.9240        15.46
      1.9250        15.34
      1.9260        15.16
      1.9270        15.02
      1.9280        15.00
      1.9290        14.81
      1.9300        14.50
      1.9310        14.42
      1.9320        14.32
      1.9330        14.31
      1.9340        14.17
      1.9350        14.11
      1.9360        13.89
      1.9370        13.71
      1.9380        13.51
      1.9390        13.20
      1.9400        12.94
      1.9410        12.86
      1.9420        12.42
      1.9430        12.25
      1.9440        12.15
      1.9450        11.89
      1.9460        11.77
      1.9470        11.49
      1.9480        11.15
      1.9490        10.92
      1.9500        10.80
      1.9510        10.48
      1.9520        10.32
      1.9530        10.14
      1.9540         9.93
      1.9550         9.86
      1.9560         9.73
      1.9570         9.57
      1.9580         9.48
      1.9590         9.46
      1.9600         9.40
      1.9610         9.22
      1.9620         9.23
      1.9630         9.04
      1.9640         9.03
      1.9650         8.85
      1.9660         8.81
      1.9670         8.85
      1.9680         8.72
      1.9690         8.58
      1.9700         8.57
      1.9710         8.65
      1.9720         8.58
      1.9730         8.50
      1.9740         8.41
      1.9750         8.38
      1.9760         8.20
      1.9770         7.98
      1.9780         7.83
      1.9790         7.79
      1.9800         7.73
      1.9810         7.55
      1.9820         7.35
      1.9830         7.16
      1.9840         6.86
      1.9850         6.97
      1.9860         6.85
      1.9870         6.57
      1.9880         6.62
      1.9890         6.54
      1.9900         6.38
      1.9910         6.22
      1.9920         6.01
      1.9930         5.75
      1.9940         5.71
      1.9950         5.51
      1.9960         5.52
      1.9970         5.50
      1.9980         5.45
      1.9990         5.30
      2.0000         4.78
      2.0010         4.88
      2.0020         5.45
      2.0030         4.94
      2.0040         4.89
      2.0050         4.85
      2.0060         4.69
      2.0070         4.83
      2.0080         4.82
      2.0090         4.86
      2.0100         4.75
      2.0110         4.62
      2.0120         4.55
      2.0130         4.68
      2.0140         4.56
      2.0150         4.48
      2.0160         4.45
      2.0170         4.30
      2.0180         4.32
      2.0190         4.24
      2.0200         4.02
      2.0210         3.84
      2.0220         3.62
      2.0230         3.50
      2.0240         3.55
      2.0250         3.43
      2.0260         3.39
      2.0270         3.25
      2.0280         3.04
      2.0290         2.96
      2.0300         2.89
      2.0310         2.92
      2.0320         2.94
      2.0330         2.81
      2.0340         2.73
      2.0350         2.69
      2.0360         2.62
      2.0370         2.59
      2.0380         2.40
      2.0390         2.27
      2.0400         2.31
      2.0410         2.27
      2.0420         1.81
      2.0430         1.71
      2.0440         1.61
      2.0450         1.60
      2.0460         1.63
      2.0470         1.56
      2.0480         1.54
      2.0490         1.57
      2.0500         1.00
      2.0510         1.00
      2.0520         1.00
      2.0530         1.00
      2.0540         1.45
      2.0550         1.38
      2.0560         1.38
      2.0570         1.46
      2.0580         1.37
      2.0590         1.34
      2.0600         1.30
      2.0610         1.00
      2.0620         1.00
      2.0630         1.00
      2.0640         1.00
      2.0650         1.00
      2.0660         1.00
      2.0670         1.05
      2.0680         1.00
      2.0690         1.00
      2.0700         1.00
      2.0710         1.00
      2.0720         1.00
      2.0730         1.00
      2.0740         1.00
      2.0750         1.00
      2.0760         1.00
      2.0770         1.00
      2.0780         1.00
      2.0790         1.00
      2.0800         1.00
      2.0810         1.00
      2.0820         1.00
      2.0830         1.00
      2.0840         1.00
      2.0850         1.00
      2.0860         1.00
      2.0870         1.00
      2.0880         1.00
      2.0890         1.00
      2.0900         1.00
      2.0910         1.00
      2.0920         1.00
      2.0930         1.00
      2.0940         1.00
      2.0950         1.00
      2.0960         1.00
      2.0970         1.00
      2.0980         1.00
      2.0990         1.00
      2.1000         1.00
      2.1010         1.00
      2.1020         1.00
      2.1030         1.00
      2.1040         1.00
      2.1050         1.00
      2.1060         1.00
      2.1070         1.00
      2.1080         1.00
      2.1090         1.00
      2.1100         1.00
      2.1110         1.00
      2.1120         1.00
      2.1130         1.00
      2.1140         1.00
      2.1150         1.00
      2.1160         1.00
      2.1170         1.00
      2.1180         1.00
      2.1190         1.00
      2.1200         1.00
      2.1210         1.00
      2.1220         1.00
      2.1230         1.00
      2.1240         1.00
      2.1250         1.00
      2.1260         1.00
      2.1270         1.00
      2.1280         1.00
      2.1290         1.00
      2.1300         1.00
      2.1310         1.00
      2.1320         1.00
      2.1330         1.00
      2.1340         1.00
      2.1350         1.00
      2.1360         1.00
      2.1370         1.00
      2.1380         1.00
      2.1390         1.00
      2.1400         1.00
      2.1410         1.00
      2.1420         1.00
      2.1430         1.00
      2.1440         1.00
      2.1450         1.00
      2.1460         1.00
      2.1470         1.00
      2.1480         1.00
      2.1490         1.00
      2.1500         1.00
      2.1510         1.00
      2.1520         1.00
      2.1530         1.00
      2.1540         1.00
      2.1550         1.00
      2.1560         1.00
      2.1570         1.00
      2.1580         1.00
      2.1590         1.00
      2.1600         1.00
      2.1610         1.00
      2.1620         1.00
      2.1630         1.00
      2.1640         1.00
      2.1650         1.00
      2.1660         1.00
      2.1670         1.00
      2.1680         1.00
      2.1690         1.00
      2.1700         1.00
      2.1710         1.00
      2.1720         1.00
      2.1730         1.00
      2.1740         1.00
      2.1750         1.00
      2.1760         1.00
      2.1770         1.00
      2.1780         1.00
      2.1790         1.00
      2.1800         1.00
      2.1810         1.00
      2.1820         1.00
      2.1830         1.00
      2.1840         1.00
      2.1850         1.00
      2.1860         1.00
      2.1870         1.00
      2.1880         1.00
      2.1890         1.00
      2.1900         1.00
      2.1910         1.00
      2.1920         1.00
      2.1930         1.00
      2.1940         1.00
      2.1950         1.00
      2.1960         1.00
      2.1970         1.00
      2.1980         1.00
      2.1990         1.00
      2.2000         1.00
      2.2010         1.00
      2.2020         1.00
      2.2030         1.00
      2.2040         1.00
      2.2050         1.00
      2.2060         1.00
      2.2070         1.00
      2.2080         1.00
      2.2090         1.00
      2.2100         1.00
      2.2110         1.00
      2.2120         1.00
      2.2130         1.00
      2.2140         1.00
      2.2150         1.00
      2.2160         1.00
      2.2170         1.00
      2.2180         1.00
      2.2190         1.00
      2.2200         1.00
      2.2210         1.00
      2.2220         1.00
      2.2230         1.00
      2.2240         1.00
      2.2250         1.00
      2.2260         1.00
      2.2270         1.00
      2.2280         1.00
      2.2290         1.00
      2.2300         1.00
      2.2310         1.00
      2.2320         1.00
      2.2330         1.00
      2.2340         1.00
      2.2350         1.00
      2.2360         1.00
      2.2370         1.00
      2.2380         1.00
      2.2390         1.00
      2.2400         1.00
      2.2410         1.00
      2.2420         1.00
      2.2430         1.00
      2.2440         1.00
      2.2450         1.00
      2.2460         1.00
      2.2470         1.00
      2.2480         1.00
      2.2490         1.00
      2.2500         1.00
      2.2510         1.00
      2.2520         1.00
      2.2530         1.00
      2.2540         1.00
      2.2550         1.00
      2.2560         1.00
      2.2570         1.00
      2.2580         1.00
      2.2590         1.00
      2.2600         1.00
      2.2610         1.00
      2.2620         1.00
      2.2630         1.00
      2.2640         1.00
      2.2650         1.00
      2.2660         1.00
      2.2670         1.00
      2.2680         1.00
      2.2690         1.00
      2.2700         1.00
      2.2710         1.00
      2.2720         1.00
      2.2730         1.00
      2.2740         1.00
      2.2750         1.00
      2.2760         1.00
      2.2770         1.00
      2.2780         1.00
      2.2790         1.00
      2.2800         1.00
      2.2810         1.00
      2.2820         1.00
      2.2830         1.00
      2.2840         1.00
      2.2850         1.00
      2.2860         1.00
      2.2870         1.00
      2.2880         1.00
      2.2890         1.00
      2.2900         1.00
      2.2910         1.00
      2.2920         1.00
      2.2930         1.00
      2.2940         1.00
      2.2950         1.00
      2.2960         1.00
      2.2970         1.00
      2.2980         1.00
      2.2990         1.00
      2.3000         1.00
      2.3010         1.00
      2.3020         1.00
      2.3030         1.00
      2.3040         1.00
      2.3050         1.00
      2.3060         1.00
      2.3070         1.00
      2.3080         1.00
      2.3090         1.00
      2.3100         1.00
      2.3110         1.00
      2.3120         1.00
      2.3130         1.00
      2.3140         1.00
      2.3150         1.00
      2.3160         1.00
      2.3170         1.00
      2.3180         1.00
      2.3190         1.00
      2.3200         1.00
      2.3210         1.00
      2.3220         1.00
      2.3230         1.00
      2.3240         1.00
      2.3250         1.00
      2.3260         1.00
      2.3270         1.00
      2.3280         1.00
      2.3290         1.00
      2.3300         1.00
      2.3310         1.00
      2.3320         1.00
      2.3330         1.00
      2.3340         1.00
      2.3350         1.00
      2.3360         1.00
      2.3370         1.00
      2.3380         1.00
      2.3390         1.00
      2.3400         1.00
      2.3410         1.00
      2.3420         1.00
      2.3430         1.00
      2.3440         1.00
      2.3450         1.00
      2.3460         1.00
      2.3470         1.00
      2.3480         1.00
      2.3490         1.00
      2.3500         1.00
      2.3510         1.00
      2.3520         1.00
      2.3530         1.00
      2.3540         1.00
      2.3550         1.00
      2.3560         1.00
      2.3570         1.00
      2.3580         1.00
      2.3590         1.00
      2.3600         1.00
      2.3610         1.00
      2.3620         1.00
      2.3630         1.00
      2.3640         1.00
      2.3650         1.00
      2.3660         1.00
      2.3670         1.00
      2.3680         1.00
      2.3690         1.00
      2.3700         1.00
      2.3710         1.00
      2.3720         1.00
      2.3730         1.00
      2.3740         1.00
      2.3750         1.00
      2.3760         1.00
      2.3770         1.00
      2.3780         1.00
      2.3790         1.00
      2.3800         1.00
      2.3810         1.00
      2.3820         1.00
      2.3830         1.00
      2.3840         1.00
      2.3850         1.00
      2.3860         1.00
      2.3870         1.00
      2.3880         1.00
      2.3890         1.00
      2.3900         1.00
      2.3910         1.00
      2.3920         1.00
      2.3930         1.00
      2.3940         1.00
      2.3950         1.00
      2.3960         1.00
      2.3970         1.00
      2.3980         1.00
      2.3990         1.00
      2.4000         1.00
      2.4010         1.00
      2.4020         1.00
      2.4030         1.00
      2.4040         1.00
      2.4050         1.00
      2.4060         1.00
      2.4070         1.00
      2.4080         1.00
      2.4090         1.00
      2.4100         1.00
      2.4110         1.00
      2.4120         1.00
      2.4130         1.00
      2.4140         1.00
      2.4150         1.00
      2.4160         1.00
      2.4170         1.00
      2.4180         1.00
      2.4190         1.00
      2.4200         1.00
      2.4210         1.00
      2.4220         1.00
      2.4230         1.00
      2.4240         1.00
      2.4250         1.00
      2.4260         1.00
      2.4270         1.00
      2.4280         1.00
      2.4290         1.00
      2.4300         1.00
      2.4310         1.00
      2.4320         1.00
      2.4330         1.00
      2.4340         1.00
      2.4350         1.00
      2.4360         1.00
      2.4370         1.00
      2.4380         1.00
      2.4390         1.00
      2.4400         1.00
      2.4410         1.00
      2.4420         1.00
      2.4430         1.00
      2.4440         1.00
      2.4450         1.00
      2.4460         1.00
      2.4470         1.00
      2.4480         1.00
      2.4490         1.00
      2.4500         1.00
      2.4510         1.00
      2.4520         1.00
      2.4530         1.00
      2.4540         1.00
      2.4550         1.00
      2.4560         1.00
      2.4570         1.00
      2.4580         1.00
      2.4590         1.00
      2.4600         1.00
      2.4610         1.00
      2.4620         1.00
      2.4630         1.00
      2.4640         1.00
      2.4650         1.00
      2.4660         1.00
      2.4670         1.00
      2.4680         1.00
      2.4690         1.00
      2.4700         1.00
      2.4710         1.00
      2.4720         1.00
      2.4730         1.00
      2.4740         1.00
      2.4750         1.00
      2.4760         1.00
      2.4770         1.00
      2.4780         1.00
      2.4790         1.00
      2.4800         1.00
      2.4810         1.00
      2.4820         1.00
      2.4830         1.00
      2.4840         1.00
      2.4850         1.00
      2.4860         1.00
      2.4870         1.00
      2.4880         1.00
      2.4890         1.00
      2.4900         1.00
      2.4910         1.00
      2.4920         1.00
      2.4930         1.00
      2.4940         1.00
      2.4950         1.00
      2.4960         1.00
      2.4970         1.00
      2.4980         1.00
      2.4990         1.00
      2.5000         1.00
      2.5010         1.00
      2.5020         1.00
      2.5030         1.00
      2.5040         1.00
      2.5050         1.00
      2.5060         1.00
      2.5070         1.00
      2.5080         1.00
      2.5090         1.00
      2.5100         1.00
      2.5110         1.00
      2.5120         1.00
      2.5130         1.00
      2.5140         1.00
      2.5150         1.00
      2.5160         1.00
      2.5170         1.00
      2.5180         1.00
      2.5190         1.00
      2.5200         1.00
      2.5210         1.00
      2.5220         1.00
      2.5230         1.00
      2.5240         1.00
      2.5250         1.00
      2.5260         1.00
      2.5270         1.00
      2.5280         1.00
      2.5290         1.00
      2.5300         1.00
      2.5310         1.00
      2.5320         1.00
      2.5330         1.00
      2.5340         1.00
      2.5350         1.00
      2.5360         1.00
      2.5370         1.00
      2.5380         1.00
      2.5390         1.00
      2.5400         1.00
      2.5410         1.00
      2.5420         1.00
      2.5430         1.00
      2.5440         1.00
      2.5450         1.00
      2.5460         1.00
      2.5470         1.00
      2.5480         1.00
      2.5490         1.00
      2.5500         1.00
      2.5510         1.00
      2.5520         1.00
      2.5530         1.00
      2.5540         1.00
      2.5550         1.00
      2.5560         1.00
      2.5570         1.00
      2.5580         1.00
      2.5590         1.00
      2.5600         1.00
      2.5610         1.00
      2.5620         1.00
      2.5630         1.00
      2.5640         1.00
      2.5650         1.00
      2.5660         1.00
      2.5670         1.00
      2.5680         1.00
      2.5690         1.00
      2.5700         1.00
      2.5710         1.00
      2.5720         1.00
      2.5730         1.00
      2.5740         1.00
      2.5750         1.00
      2.5760         1.00
      2.5770         1.00
      2.5780         1.00
      2.5790         1.00
      2.5800         1.00
      2.5810         1.00
      2.5820         1.00
      2.5830         1.00
      2.5840         1.00
      2.5850         1.00
      2.5860         1.00
      2.5870         1.00
      2.5880         1.00
      2.5890         1.00
      2.5900         1.00
      2.5910         1.00
      2.5920         1.00
      2.5930         1.00
      2.5940         1.00
      2.5950         1.00
      2.5960         1.00
      2.5970         1.00
      2.5980         1.00
      2.5990         1.00
      2.6000         1.00
      2.6010         1.00
      2.6020         1.00
      2.6030         1.00
      2.6040         1.00
      2.6050         1.00
      2.6060         1.00
      2.6070         1.00
      2.6080         1.00
      2.6090         1.00
      2.6100         1.00
      2.6110         1.00
      2.6120         1.00
      2.6130         1.00
      2.6140         1.00
      2.6150         1.00
      2.6160         1.00
      2.6170         1.00
      2.6180         1.00
      2.6190         1.00
      2.6200         1.00
      2.6210         1.00
      2.6220         1.00
      2.6230         1.00
      2.6240         1.00
      2.6250         1.00
      2.6260         1.00
      2.6270         1.00
      2.6280         1.00
      2.6290         1.00
      2.6300         1.00
      2.6310         1.00
      2.6320         1.00
      2.6330         1.00
      2.6340         1.00
      2.6350         1.00
      2.6360         1.00
      2.6370         1.00
      2.6380         1.00
      2.6390         1.00
      2.6400         1.00
      2.6410         1.00
      2.6420         1.00
      2.6430         1.00
      2.6440         1.00
      2.6450         1.00
      2.6460         1.00
      2.6470         1.00
      2.6480         1.00
      2.6490         1.00
      2.6500         1.00
      2.6510         1.00
      2.6520         1.00
      2.6530         1.00
      2.6540         1.00
      2.6550         1.00
      2.6560         1.00
      2.6570         1.00
      2.6580         1.00
      2.6590         1.00
      2.6600         1.00
      2.6610         1.00
      2.6620         1.00
      2.6630         1.00
      2.6640         1.00
      2.6650         1.00
      2.6660         1.00
      2.6670         1.00
      2.6680         1.00
      2.6690         1.00
      2.6700         1.00
      2.6710         1.00
      2.6720         1.00
      2.6730         1.00
      2.6740         1.00
      2.6750         1.00
      2.6760         1.00
      2.6770         1.00
      2.6780         1.00
      2.6790         1.00
      2.6800         1.00
      2.6810         1.00
      2.6820         1.00
      2.6830         1.00
      2.6840         1.00
      2.6850         1.00
      2.6860         1.00
      2.6870         1.00
      2.6880         1.00
      2.6890         1.00
      2.6900         1.00
      2.6910         1.00
      2.6920         1.00
      2.6930         1.00
      2.6940         1.00
      2.6950         1.00
      2.6960         1.00
      2.6970         1.00
      2.6980         1.00
      2.6990         1.00
      2.7000         1.00
      2.7010         1.00
      2.7020         1.00
      2.7030         1.00
      2.7040         1.00
      2.7050         1.00
      2.7060         1.00
      2.7070         1.00
      2.7080         1.00
      2.7090         1.00
      2.7100         1.00
      2.7110         1.00
      2.7120         1.00
      2.7130         1.00
      2.7140         1.00
      2.7150         1.00
      2.7160         1.00
      2.7170         1.00
      2.7180         1.00
      2.7190         1.00
      2.7200         1.00
      2.7210         1.00
      2.7220         1.00
      2.7230         1.00
      2.7240         1.00
      2.7250         1.00
      2.7260         1.00
      2.7270         1.00
      2.7280         1.00
      2.7290         1.00
      2.7300         1.00
      2.7310         1.00
      2.7320         1.00
      2.7330         1.00
      2.7340         1.00
      2.7350         1.00
      2.7360         1.00
      2.7370         1.00
      2.7380         1.00
      2.7390         1.00
      2.7400         1.00
      2.7410         1.00
      2.7420         1.00
      2.7430         1.00
      2.7440         1.00
      2.7450         1.00
      2.7460         1.00
      2.7470         1.00
      2.7480         1.00
      2.7490         1.00
      2.7500         1.00
      2.7510         1.00
      2.7520         1.00
      2.7530         1.00
      2.7540         1.00
      2.7550         1.00
      2.7560         1.00
      2.7570         1.00
      2.7580         1.00
      2.7590         1.00
      2.7600         1.00
      2.7610         1.00
      2.7620         1.00
      2.7630         1.00
      2.7640         1.00
      2.7650         1.00
      2.7660         1.00
      2.7670         1.00
      2.7680         1.00
      2.7690         1.00
      2.7700         1.00
      2.7710         1.00
      2.7720         1.00
      2.7730         1.00
      2.7740         1.00
      2.7750         1.00
      2.7760         1.00
      2.7770         1.00
      2.7780         1.00
      2.7790         1.00
      2.7800         1.00
      2.7810         1.00
      2.7820         1.00
      2.7830         1.00
      2.7840         1.00
      2.7850         1.00
      2.7860         1.00
      2.7870         1.00
      2.7880         1.00
      2.7890         1.00
      2.7900         1.00
      2.7910         1.00
      2.7920         1.00
      2.7930         1.00
      2.7940         1.00
      2.7950         1.00
      2.7960         1.00
      2.7970         1.00
      2.7980         1.00
      2.7990         1.00
      2.8000         1.00
      2.8010         1.00
      2.8020         1.00
      2.8030         1.00
      2.8040         1.00
      2.8050         1.00
      2.8060         1.00
      2.8070         1.00
      2.8080         1.00
      2.8090         1.00
      2.8100         1.00
      2.8110         1.00
      2.8120         1.00
      2.8130         1.00
      2.8140         1.00
      2.8150         1.00
      2.8160         1.00
      2.8170         1.00
      2.8180         1.00
      2.8190         1.00
      2.8200         1.00
      2.8210         1.00
      2.8220         1.00
      2.8230         1.00
      2.8240         1.00
      2.8250         1.00
      2.8260         1.00
      2.8270         1.00
      2.8280         1.00
      2.8290         1.00
      2.8300         1.00
      2.8310         1.00
      2.8320         1.00
      2.8330         1.00
      2.8340         1.00
      2.8350         1.00
      2.8360         1.00
      2.8370         1.00
      2.8380         1.00
      2.8390         1.00
      2.8400         1.00
      2.8410         1.00
      2.8420         1.00
      2.8430         1.00
      2.8440         1.00
      2.8450         1.00
      2.8460         1.00
      2.8470         1.00
      2.8480         1.00
      2.8490         1.00
      2.8500         1.00
      2.8510         1.00
      2.8520         1.00
      2.8530         1.00
      2.8540         1.00
      2.8550         1.00
      2.8560         1.00
      2.8570         1.00
      2.8580         1.00
      2.8590         1.00
      2.8600         1.00
      2.8610         1.00
      2.8620         1.00
      2.8630         1.00
      2.8640         1.00
      2.8650         1.00
      2.8660         1.00
      2.8670         1.00
      2.8680         1.00
      2.8690         1.00
      2.8700         1.00
      2.8710         1.00
      2.8720         1.00
      2.8730         1.00
      2.8740         1.00
      2.8750         1.00
      2.8760         1.00
      2.8770         1.00
      2.8780         1.00
      2.8790         1.00
      2.8800         1.00
      2.8810         1.00
      2.8820         1.00
      2.8830         1.00
      2.8840         1.00
      2.8850         1.00
      2.8860         1.00
      2.8870         1.00
      2.8880         1.00
      2.8890         1.00
      2.8900         1.00
      2.8910         1.00
      2.8920         1.00
      2.8930         1.00
      2.8940         1.00
      2.8950         1.00
      2.8960         1.00
      2.8970         1.00
      2.8980         1.00
      2.8990         1.00
      2.9000         1.00
      2.9010         1.00
      2.9020         1.00
      2.9030         1.00
      2.9040         1.00
      2.9050         1.00
      2.9060         1.00
      2.9070         1.00
      2.9080         1.00
      2.9090         1.00
      2.9100         1.00
      2.9110         1.00
      2.9120         1.00
      2.9130         1.00
      2.9140         1.00
      2.9150         1.00
      2.9160         1.00
      2.9170         1.00
      2.9180         1.00
      2.9190         1.00
      2.9200         1.00
      2.9210         1.00
      2.9220         1.00
      2.9230         1.00
      2.9240         1.00
      2.9250         1.00
      2.9260         1.00
      2.9270         1.00
      2.9280         1.00
      2.9290         1.00
      2.9300         1.00
      2.9310         1.00
      2.9320         1.00
      2.9330         1.00
      2.9340         1.00
      2.9350         1.00
      2.9360         1.00
      2.9370         1.00
      2.9380         1.00
      2.9390         1.00
      2.9400         1.00
      2.9410         1.00
      2.9420         1.00
      2.9430         1.00
      2.9440         1.00
      2.9450         1.00
      2.9460         1.00
      2.9470         1.00
      2.9480         1.00
      2.9490         1.00
      2.9500         1.00
      2.9510         1.00
      2.9520         1.00
      2.9530         1.00
      2.9540         1.00
      2.9550         1.00
      2.9560         1.00
      2.9570         1.00
      2.9580         1.00
      2.9590         1.00
      2.9600         1.00
      2.9610         1.00
      2.9620         1.00
      2.9630         1.00
      2.9640         1.00
      2.9650         1.00
      2.9660         1.00
      2.9670         1.00
      2.9680         1.00
      2.9690         1.00
      2.9700         1.00
      2.9710         1.00
      2.9720         1.00
      2.9730         1.00
      2.9740         1.00
      2.9750         1.00
      2.9760         1.00
      2.9770         1.00
      2.9780         1.00
      2.9790         1.00
      2.9800         1.00
      2.9810         1.00
      2.9820         1.00
      2.9830         1.00
      2.9840         1.00
      2.9850         1.00
      2.9860         1.00
      2.9870         1.00
      2.9880         1.00
      2.9890         1.00
      2.9900         1.00
      2.9910         1.00
      2.9920         1.00
      2.9930         1.00
      2.9940         1.00
      2.9950         1.00
      2.9960         1.00
      2.9970         1.00
      2.9980         1.00
      2.9990         1.00
