        Time   Palpation Force
      0.0000         1.00
      0.0010         1.00
      0.0020         1.00
      0.0030         1.00
      0.0040         1.00
      0.0050         1.00
      0.0060         1.00
      0.0070         1.72
      0.0080         2.00
      0.0090         2.22
      0.0100         2.42
      0.0110         2.63
      0.0120         2.85
      0.0130         3.06
      0.0140         3.28
      0.0150         3.51
      0.0160         3.76
      0.0170         4.04
      0.0180         4.29
      0.0190         4.55
      0.0200         4.55
      0.0210         4.66
      0.0220         4.67
      0.0230         4.74
      0.0240         4.77
      0.0250         4.69
      0.0260         4.66
      0.0270         4.54
      0.0280         4.46
      0.0290         4.48
      0.0300         4.53
      0.0310         4.54
      0.0320         5.13
      0.0330         5.24
      0.0340         4.74
      0.0350         4.65
      0.0360         4.62
      0.0370         4.52
      0.0380         4.48
      0.0390         4.43
      0.0400         4.47
      0.0410         4.46
      0.0420         4.48
      0.0430         4.51
      0.0440         4.57
      0.0450         4.65
      0.0460         4.73
      0.0470         4.84
      0.0480         4.89
      0.0490         4.86
      0.0500         5.33
      0.0510         5.37
      0.0520         5.20
      0.0530         5.13
      0.0540         5.06
      0.0550         4.61
      0.0560         4.65
      0.0570         5.20
      0.0580         4.61
      0.0590         4.62
      0.0600         4.61
      0.0610         4.62
      0.0620         4.72
      0.0630         4.63
      0.0640         4.51
      0.0650         4.46
      0.0660         4.27
      0.0670         4.28
      0.0680         4.32
      0.0690         4.35
      0.0700         4.32
      0.0710         4.27
      0.0720         4.38
      0.0730         4.40
      0.0740         4.43
      0.0750         4.45
      0.0760         4.35
      0.0770         4.32
      0.0780         4.51
      0.0790         4.51
      0.0800         4.54
      0.0810         4.51
      0.0820         4.42
      0.0830         4.42
      0.0840         4.44
      0.0850         4.39
      0.0860         4.49
      0.0870         4.47
      0.0880         4.40
      0.0890         4.42
      0.0900         4.42
      0.0910         4.54
      0.0920         4.46
      0.0930         4.42
      0.0940         4.39
      0.0950         4.35
      0.0960         4.36
      0.0970         4.39
      0.0980         4.32
      0.0990         4.32
      0.1000         4.38
      0.1010         4.44
      0.1020         4.47
      0.1030         4.62
      0.1040         4.54
      0.1050         5.06
      0.1060         4.61
      0.1070         4.55
      0.1080         4.61
      0.1090         4.51
      0.1100         4.62
      0.1110         4.62
      0.1120         4.70
      0.1130         4.85
      0.1140         4.78
      0.1150         4.81
      0.1160         4.90
      0.1170         4.85
      0.1180         4.92
      0.1190         4.82
      0.1200         4.83
      0.1210         4.82
      0.1220         4.82
      0.1230         4.62
      0.1240         4.73
      0.1250         4.84
      0.1260         4.86
      0.1270         4.89
      0.1280         4.84
      0.1290         4.93
      0.1300         4.97
      0.1310         5.04
      0.1320         5.01
      0.1330         5.40
      0.1340         4.93
      0.1350         5.51
      0.1360         5.48
      0.1370         5.52
      0.1380         5.49
      0.1390         5.59
      0.1400         4.90
      0.1410         4.89
      0.1420         4.92
      0.1430         5.48
      0.1440         5.45
      0.1450         5.48
      0.1460         4.93
      0.1470         4.89
      0.1480         4.85
      0.1490         4.90
      0.1500         4.84
      0.1510         4.74
      0.1520         4.75
      0.1530         4.69
      0.1540         4.71
      0.1550         4.71
      0.1560         4.75
      0.1570         4.74
      0.1580         4.66
      0.1590         4.65
      0.1600         4.73
      0.1610         4.74
      0.1620         4.67
      0.1630         4.68
      0.1640         4.85
      0.1650         4.75
      0.1660         4.74
      0.1670         4.75
      0.1680         4.78
      0.1690         4.68
      0.1700         4.70
      0.1710         4.75
      0.1720         4.77
      0.1730         4.83
      0.1740         4.85
      0.1750         4.89
      0.1760         4.82
      0.1770         4.78
      0.1780         4.87
      0.1790         5.00
      0.1800         5.04
      0.1810         5.03
      0.1820         5.01
      0.1830         5.01
      0.1840         4.96
      0.1850         5.01
      0.1860         5.02
      0.1870         5.02
      0.1880         5.04
      0.1890         5.11
      0.1900         5.05
      0.1910         4.93
      0.1920         4.89
      0.1930         4.90
      0.1940         4.88
      0.1950         4.85
      0.1960         4.93
      0.1970         5.04
      0.1980         5.04
      0.1990         4.89
      0.2000         4.97
      0.2010         4.96
      0.2020         5.01
      0.2030         4.98
      0.2040         4.97
      0.2050         4.90
      0.2060         4.92
      0.2070         5.04
      0.2080         5.08
      0.2090         5.05
      0.2100         5.12
      0.2110         5.16
      0.2120         5.31
      0.2130         5.35
      0.2140         5.45
      0.2150         5.50
      0.2160         5.38
      0.2170         5.26
      0.2180         5.23
      0.2190         5.32
      0.2200         5.24
      0.2210         5.28
      0.2220         5.41
      0.2230         5.57
      0.2240         5.47
      0.2250         5.51
      0.2260         5.98
      0.2270         5.32
      0.2280         5.34
      0.2290         5.83
      0.2300         5.80
      0.2310         5.31
      0.2320         5.68
      0.2330         5.21
      0.2340         5.12
      0.2350         5.09
      0.2360         5.21
      0.2370         5.25
      0.2380         5.31
      0.2390         5.36
      0.2400         5.27
      0.2410         5.29
      0.2420         5.13
      0.2430         5.04
      0.2440         5.09
      0.2450         5.07
      0.2460         5.05
      0.2470         5.01
      0.2480         5.00
      0.2490         5.11
      0.2500         5.07
      0.2510         5.04
      0.2520         5.08
      0.2530         5.01
      0.2540         5.04
      0.2550         5.02
      0.2560         4.96
      0.2570         5.00
      0.2580         4.97
      0.2590         4.96
      0.2600         5.12
      0.2610         5.11
      0.2620         5.15
      0.2630         5.14
      0.2640         5.63
      0.2650         5.20
      0.2660         5.78
      0.2670         5.27
      0.2680         6.34
      0.2690         6.19
      0.2700         5.75
      0.2710         5.23
      0.2720         5.29
      0.2730         5.90
      0.2740         5.38
      0.2750         5.31
      0.2760         5.36
      0.2770         5.27
      0.2780         5.26
      0.2790         5.76
      0.2800         5.68
      0.2810         5.62
      0.2820         5.05
      0.2830         5.07
      0.2840         5.09
      0.2850         4.96
      0.2860         4.92
      0.2870         4.86
      0.2880         4.90
      0.2890         5.00
      0.2900         4.96
      0.2910         4.97
      0.2920         4.93
      0.2930         4.90
      0.2940         4.82
      0.2950         4.91
      0.2960         4.89
      0.2970         4.89
      0.2980         4.91
      0.2990         5.00
      0.3000         5.00
      0.3010         5.11
      0.3020         5.23
      0.3030         5.24
      0.3040         5.23
      0.3050         5.24
      0.3060         5.31
      0.3070         5.31
      0.3080         5.31
      0.3090         5.30
      0.3100         5.16
      0.3110         5.20
      0.3120         5.20
      0.3130         5.15
      0.3140         5.22
      0.3150         5.22
      0.3160         5.16
      0.3170         5.22
      0.3180         5.14
      0.3190         5.06
      0.3200         4.91
      0.3210         4.91
      0.3220         4.88
      0.3230         4.89
      0.3240         4.92
      0.3250         4.87
      0.3260         4.89
      0.3270         4.98
      0.3280         5.02
      0.3290         5.03
      0.3300         5.10
      0.3310         4.96
      0.3320         4.97
      0.3330         4.96
      0.3340         4.95
      0.3350         4.96
      0.3360         5.00
      0.3370         4.99
      0.3380         4.99
      0.3390         4.96
      0.3400         5.18
      0.3410         5.07
      0.3420         5.08
      0.3430         5.06
      0.3440         4.95
      0.3450         5.06
      0.3460         5.56
      0.3470         5.15
      0.3480         5.66
      0.3490         5.53
      0.3500         5.49
      0.3510         5.01
      0.3520         5.03
      0.3530         5.15
      0.3540         5.16
      0.3550         5.12
      0.3560         5.17
      0.3570         5.24
      0.3580         5.21
      0.3590         5.26
      0.3600         5.12
      0.3610         5.24
      0.3620         5.16
      0.3630         5.20
      0.3640         5.32
      0.3650         5.24
      0.3660         5.32
      0.3670         5.23
      0.3680         5.22
      0.3690         5.32
      0.3700         5.41
      0.3710         5.46
      0.3720         5.53
      0.3730         5.31
      0.3740         5.45
      0.3750         5.52
      0.3760         5.45
      0.3770         5.47
      0.3780         5.62
      0.3790         5.60
      0.3800         5.61
      0.3810         6.20
      0.3820         6.17
      0.3830         6.15
      0.3840         6.11
      0.3850         5.67
      0.3860         5.71
      0.3870         5.67
      0.3880         5.76
      0.3890         5.81
      0.3900         5.75
      0.3910         5.70
      0.3920         5.62
      0.3930         5.74
      0.3940         5.62
      0.3950         5.59
      0.3960         5.63
      0.3970         5.57
      0.3980         5.49
      0.3990         5.42
      0.4000         5.40
      0.4010         5.35
      0.4020         5.40
      0.4030         5.35
      0.4040         5.42
      0.4050         5.43
      0.4060         5.34
      0.4070         5.25
      0.4080         5.27
      0.4090         5.20
      0.4100         5.27
      0.4110         5.28
      0.4120         5.28
      0.4130         5.30
      0.4140         5.30
      0.4150         5.30
      0.4160         5.27
      0.4170         5.26
      0.4180         5.41
      0.4190         5.45
      0.4200         5.54
      0.4210         5.51
      0.4220         5.54
      0.4230         5.46
      0.4240         5.39
      0.4250         5.42
      0.4260         5.38
      0.4270         5.47
      0.4280         5.34
      0.4290         5.30
      0.4300         5.24
      0.4310         5.30
      0.4320         5.22
      0.4330         5.20
      0.4340         5.18
      0.4350         5.16
      0.4360         5.16
      0.4370         5.13
      0.4380         5.05
      0.4390         5.05
      0.4400         5.03
      0.4410         4.94
      0.4420         4.94
      0.4430         5.02
      0.4440         4.94
      0.4450         4.92
      0.4460         4.94
      0.4470         4.87
      0.4480         5.00
      0.4490         4.89
      0.4500         4.89
      0.4510         4.86
      0.4520         4.83
      0.4530         4.81
      0.4540         4.89
      0.4550         4.97
      0.4560         4.97
      0.4570         5.07
      0.4580         5.05
      0.4590         5.55
      0.4600         5.54
      0.4610         5.74
      0.4620         5.67
      0.4630         5.79
      0.4640         5.82
      0.4650         5.82
      0.4660         5.70
      0.4670         6.36
      0.4680         5.88
      0.4690         6.49
      0.4700         5.93
      0.4710         5.86
      0.4720         6.56
      0.4730         6.55
      0.4740         6.56
      0.4750         6.37
      0.4760         5.28
      0.4770         5.27
      0.4780         5.35
      0.4790         5.37
      0.4800         5.38
      0.4810         5.35
      0.4820         5.35
      0.4830         5.32
      0.4840         5.34
      0.4850         5.43
      0.4860         5.50
      0.4870         5.42
      0.4880         5.34
      0.4890         5.31
      0.4900         5.38
      0.4910         5.47
      0.4920         5.40
      0.4930         5.46
      0.4940         5.42
      0.4950         5.38
      0.4960         5.89
      0.4970         5.90
      0.4980         5.84
      0.4990         5.87
      0.5000         5.98
      0.5010         5.91
      0.5020         5.91
      0.5030         5.83
      0.5040         5.82
      0.5050         5.76
      0.5060         5.79
      0.5070         5.81
      0.5080         5.32
      0.5090         5.90
      0.5100         5.37
      0.5110         5.37
      0.5120         5.98
      0.5130         5.94
      0.5140         5.76
      0.5150         5.80
      0.5160         5.83
      0.5170         5.20
      0.5180         5.16
      0.5190         5.09
      0.5200         5.63
      0.5210         5.67
      0.5220         5.70
      0.5230         5.77
      0.5240         5.30
      0.5250         5.23
      0.5260         5.24
      0.5270         5.22
      0.5280         5.17
      0.5290         5.27
      0.5300         5.26
      0.5310         5.23
      0.5320         5.17
      0.5330         5.36
      0.5340         5.49
      0.5350         5.59
      0.5360         5.70
      0.5370         5.82
      0.5380         5.97
      0.5390         6.05
      0.5400         6.10
      0.5410         6.18
      0.5420         6.30
      0.5430         6.32
      0.5440         6.33
      0.5450         6.42
      0.5460         6.46
      0.5470         7.06
      0.5480         7.19
      0.5490         7.16
      0.5500         7.10
      0.5510         7.16
      0.5520         7.28
      0.5530         7.72
      0.5540         7.22
      0.5550         7.11
      0.5560         7.08
      0.5570         7.12
      0.5580         7.01
      0.5590         7.03
      0.5600         6.91
      0.5610         6.85
      0.5620         6.26
      0.5630         6.22
      0.5640         6.66
      0.5650         6.09
      0.5660         6.00
      0.5670         5.96
      0.5680         5.92
      0.5690         5.89
      0.5700         6.00
      0.5710         6.10
      0.5720         6.01
      0.5730         5.91
      0.5740         6.00
      0.5750         6.08
      0.5760         6.07
      0.5770         6.19
      0.5780         6.22
      0.5790         6.30
      0.5800         6.31
      0.5810         6.41
      0.5820         6.37
      0.5830         6.44
      0.5840         6.63
      0.5850         6.75
      0.5860         6.76
      0.5870         6.83
      0.5880         6.80
      0.5890         6.87
      0.5900         7.43
      0.5910         7.53
      0.5920         7.63
      0.5930         7.73
      0.5940         7.81
      0.5950         7.83
      0.5960         7.91
      0.5970         7.74
      0.5980         7.71
      0.5990         7.70
      0.6000         7.60
      0.6010         7.47
      0.6020         7.40
      0.6030         7.29
      0.6040         7.18
      0.6050         7.01
      0.6060         7.02
      0.6070         7.09
      0.6080         6.97
      0.6090         6.89
      0.6100         6.34
      0.6110         6.28
      0.6120         6.30
      0.6130         6.24
      0.6140         6.28
      0.6150         6.27
      0.6160         6.23
      0.6170         6.26
      0.6180         6.19
      0.6190         6.18
      0.6200         6.22
      0.6210         6.33
      0.6220         6.42
      0.6230         6.49
      0.6240         6.52
      0.6250         6.71
      0.6260         6.73
      0.6270         7.23
      0.6280         7.43
      0.6290         7.49
      0.6300         7.59
      0.6310         7.57
      0.6320         7.58
      0.6330         7.77
      0.6340         7.78
      0.6350         7.70
      0.6360         7.88
      0.6370         7.92
      0.6380         7.92
      0.6390         8.00
      0.6400         8.00
      0.6410         8.05
      0.6420         8.14
      0.6430         8.20
      0.6440         8.30
      0.6450         8.30
      0.6460         8.27
      0.6470         8.66
      0.6480         8.47
      0.6490         7.96
      0.6500         7.99
      0.6510         8.05
      0.6520         7.97
      0.6530         7.95
      0.6540         7.89
      0.6550         8.03
      0.6560         7.93
      0.6570         7.48
      0.6580         7.60
      0.6590         7.51
      0.6600         7.48
      0.6610         7.45
      0.6620         7.33
      0.6630         7.97
      0.6640         7.94
      0.6650         8.00
      0.6660         8.23
      0.6670         8.43
      0.6680         8.67
      0.6690         9.16
      0.6700         9.08
      0.6710         9.25
      0.6720         9.29
      0.6730         8.85
      0.6740         8.93
      0.6750         8.96
      0.6760         9.63
      0.6770         9.80
      0.6780         9.89
      0.6790         9.91
      0.6800        10.19
      0.6810        10.22
      0.6820        10.23
      0.6830        10.11
      0.6840        10.23
      0.6850        10.27
      0.6860        10.08
      0.6870         9.56
      0.6880         9.55
      0.6890         9.70
      0.6900         9.83
      0.6910         9.79
      0.6920         9.82
      0.6930        10.46
      0.6940        10.52
      0.6950        10.75
      0.6960        10.74
      0.6970        10.85
      0.6980        10.85
      0.6990        11.01
      0.7000        10.89
      0.7010        10.84
      0.7020        11.01
      0.7030        11.02
      0.7040        11.15
      0.7050        11.22
      0.7060        11.26
      0.7070        11.42
      0.7080        11.57
      0.7090        11.69
      0.7100        11.65
      0.7110        11.64
      0.7120        11.87
      0.7130        11.96
      0.7140        12.06
      0.7150        12.01
      0.7160        12.13
      0.7170        12.08
      0.7180        12.19
      0.7190        12.21
      0.7200        12.38
      0.7210        12.55
      0.7220        12.71
      0.7230        12.74
      0.7240        12.78
      0.7250        12.77
      0.7260        12.84
      0.7270        12.89
      0.7280        12.91
      0.7290        12.91
      0.7300        13.01
      0.7310        13.03
      0.7320        12.83
      0.7330        12.85
      0.7340        13.12
      0.7350        13.18
      0.7360        13.08
      0.7370        13.21
      0.7380        13.19
      0.7390        13.38
      0.7400        13.45
      0.7410        13.46
      0.7420        13.43
      0.7430        13.56
      0.7440        13.52
      0.7450        13.54
      0.7460        13.74
      0.7470        13.74
      0.7480        13.99
      0.7490        14.14
      0.7500        14.24
      0.7510        14.46
      0.7520        14.71
      0.7530        14.88
      0.7540        14.84
      0.7550        15.14
      0.7560        15.33
      0.7570        15.46
      0.7580        15.53
      0.7590        15.59
      0.7600        15.55
      0.7610        15.60
      0.7620        15.74
      0.7630        15.81
      0.7640        15.85
      0.7650        16.07
      0.7660        16.19
      0.7670        16.27
      0.7680        16.27
      0.7690        16.48
      0.7700        16.62
      0.7710        16.61
      0.7720        16.60
      0.7730        16.68
      0.7740        16.78
      0.7750        16.61
      0.7760        16.64
      0.7770        16.87
      0.7780        17.11
      0.7790        17.26
      0.7800        17.59
      0.7810        17.76
      0.7820        17.94
      0.7830        18.23
      0.7840        18.51
      0.7850        18.69
      0.7860        18.66
      0.7870        18.93
      0.7880        19.03
      0.7890        19.20
      0.7900        19.43
      0.7910        19.66
      0.7920        20.05
      0.7930        20.02
      0.7940        20.11
      0.7950        20.40
      0.7960        20.73
      0.7970        20.85
      0.7980        21.01
      0.7990        21.03
      0.8000        21.05
      0.8010        21.28
      0.8020        21.40
      0.8030        21.58
      0.8040        21.67
      0.8050        21.72
      0.8060        21.98
      0.8070        22.01
      0.8080        22.13
      0.8090        21.98
      0.8100        22.17
      0.8110        22.20
      0.8120        22.11
      0.8130        22.16
      0.8140        22.38
      0.8150        22.43
      0.8160        22.39
      0.8170        22.39
      0.8180        22.48
      0.8190        22.60
      0.8200        22.60
      0.8210        22.71
      0.8220        22.75
      0.8230        22.75
      0.8240        22.75
      0.8250        22.87
      0.8260        22.99
      0.8270        23.10
      0.8280        23.34
      0.8290        23.60
      0.8300        23.68
      0.8310        23.95
      0.8320        24.14
      0.8330        24.53
      0.8340        24.70
      0.8350        24.93
      0.8360        25.16
      0.8370        25.36
      0.8380        25.48
      0.8390        25.70
      0.8400        25.99
      0.8410        26.06
      0.8420        26.22
      0.8430        26.25
      0.8440        26.54
      0.8450        26.64
      0.8460        26.63
      0.8470        26.77
      0.8480        26.65
      0.8490        26.84
      0.8500        26.80
      0.8510        26.74
      0.8520        26.86
      0.8530        26.84
      0.8540        26.90
      0.8550        26.95
      0.8560        27.01
      0.8570        27.01
      0.8580        27.09
      0.8590        27.21
      0.8600        27.40
      0.8610        27.69
      0.8620        27.80
      0.8630        28.07
      0.8640        28.23
      0.8650        28.67
      0.8660        29.02
      0.8670        29.25
      0.8680        29.64
      0.8690        29.83
      0.8700        30.17
      0.8710        30.32
      0.8720        30.47
      0.8730        30.70
      0.8740        30.90
      0.8750        31.02
      0.8760        31.32
      0.8770        31.65
      0.8780        31.78
      0.8790        31.83
      0.8800        31.95
      0.8810        32.10
      0.8820        32.26
      0.8830        32.38
      0.8840        32.41
      0.8850        32.46
      0.8860        32.29
      0.8870        32.37
      0.8880        32.33
      0.8890        32.26
      0.8900        32.14
      0.8910        32.43
      0.8920        32.42
      0.8930        32.45
      0.8940        32.41
      0.8950        32.50
      0.8960        32.56
      0.8970        32.61
      0.8980        32.60
      0.8990        32.84
      0.9000        32.89
      0.9010        32.83
      0.9020        32.94
      0.9030        33.00
      0.9040        33.02
      0.9050        32.93
      0.9060        33.30
      0.9070        33.45
      0.9080        33.60
      0.9090        33.76
      0.9100        34.02
      0.9110        34.16
      0.9120        34.37
      0.9130        34.47
      0.9140        34.63
      0.9150        34.80
      0.9160        34.98
      0.9170        34.98
      0.9180        35.30
      0.9190        35.45
      0.9200        35.57
      0.9210        35.79
      0.9220        35.87
      0.9230        36.08
      0.9240        36.26
      0.9250        36.46
      0.9260        36.48
      0.9270        36.61
      0.9280        36.69
      0.9290        36.95
      0.9300        36.95
      0.9310        36.88
      0.9320        36.77
      0.9330        36.84
      0.9340        37.02
      0.9350        36.98
      0.9360        36.89
      0.9370        37.07
      0.9380        37.03
      0.9390        36.92
      0.9400        36.92
      0.9410        36.99
      0.9420        36.99
      0.9430        36.97
      0.9440        37.15
      0.9450        37.21
      0.9460        37.30
      0.9470        37.33
      0.9480        37.27
      0.9490        37.15
      0.9500        37.27
      0.9510        37.29
      0.9520        37.57
      0.9530        37.76
      0.9540        37.74
      0.9550        38.04
      0.9560        38.19
      0.9570        38.12
      0.9580        38.23
      0.9590        38.32
      0.9600        38.40
      0.9610        38.44
      0.9620        38.68
      0.9630        38.75
      0.9640        38.83
      0.9650        38.98
      0.9660        39.01
      0.9670        38.98
      0.9680        39.25
      0.9690        39.47
      0.9700        39.58
      0.9710        39.70
      0.9720        39.81
      0.9730        39.71
      0.9740        39.78
      0.9750        39.63
      0.9760        39.61
      0.9770        39.84
      0.9780        39.90
      0.9790        40.09
      0.9800        40.23
      0.9810        40.23
      0.9820        40.21
      0.9830        40.35
      0.9840        40.33
      0.9850        40.34
      0.9860        40.49
      0.9870        40.56
      0.9880        40.46
      0.9890        40.46
      0.9900        40.61
      0.9910        40.78
      0.9920        40.65
      0.9930        40.96
      0.9940        41.17
      0.9950        41.43
      0.9960        41.63
      0.9970        41.62
      0.9980        41.75
      0.9990        41.79
      1.0000        41.98
      1.0010        42.06
      1.0020        42.29
      1.0030        42.16
      1.0040        42.34
      1.0050        42.44
      1.0060        42.41
      1.0070        42.38
      1.0080        42.51
      1.0090        42.48
      1.0100        42.40
      1.0110        42.33
      1.0120        42.50
      1.0130        42.50
      1.0140        42.42
      1.0150        42.34
      1.0160        42.21
      1.0170        42.24
      1.0180        42.34
      1.0190        42.16
      1.0200        42.14
      1.0210        42.15
      1.0220        42.15
      1.0230        42.27
      1.0240        42.29
      1.0250        42.32
      1.0260        42.43
      1.0270        42.60
      1.0280        42.65
      1.0290        42.86
      1.0300        42.91
      1.0310        43.03
      1.0320        43.14
      1.0330        43.14
      1.0340        43.18
      1.0350        43.22
      1.0360        43.45
      1.0370        43.67
      1.0380        43.76
      1.0390        44.00
      1.0400        44.13
      1.0410        44.39
      1.0420        44.31
      1.0430        44.38
      1.0440        44.47
      1.0450        44.53
      1.0460        44.57
      1.0470        44.61
      1.0480        44.74
      1.0490        44.69
      1.0500        44.76
      1.0510        44.91
      1.0520        44.96
      1.0530        44.96
      1.0540        44.89
      1.0550        44.89
      1.0560        44.91
      1.0570        44.75
      1.0580        44.79
      1.0590        44.86
      1.0600        44.65
      1.0610        44.59
      1.0620        44.65
      1.0630        44.67
      1.0640        44.53
      1.0650        44.48
      1.0660        44.45
      1.0670        44.41
      1.0680        44.37
      1.0690        44.48
      1.0700        44.48
      1.0710        44.39
      1.0720        44.37
      1.0730        44.46
      1.0740        44.51
      1.0750        44.68
      1.0760        44.75
      1.0770        44.80
      1.0780        44.72
      1.0790        44.83
      1.0800        45.07
      1.0810        45.23
      1.0820        45.44
      1.0830        45.74
      1.0840        45.91
      1.0850        45.96
      1.0860        46.00
      1.0870        46.12
      1.0880        46.18
      1.0890        46.34
      1.0900        46.43
      1.0910        46.53
      1.0920        46.66
      1.0930        46.68
      1.0940        46.79
      1.0950        46.78
      1.0960        46.67
      1.0970        46.78
      1.0980        46.84
      1.0990        46.68
      1.1000        46.57
      1.1010        46.45
      1.1020        46.31
      1.1030        46.01
      1.1040        45.98
      1.1050        46.04
      1.1060        46.02
      1.1070        45.98
      1.1080        46.10
      1.1090        45.78
      1.1100        45.77
      1.1110        45.67
      1.1120        45.56
      1.1130        45.49
      1.1140        45.49
      1.1150        45.34
      1.1160        45.39
      1.1170        45.36
      1.1180        45.28
      1.1190        45.24
      1.1200        45.24
      1.1210        45.28
      1.1220        45.38
      1.1230        45.50
      1.1240        45.47
      1.1250        45.35
      1.1260        45.39
      1.1270        45.42
      1.1280        45.35
      1.1290        45.47
      1.1300        45.46
      1.1310        45.38
      1.1320        45.43
      1.1330        45.39
      1.1340        45.38
      1.1350        45.56
      1.1360        45.55
      1.1370        45.47
      1.1380        45.40
      1.1390        45.40
      1.1400        45.40
      1.1410        45.30
      1.1420        45.05
      1.1430        44.95
      1.1440        44.83
      1.1450        44.73
      1.1460        44.54
      1.1470        44.44
      1.1480        44.32
      1.1490        44.36
      1.1500        44.35
      1.1510        44.38
      1.1520        44.27
      1.1530        44.34
      1.1540        44.39
      1.1550        44.27
      1.1560        44.27
      1.1570        44.41
      1.1580        44.48
      1.1590        44.62
      1.1600        44.70
      1.1610        44.76
      1.1620        45.00
      1.1630        44.99
      1.1640        45.09
      1.1650        45.19
      1.1660        45.31
      1.1670        45.32
      1.1680        45.40
      1.1690        45.32
      1.1700        45.25
      1.1710        45.35
      1.1720        45.48
      1.1730        45.47
      1.1740        45.43
      1.1750        45.47
      1.1760        45.34
      1.1770        45.13
      1.1780        45.13
      1.1790        45.03
      1.1800        44.92
      1.1810        44.84
      1.1820        44.56
      1.1830        44.60
      1.1840        44.49
      1.1850        44.64
      1.1860        44.49
      1.1870        44.61
      1.1880        44.47
      1.1890        44.31
      1.1900        44.24
      1.1910        44.21
      1.1920        44.15
      1.1930        44.09
      1.1940        44.03
      1.1950        43.98
      1.1960        44.05
      1.1970        44.18
      1.1980        43.95
      1.1990        43.82
      1.2000        43.79
      1.2010        43.67
      1.2020        43.87
      1.2030        43.73
      1.2040        43.83
      1.2050        43.66
      1.2060        43.84
      1.2070        43.71
      1.2080        43.75
      1.2090        43.84
      1.2100        44.00
      1.2110        43.96
      1.2120        43.79
      1.2130        43.79
      1.2140        43.69
      1.2150        43.60
      1.2160        43.61
      1.2170        43.54
      1.2180        43.56
      1.2190        43.58
      1.2200        43.41
      1.2210        43.42
      1.2220        43.30
      1.2230        43.35
      1.2240        43.18
      1.2250        43.29
      1.2260        43.22
      1.2270        43.17
      1.2280        43.11
      1.2290        43.18
      1.2300        43.14
      1.2310        43.13
      1.2320        43.15
      1.2330        43.13
      1.2340        43.21
      1.2350        43.05
      1.2360        43.01
      1.2370        42.86
      1.2380        43.09
      1.2390        43.17
      1.2400        43.32
      1.2410        43.56
      1.2420        43.52
      1.2430        43.52
      1.2440        43.66
      1.2450        43.57
      1.2460        43.56
      1.2470        43.67
      1.2480        43.66
      1.2490        43.54
      1.2500        43.46
      1.2510        43.38
      1.2520        43.43
      1.2530        43.38
      1.2540        43.28
      1.2550        43.28
      1.2560        43.31
      1.2570        43.39
      1.2580        43.20
      1.2590        43.09
      1.2600        42.91
      1.2610        42.50
      1.2620        42.48
      1.2630        42.41
      1.2640        42.28
      1.2650        42.21
      1.2660        42.16
      1.2670        42.09
      1.2680        41.94
      1.2690        41.90
      1.2700        41.75
      1.2710        41.71
      1.2720        41.68
      1.2730        41.53
      1.2740        41.41
      1.2750        41.40
      1.2760        41.10
      1.2770        40.88
      1.2780        40.85
      1.2790        40.85
      1.2800        40.96
      1.2810        40.99
      1.2820        40.85
      1.2830        40.74
      1.2840        40.66
      1.2850        40.58
      1.2860        40.51
      1.2870        40.46
      1.2880        40.58
      1.2890        40.57
      1.2900        40.58
      1.2910        40.47
      1.2920        40.35
      1.2930        40.50
      1.2940        40.53
      1.2950        40.76
      1.2960        40.76
      1.2970        40.94
      1.2980        40.73
      1.2990        40.51
      1.3000        40.52
      1.3010        40.63
      1.3020        40.52
      1.3030        40.52
      1.3040        40.44
      1.3050        40.43
      1.3060        40.32
      1.3070        40.24
      1.3080        40.17
      1.3090        40.24
      1.3100        40.24
      1.3110        40.17
      1.3120        40.13
      1.3130        39.93
      1.3140        39.91
      1.3150        39.74
      1.3160        39.81
      1.3170        39.56
      1.3180        39.64
      1.3190        39.70
      1.3200        39.59
      1.3210        39.56
      1.3220        39.55
      1.3230        39.52
      1.3240        39.42
      1.3250        39.40
      1.3260        39.37
      1.3270        39.36
      1.3280        39.30
      1.3290        39.02
      1.3300        38.94
      1.3310        38.97
      1.3320        38.93
      1.3330        38.85
      1.3340        38.73
      1.3350        38.67
      1.3360        38.55
      1.3370        38.66
      1.3380        38.61
      1.3390        38.55
      1.3400        38.46
      1.3410        38.26
      1.3420        38.34
      1.3430        38.27
      1.3440        38.28
      1.3450        38.11
      1.3460        38.08
      1.3470        37.88
      1.3480        37.68
      1.3490        37.57
      1.3500        37.37
      1.3510        37.27
      1.3520        37.26
      1.3530        37.24
      1.3540        37.10
      1.3550        36.98
      1.3560        36.94
      1.3570        36.75
      1.3580        36.68
      1.3590        36.55
      1.3600        36.39
      1.3610        36.29
      1.3620        36.12
      1.3630        36.12
      1.3640        36.05
      1.3650        36.06
      1.3660        36.01
      1.3670        36.03
      1.3680        35.99
      1.3690        36.08
      1.3700        36.20
      1.3710        36.27
      1.3720        36.16
      1.3730        36.11
      1.3740        36.14
      1.3750        36.14
      1.3760        36.13
      1.3770        36.21
      1.3780        36.06
      1.3790        36.05
      1.3800        36.20
      1.3810        36.26
      1.3820        36.39
      1.3830        36.22
      1.3840        36.25
      1.3850        36.29
      1.3860        36.28
      1.3870        36.21
      1.3880        36.21
      1.3890        36.10
      1.3900        36.01
      1.3910        35.82
      1.3920        35.71
      1.3930        35.56
      1.3940        35.51
      1.3950        35.39
      1.3960        35.31
      1.3970        35.17
      1.3980        35.09
      1.3990        34.99
      1.4000        34.60
      1.4010        34.49
      1.4020        34.21
      1.4030        34.15
      1.4040        34.02
      1.4050        33.85
      1.4060        33.63
      1.4070        33.54
      1.4080        33.48
      1.4090        33.47
      1.4100        33.31
      1.4110        33.24
      1.4120        33.17
      1.4130        33.32
      1.4140        33.34
      1.4150        33.22
      1.4160        33.12
      1.4170        33.02
      1.4180        33.08
      1.4190        33.10
      1.4200        33.24
      1.4210        33.09
      1.4220        33.13
      1.4230        32.99
      1.4240        32.96
      1.4250        32.90
      1.4260        33.05
      1.4270        33.01
      1.4280        32.88
      1.4290        32.79
      1.4300        32.81
      1.4310        32.80
      1.4320        32.73
      1.4330        32.63
      1.4340        32.52
      1.4350        32.51
      1.4360        32.58
      1.4370        32.65
      1.4380        32.52
      1.4390        32.43
      1.4400        32.39
      1.4410        32.39
      1.4420        32.25
      1.4430        32.29
      1.4440        32.35
      1.4450        32.30
      1.4460        32.12
      1.4470        32.16
      1.4480        32.20
      1.4490        32.31
      1.4500        32.41
      1.4510        32.39
      1.4520        32.39
      1.4530        32.42
      1.4540        32.44
      1.4550        32.36
      1.4560        32.32
      1.4570        32.22
      1.4580        32.28
      1.4590        32.32
      1.4600        32.31
      1.4610        32.29
      1.4620        32.48
      1.4630        32.31
      1.4640        32.17
      1.4650        32.05
      1.4660        32.08
      1.4670        31.94
      1.4680        31.89
      1.4690        31.70
      1.4700        31.34
      1.4710        31.16
      1.4720        31.03
      1.4730        30.69
      1.4740        30.51
      1.4750        30.44
      1.4760        30.17
      1.4770        30.17
      1.4780        29.99
      1.4790        29.84
      1.4800        29.66
      1.4810        29.64
      1.4820        29.39
      1.4830        29.41
      1.4840        29.24
      1.4850        29.19
      1.4860        28.97
      1.4870        28.90
      1.4880        28.71
      1.4890        28.59
      1.4900        28.79
      1.4910        28.90
      1.4920        28.94
      1.4930        28.97
      1.4940        29.02
      1.4950        28.96
      1.4960        28.95
      1.4970        28.76
      1.4980        28.78
      1.4990        28.74
      1.5000        28.66
      1.5010        28.40
      1.5020        28.26
      1.5030        28.14
      1.5040        28.18
      1.5050        28.18
      1.5060        28.21
      1.5070        28.17
      1.5080        28.04
      1.5090        27.94
      1.5100        27.73
      1.5110        27.49
      1.5120        27.28
      1.5130        27.05
      1.5140        26.85
      1.5150        26.77
      1.5160        26.62
      1.5170        26.48
      1.5180        26.26
      1.5190        25.99
      1.5200        25.86
      1.5210        25.93
      1.5220        25.86
      1.5230        25.73
      1.5240        25.61
      1.5250        25.57
      1.5260        25.48
      1.5270        25.29
      1.5280        25.48
      1.5290        25.57
      1.5300        25.52
      1.5310        25.60
      1.5320        25.54
      1.5330        25.67
      1.5340        25.62
      1.5350        25.70
      1.5360        25.66
      1.5370        25.76
      1.5380        25.86
      1.5390        25.96
      1.5400        26.05
      1.5410        25.99
      1.5420        25.98
      1.5430        25.91
      1.5440        25.84
      1.5450        25.65
      1.5460        25.61
      1.5470        25.68
      1.5480        25.50
      1.5490        25.38
      1.5500        25.18
      1.5510        24.98
      1.5520        24.99
      1.5530        24.80
      1.5540        24.71
      1.5550        24.53
      1.5560        24.47
      1.5570        24.14
      1.5580        24.06
      1.5590        23.94
      1.5600        23.74
      1.5610        23.44
      1.5620        23.32
      1.5630        23.32
      1.5640        23.19
      1.5650        23.12
      1.5660        22.88
      1.5670        22.66
      1.5680        22.50
      1.5690        22.41
      1.5700        22.30
      1.5710        22.30
      1.5720        22.33
      1.5730        22.39
      1.5740        22.34
      1.5750        22.27
      1.5760        22.13
      1.5770        22.19
      1.5780        22.20
      1.5790        22.24
      1.5800        22.22
      1.5810        22.31
      1.5820        22.20
      1.5830        22.12
      1.5840        21.97
      1.5850        21.93
      1.5860        21.99
      1.5870        21.99
      1.5880        21.99
      1.5890        21.77
      1.5900        21.76
      1.5910        21.62
      1.5920        21.39
      1.5930        21.06
      1.5940        20.90
      1.5950        20.76
      1.5960        20.86
      1.5970        20.76
      1.5980        20.51
      1.5990        20.05
      1.6000        19.91
      1.6010        19.86
      1.6020        19.72
      1.6030        19.60
      1.6040        19.59
      1.6050        19.52
      1.6060        19.30
      1.6070        19.13
      1.6080        19.11
      1.6090        19.13
      1.6100        18.97
      1.6110        18.78
      1.6120        18.75
      1.6130        18.73
      1.6140        18.74
      1.6150        18.79
      1.6160        18.70
      1.6170        18.47
      1.6180        18.59
      1.6190        18.84
      1.6200        18.88
      1.6210        18.89
      1.6220        18.92
      1.6230        18.88
      1.6240        18.71
      1.6250        18.63
      1.6260        18.67
      1.6270        18.68
      1.6280        18.56
      1.6290        18.37
      1.6300        18.50
      1.6310        18.52
      1.6320        18.34
      1.6330        18.39
      1.6340        18.35
      1.6350        18.04
      1.6360        17.90
      1.6370        17.97
      1.6380        17.66
      1.6390        17.50
      1.6400        17.30
      1.6410        17.06
      1.6420        17.04
      1.6430        17.04
      1.6440        16.95
      1.6450        16.85
      1.6460        16.65
      1.6470        16.62
      1.6480        16.60
      1.6490        16.61
      1.6500        16.41
      1.6510        16.33
      1.6520        16.09
      1.6530        16.00
      1.6540        15.95
      1.6550        15.91
      1.6560        15.92
      1.6570        15.89
      1.6580        15.95
      1.6590        15.92
      1.6600        15.85
      1.6610        15.84
      1.6620        15.84
      1.6630        15.78
      1.6640        15.88
      1.6650        15.92
      1.6660        15.97
      1.6670        15.86
      1.6680        15.78
      1.6690        15.78
      1.6700        15.78
      1.6710        15.60
      1.6720        15.75
      1.6730        15.72
      1.6740        15.54
      1.6750        15.44
      1.6760        15.43
      1.6770        15.37
      1.6780        15.27
      1.6790        15.22
      1.6800        15.25
      1.6810        15.18
      1.6820        15.05
      1.6830        14.73
      1.6840        14.50
      1.6850        14.31
      1.6860        14.20
      1.6870        14.10
      1.6880        13.88
      1.6890        13.73
      1.6900        13.66
      1.6910        13.74
      1.6920        13.65
      1.6930        13.50
      1.6940        13.41
      1.6950        13.47
      1.6960        13.30
      1.6970        13.07
      1.6980        13.03
      1.6990        13.04
      1.7000        13.03
      1.7010        12.96
      1.7020        12.83
      1.7030        12.95
      1.7040        13.02
      1.7050        12.98
      1.7060        12.91
      1.7070        12.90
      1.7080        12.96
      1.7090        12.92
      1.7100        12.84
      1.7110        12.83
      1.7120        12.85
      1.7130        12.91
      1.7140        12.97
      1.7150        12.81
      1.7160        12.69
      1.7170        12.68
      1.7180        12.52
      1.7190        12.32
      1.7200        11.47
      1.7210        11.28
      1.7220        11.24
      1.7230        11.19
      1.7240        11.00
      1.7250        10.84
      1.7260        10.87
      1.7270        10.71
      1.7280        10.44
      1.7290        10.33
      1.7300        10.12
      1.7310         9.92
      1.7320         9.81
      1.7330         9.67
      1.7340         9.59
      1.7350         9.66
      1.7360         9.68
      1.7370         9.66
      1.7380         9.57
      1.7390         9.51
      1.7400         9.74
      1.7410         9.82
      1.7420         9.69
      1.7430         9.72
      1.7440         9.86
      1.7450         9.93
      1.7460         9.78
      1.7470         9.86
      1.7480         9.95
      1.7490         9.98
      1.7500        10.00
      1.7510        10.02
      1.7520         9.82
      1.7530         9.75
      1.7540         9.71
      1.7550         9.62
      1.7560         9.53
      1.7570         9.38
      1.7580         9.36
      1.7590         9.30
      1.7600         9.07
      1.7610         9.00
      1.7620         9.07
      1.7630         9.07
      1.7640         8.92
      1.7650         8.84
      1.7660         8.76
      1.7670         8.55
      1.7680         8.96
      1.7690         8.95
      1.7700         8.29
      1.7710         8.12
      1.7720         8.19
      1.7730         8.19
      1.7740         8.00
      1.7750         8.49
      1.7760         7.94
      1.7770         7.96
      1.7780         8.11
      1.7790         8.59
      1.7800         8.06
      1.7810         8.15
      1.7820         8.04
      1.7830         7.95
      1.7840         7.87
      1.7850         7.83
      1.7860         7.81
      1.7870         7.77
      1.7880         7.80
      1.7890         7.63
      1.7900         7.71
      1.7910         7.83
      1.7920         7.80
      1.7930         7.84
      1.7940         7.97
      1.7950         7.89
      1.7960         8.43
      1.7970         8.41
      1.7980         8.31
      1.7990         8.21
      1.8000         8.25
      1.8010         8.08
      1.8020         7.93
      1.8030         7.81
      1.8040         7.77
      1.8050         7.66
      1.8060         7.14
      1.8070         7.03
      1.8080         6.73
      1.8090         6.80
      1.8100         6.65
      1.8110         6.36
      1.8120         6.14
      1.8130         5.56
      1.8140         5.51
      1.8150         5.43
      1.8160         5.37
      1.8170         5.27
      1.8180         5.24
      1.8190         5.10
      1.8200         4.99
      1.8210         4.94
      1.8220         5.02
      1.8230         5.06
      1.8240         5.12
      1.8250         5.10
      1.8260         4.89
      1.8270         4.85
      1.8280         4.94
      1.8290         4.83
      1.8300         4.86
      1.8310         4.97
      1.8320         5.08
      1.8330         5.49
      1.8340         5.01
      1.8350         5.53
      1.8360         5.52
      1.8370         5.67
      1.8380         5.44
      1.8390         5.47
      1.8400         5.41
      1.8410         5.45
      1.8420         5.34
      1.8430         5.19
      1.8440         5.11
      1.8450         4.91
      1.8460         4.83
      1.8470         4.82
      1.8480         4.72
      1.8490         4.61
      1.8500         4.54
      1.8510         4.46
      1.8520         4.34
      1.8530         4.23
      1.8540         4.12
      1.8550         4.03
      1.8560         3.38
      1.8570         3.29
      1.8580         3.30
      1.8590         3.24
      1.8600         3.28
      1.8610         3.32
      1.8620         3.24
      1.8630         3.28
      1.8640         3.29
      1.8650         3.32
      1.8660         3.43
      1.8670         3.49
      1.8680         3.44
      1.8690         3.47
      1.8700         3.39
      1.8710         3.37
      1.8720         3.37
      1.8730         3.50
      1.8740         3.40
      1.8750         3.37
      1.8760         3.45
      1.8770         3.45
      1.8780         3.35
      1.8790         3.32
      1.8800         3.26
      1.8810         3.18
      1.8820         3.32
      1.8830         3.25
      1.8840         3.06
      1.8850         3.06
      1.8860         3.04
      1.8870         3.06
      1.8880         3.21
      1.8890         3.08
      1.8900         3.10
      1.8910         3.00
      1.8920         2.94
      1.8930         2.84
      1.8940         2.94
      1.8950         2.94
      1.8960         2.84
      1.8970         2.79
      1.8980         2.87
      1.8990         2.78
      1.9000         2.82
      1.9010         2.71
      1.9020         2.59
      1.9030         2.64
      1.9040         2.76
      1.9050         2.75
      1.9060         2.77
      1.9070         2.66
      1.9080         2.44
      1.9090         2.54
      1.9100         2.47
      1.9110         2.44
      1.9120         2.44
      1.9130         2.47
      1.9140         2.40
      1.9150         2.47
      1.9160         2.51
      1.9170         2.42
      1.9180         2.33
      1.9190         2.42
      1.9200         2.38
      1.9210         2.48
      1.9220         2.44
      1.9230         2.41
      1.9240         2.41
      1.9250         2.31
      1.9260         2.20
      1.9270         2.12
      1.9280         2.18
      1.9290         2.12
      1.9300         2.01
      1.9310         1.91
      1.9320         1.84
      1.9330         1.70
      1.9340         1.76
      1.9350         1.61
      1.9360         1.54
      1.9370         1.57
      1.9380         1.66
      1.9390         1.53
      1.9400         1.51
      1.9410         1.51
      1.9420         1.58
      1.9430         1.57
      1.9440         1.54
      1.9450         1.56
      1.9460         1.54
      1.9470         1.52
      1.9480         1.52
      1.9490         1.45
      1.9500         1.58
      1.9510         1.61
      1.9520         1.65
      1.9530         1.75
      1.9540         1.71
      1.9550         1.81
      1.9560         1.79
      1.9570         1.85
      1.9580         1.72
      1.9590         1.69
      1.9600         1.64
      1.9610         1.48
      1.9620         1.39
      1.9630         1.27
      1.9640         1.16
      1.9650         1.23
      1.9660         1.19
      1.9670         1.22
      1.9680         1.09
      1.9690         1.16
      1.9700         1.09
      1.9710         1.19
      1.9720         1.08
      1.9730         1.09
      1.9740         1.08
      1.9750         1.00
      1.9760         1.00
      1.9770         1.00
      1.9780         1.00
      1.9790         1.00
      1.9800         1.00
      1.9810         1.00
      1.9820         1.00
      1.9830         1.00
      1.9840         1.00
      1.9850         1.00
      1.9860         1.00
      1.9870         1.00
      1.9880         1.00
      1.9890         1.00
      1.9900         1.00
      1.9910         1.00
      1.9920         1.00
      1.9930         1.00
      1.9940         1.00
      1.9950         1.00
      1.9960         1.00
      1.9970         1.00
      1.9980         1.00
      1.9990         1.00
      2.0000         1.00
      2.0010         1.00
      2.0020         1.00
      2.0030         1.00
      2.0040         1.00
      2.0050         1.00
      2.0060         1.00
      2.0070         1.00
      2.0080         1.00
      2.0090         1.00
      2.0100         1.00
      2.0110         1.00
      2.0120         1.00
      2.0130         1.00
      2.0140         1.00
      2.0150         1.00
      2.0160         1.00
      2.0170         1.00
      2.0180         1.00
      2.0190         1.00
      2.0200         1.00
      2.0210         1.00
      2.0220         1.00
      2.0230         1.00
      2.0240         1.00
      2.0250         1.00
      2.0260         1.00
      2.0270         1.00
      2.0280         1.00
      2.0290         1.00
      2.0300         1.00
      2.0310         1.00
      2.0320         1.00
      2.0330         1.00
      2.0340         1.00
      2.0350         1.00
      2.0360         1.00
      2.0370         1.00
      2.0380         1.00
      2.0390         1.00
      2.0400         1.00
      2.0410         1.00
      2.0420         1.00
      2.0430         1.00
      2.0440         1.00
      2.0450         1.00
      2.0460         1.00
      2.0470         1.00
      2.0480         1.00
      2.0490         1.00
      2.0500         1.00
      2.0510         1.00
      2.0520         1.00
      2.0530         1.00
      2.0540         1.00
      2.0550         1.00
      2.0560         1.00
      2.0570         1.00
      2.0580         1.00
      2.0590         1.00
      2.0600         1.00
      2.0610         1.00
      2.0620         1.00
      2.0630         1.00
      2.0640         1.00
      2.0650         1.00
      2.0660         1.00
      2.0670         1.00
      2.0680         1.00
      2.0690         1.00
      2.0700         1.00
      2.0710         1.00
      2.0720         1.00
      2.0730         1.00
      2.0740         1.00
      2.0750         1.00
      2.0760         1.00
      2.0770         1.00
      2.0780         1.00
      2.0790         1.00
      2.0800         1.00
      2.0810         1.00
      2.0820         1.00
      2.0830         1.00
      2.0840         1.00
      2.0850         1.00
      2.0860         1.00
      2.0870         1.00
      2.0880         1.00
      2.0890         1.00
      2.0900         1.00
      2.0910         1.00
      2.0920         1.00
      2.0930         1.00
      2.0940         1.00
      2.0950         1.00
      2.0960         1.00
      2.0970         1.00
      2.0980         1.00
      2.0990         1.00
      2.1000         1.00
      2.1010         1.00
      2.1020         1.00
      2.1030         1.00
      2.1040         1.00
      2.1050         1.00
      2.1060         1.00
      2.1070         1.00
      2.1080         1.00
      2.1090         1.00
      2.1100         1.00
      2.1110         1.00
      2.1120         1.00
      2.1130         1.00
      2.1140         1.00
      2.1150         1.00
      2.1160         1.00
      2.1170         1.00
      2.1180         1.00
      2.1190         1.00
      2.1200         1.00
      2.1210         1.00
      2.1220         1.00
      2.1230         1.00
      2.1240         1.00
      2.1250         1.00
      2.1260         1.00
      2.1270         1.00
      2.1280         1.00
      2.1290         1.00
      2.1300         1.00
      2.1310         1.00
      2.1320         1.00
      2.1330         1.00
      2.1340         1.00
      2.1350         1.00
      2.1360         1.00
      2.1370         1.00
      2.1380         1.00
      2.1390         1.00
      2.1400         1.00
      2.1410         1.00
      2.1420         1.00
      2.1430         1.00
      2.1440         1.00
      2.1450         1.00
      2.1460         1.00
      2.1470         1.00
      2.1480         1.00
      2.1490         1.00
      2.1500         1.00
      2.1510         1.00
      2.1520         1.00
      2.1530         1.00
      2.1540         1.00
      2.1550         1.00
      2.1560         1.00
      2.1570         1.00
      2.1580         1.00
      2.1590         1.00
      2.1600         1.00
      2.1610         1.00
      2.1620         1.00
      2.1630         1.00
      2.1640         1.00
      2.1650         1.00
      2.1660         1.00
      2.1670         1.00
      2.1680         1.00
      2.1690         1.00
      2.1700         1.00
      2.1710         1.00
      2.1720         1.00
      2.1730         1.00
      2.1740         1.00
      2.1750         1.00
      2.1760         1.00
      2.1770         1.00
      2.1780         1.00
      2.1790         1.00
      2.1800         1.00
      2.1810         1.00
      2.1820         1.00
      2.1830         1.00
      2.1840         1.00
      2.1850         1.00
      2.1860         1.00
      2.1870         1.00
      2.1880         1.00
      2.1890         1.00
      2.1900         1.00
      2.1910         1.00
      2.1920         1.00
      2.1930         1.00
      2.1940         1.00
      2.1950         1.00
      2.1960         1.00
      2.1970         1.00
      2.1980         1.00
      2.1990         1.00
      2.2000         1.00
      2.2010         1.00
      2.2020         1.00
      2.2030         1.00
      2.2040         1.00
      2.2050         1.00
      2.2060         1.00
      2.2070         1.00
      2.2080         1.00
      2.2090         1.00
      2.2100         1.00
      2.2110         1.00
      2.2120         1.00
      2.2130         1.00
      2.2140         1.00
      2.2150         1.00
      2.2160         1.00
      2.2170         1.00
      2.2180         1.00
      2.2190         1.00
      2.2200         1.00
      2.2210         1.00
      2.2220         1.00
      2.2230         1.00
      2.2240         1.00
      2.2250         1.00
      2.2260         1.00
      2.2270         1.00
      2.2280         1.00
      2.2290         1.00
      2.2300         1.00
      2.2310         1.00
      2.2320         1.00
      2.2330         1.00
      2.2340         1.00
      2.2350         1.00
      2.2360         1.00
      2.2370         1.00
      2.2380         1.00
      2.2390         1.00
      2.2400         1.00
      2.2410         1.00
      2.2420         1.00
      2.2430         1.00
      2.2440         1.00
      2.2450         1.00
      2.2460         1.00
      2.2470         1.00
      2.2480         1.00
      2.2490         1.00
      2.2500         1.00
      2.2510         1.00
      2.2520         1.00
      2.2530         1.00
      2.2540         1.00
      2.2550         1.00
      2.2560         1.00
      2.2570         1.00
      2.2580         1.00
      2.2590         1.00
      2.2600         1.00
      2.2610         1.00
      2.2620         1.00
      2.2630         1.00
      2.2640         1.00
      2.2650         1.00
      2.2660         1.00
      2.2670         1.00
      2.2680         1.00
      2.2690         1.00
      2.2700         1.00
      2.2710         1.00
      2.2720         1.00
      2.2730         1.00
      2.2740         1.00
      2.2750         1.00
      2.2760         1.00
      2.2770         1.00
      2.2780         1.00
      2.2790         1.00
      2.2800         1.00
      2.2810         1.00
      2.2820         1.00
      2.2830         1.00
      2.2840         1.00
      2.2850         1.00
      2.2860         1.00
      2.2870         1.00
      2.2880         1.00
      2.2890         1.00
      2.2900         1.00
      2.2910         1.00
      2.2920         1.00
      2.2930         1.00
      2.2940         1.00
      2.2950         1.00
      2.2960         1.00
      2.2970         1.00
      2.2980         1.00
      2.2990         1.00
      2.3000         1.00
      2.3010         1.00
      2.3020         1.00
      2.3030         1.00
      2.3040         1.00
      2.3050         1.00
      2.3060         1.00
      2.3070         1.00
      2.3080         1.00
      2.3090         1.00
      2.3100         1.00
      2.3110         1.00
      2.3120         1.00
      2.3130         1.00
      2.3140         1.00
      2.3150         1.00
      2.3160         1.00
      2.3170         1.00
      2.3180         1.00
      2.3190         1.00
      2.3200         1.00
      2.3210         1.00
      2.3220         1.00
      2.3230         1.00
      2.3240         1.00
      2.3250         1.00
      2.3260         1.00
      2.3270         1.00
      2.3280         1.00
      2.3290         1.00
      2.3300         1.00
      2.3310         1.00
      2.3320         1.00
      2.3330         1.00
      2.3340         1.00
      2.3350         1.00
      2.3360         1.00
      2.3370         1.00
      2.3380         1.00
      2.3390         1.00
      2.3400         1.00
      2.3410         1.00
      2.3420         1.00
      2.3430         1.00
      2.3440         1.00
      2.3450         1.00
      2.3460         1.00
      2.3470         1.00
      2.3480         1.00
      2.3490         1.00
      2.3500         1.00
      2.3510         1.00
      2.3520         1.00
      2.3530         1.00
      2.3540         1.00
      2.3550         1.00
      2.3560         1.00
      2.3570         1.00
      2.3580         1.00
      2.3590         1.00
      2.3600         1.00
      2.3610         1.00
      2.3620         1.00
      2.3630         1.00
      2.3640         1.00
      2.3650         1.00
      2.3660         1.00
      2.3670         1.00
      2.3680         1.00
      2.3690         1.00
      2.3700         1.00
      2.3710         1.00
      2.3720         1.00
      2.3730         1.00
      2.3740         1.00
      2.3750         1.00
      2.3760         1.00
      2.3770         1.00
      2.3780         1.00
      2.3790         1.00
      2.3800         1.00
      2.3810         1.00
      2.3820         1.00
      2.3830         1.00
      2.3840         1.00
      2.3850         1.00
      2.3860         1.00
      2.3870         1.00
      2.3880         1.00
      2.3890         1.00
      2.3900         1.00
      2.3910         1.00
      2.3920         1.00
      2.3930         1.00
      2.3940         1.00
      2.3950         1.00
      2.3960         1.00
      2.3970         1.00
      2.3980         1.00
      2.3990         1.00
      2.4000         1.00
      2.4010         1.00
      2.4020         1.00
      2.4030         1.00
      2.4040         1.00
      2.4050         1.00
      2.4060         1.00
      2.4070         1.00
      2.4080         1.00
      2.4090         1.00
      2.4100         1.00
      2.4110         1.00
      2.4120         1.00
      2.4130         1.00
      2.4140         1.00
      2.4150         1.00
      2.4160         1.00
      2.4170         1.00
      2.4180         1.00
      2.4190         1.00
      2.4200         1.00
      2.4210         1.00
      2.4220         1.00
      2.4230         1.00
      2.4240         1.00
      2.4250         1.00
      2.4260         1.00
      2.4270         1.00
      2.4280         1.00
      2.4290         1.00
      2.4300         1.00
      2.4310         1.00
      2.4320         1.00
      2.4330         1.00
      2.4340         1.00
      2.4350         1.00
      2.4360         1.00
      2.4370         1.00
      2.4380         1.00
      2.4390         1.00
      2.4400         1.00
      2.4410         1.00
      2.4420         1.00
      2.4430         1.00
      2.4440         1.00
      2.4450         1.00
      2.4460         1.00
      2.4470         1.00
      2.4480         1.00
      2.4490         1.00
      2.4500         1.00
      2.4510         1.00
      2.4520         1.00
      2.4530         1.00
      2.4540         1.00
      2.4550         1.00
      2.4560         1.00
      2.4570         1.00
      2.4580         1.00
      2.4590         1.00
      2.4600         1.00
      2.4610         1.00
      2.4620         1.00
      2.4630         1.00
      2.4640         1.00
      2.4650         1.00
      2.4660         1.00
      2.4670         1.00
      2.4680         1.00
      2.4690         1.00
      2.4700         1.00
      2.4710         1.00
      2.4720         1.00
      2.4730         1.00
      2.4740         1.00
      2.4750         1.00
      2.4760         1.00
      2.4770         1.00
      2.4780         1.00
      2.4790         1.00
      2.4800         1.00
      2.4810         1.00
      2.4820         1.00
      2.4830         1.00
      2.4840         1.00
      2.4850         1.00
      2.4860         1.00
      2.4870         1.00
      2.4880         1.00
      2.4890         1.00
      2.4900         1.00
      2.4910         1.00
      2.4920         1.00
      2.4930         1.00
      2.4940         1.00
      2.4950         1.00
      2.4960         1.00
      2.4970         1.00
      2.4980         1.00
      2.4990         1.00
      2.5000         1.00
      2.5010         1.00
      2.5020         1.00
      2.5030         1.00
      2.5040         1.00
      2.5050         1.00
      2.5060         1.00
      2.5070         1.00
      2.5080         1.00
      2.5090         1.00
      2.5100         1.00
      2.5110         1.00
      2.5120         1.00
      2.5130         1.00
      2.5140         1.00
      2.5150         1.00
      2.5160         1.00
      2.5170         1.00
      2.5180         1.00
      2.5190         1.00
      2.5200         1.00
      2.5210         1.00
      2.5220         1.00
      2.5230         1.00
      2.5240         1.00
      2.5250         1.00
      2.5260         1.00
      2.5270         1.00
      2.5280         1.00
      2.5290         1.00
      2.5300         1.00
      2.5310         1.00
      2.5320         1.00
      2.5330         1.00
      2.5340         1.00
      2.5350         1.00
      2.5360         1.00
      2.5370         1.00
      2.5380         1.00
      2.5390         1.00
      2.5400         1.00
      2.5410         1.00
      2.5420         1.00
      2.5430         1.00
      2.5440         1.00
      2.5450         1.00
      2.5460         1.00
      2.5470         1.00
      2.5480         1.00
      2.5490         1.00
      2.5500         1.00
      2.5510         1.00
      2.5520         1.00
      2.5530         1.00
      2.5540         1.00
      2.5550         1.00
      2.5560         1.00
      2.5570         1.00
      2.5580         1.00
      2.5590         1.00
      2.5600         1.00
      2.5610         1.00
      2.5620         1.00
      2.5630         1.00
      2.5640         1.00
      2.5650         1.00
      2.5660         1.00
      2.5670         1.00
      2.5680         1.00
      2.5690         1.00
      2.5700         1.00
      2.5710         1.00
      2.5720         1.00
      2.5730         1.00
      2.5740         1.00
      2.5750         1.00
      2.5760         1.00
      2.5770         1.00
      2.5780         1.00
      2.5790         1.00
      2.5800         1.00
      2.5810         1.00
      2.5820         1.00
      2.5830         1.00
      2.5840         1.00
      2.5850         1.00
      2.5860         1.00
      2.5870         1.00
      2.5880         1.00
      2.5890         1.00
      2.5900         1.00
      2.5910         1.00
      2.5920         1.00
      2.5930         1.00
      2.5940         1.00
      2.5950         1.00
      2.5960         1.00
      2.5970         1.00
      2.5980         1.00
      2.5990         1.00
      2.6000         1.00
      2.6010         1.00
      2.6020         1.00
      2.6030         1.00
      2.6040         1.00
      2.6050         1.00
      2.6060         1.00
      2.6070         1.00
      2.6080         1.00
      2.6090         1.00
      2.6100         1.00
      2.6110         1.00
      2.6120         1.00
      2.6130         1.00
      2.6140         1.00
      2.6150         1.00
      2.6160         1.00
      2.6170         1.00
      2.6180         1.00
      2.6190         1.00
      2.6200         1.00
      2.6210         1.00
      2.6220         1.00
      2.6230         1.00
      2.6240         1.00
      2.6250         1.00
      2.6260         1.00
      2.6270         1.00
      2.6280         1.00
      2.6290         1.00
      2.6300         1.00
      2.6310         1.00
      2.6320         1.00
      2.6330         1.00
      2.6340         1.00
      2.6350         1.00
      2.6360         1.00
      2.6370         1.00
      2.6380         1.00
      2.6390         1.00
      2.6400         1.00
      2.6410         1.00
      2.6420         1.00
      2.6430         1.00
      2.6440         1.00
      2.6450         1.00
      2.6460         1.00
      2.6470         1.00
      2.6480         1.00
      2.6490         1.00
      2.6500         1.00
      2.6510         1.00
      2.6520         1.00
      2.6530         1.00
      2.6540         1.00
      2.6550         1.00
      2.6560         1.00
      2.6570         1.00
      2.6580         1.00
      2.6590         1.00
      2.6600         1.00
      2.6610         1.00
      2.6620         1.00
      2.6630         1.00
      2.6640         1.00
      2.6650         1.00
      2.6660         1.00
      2.6670         1.00
      2.6680         1.00
      2.6690         1.00
      2.6700         1.00
      2.6710         1.00
      2.6720         1.00
      2.6730         1.00
      2.6740         1.00
      2.6750         1.00
      2.6760         1.00
      2.6770         1.00
      2.6780         1.00
      2.6790         1.00
      2.6800         1.00
      2.6810         1.00
      2.6820         1.00
      2.6830         1.00
      2.6840         1.00
      2.6850         1.00
      2.6860         1.00
      2.6870         1.00
      2.6880         1.00
      2.6890         1.00
      2.6900         1.00
      2.6910         1.00
      2.6920         1.00
      2.6930         1.00
      2.6940         1.00
      2.6950         1.00
      2.6960         1.00
      2.6970         1.00
      2.6980         1.00
      2.6990         1.00
      2.7000         1.00
      2.7010         1.00
      2.7020         1.00
      2.7030         1.00
      2.7040         1.00
      2.7050         1.00
      2.7060         1.00
      2.7070         1.00
      2.7080         1.00
      2.7090         1.00
      2.7100         1.00
      2.7110         1.00
      2.7120         1.00
      2.7130         1.00
      2.7140         1.00
      2.7150         1.00
      2.7160         1.00
      2.7170         1.00
      2.7180         1.00
      2.7190         1.00
      2.7200         1.00
      2.7210         1.00
      2.7220         1.00
      2.7230         1.00
      2.7240         1.00
      2.7250         1.00
      2.7260         1.00
      2.7270         1.00
      2.7280         1.00
      2.7290         1.00
      2.7300         1.00
      2.7310         1.00
      2.7320         1.00
      2.7330         1.00
      2.7340         1.00
      2.7350         1.00
      2.7360         1.00
      2.7370         1.00
      2.7380         1.00
      2.7390         1.00
      2.7400         1.00
      2.7410         1.00
      2.7420         1.00
      2.7430         1.00
      2.7440         1.00
      2.7450         1.00
      2.7460         1.00
      2.7470         1.00
      2.7480         1.00
      2.7490         1.00
      2.7500         1.00
      2.7510         1.00
      2.7520         1.00
      2.7530         1.00
      2.7540         1.00
      2.7550         1.00
      2.7560         1.00
      2.7570         1.00
      2.7580         1.00
      2.7590         1.00
      2.7600         1.00
      2.7610         1.00
      2.7620         1.00
      2.7630         1.00
      2.7640         1.00
      2.7650         1.00
      2.7660         1.00
      2.7670         1.00
      2.7680         1.00
      2.7690         1.00
      2.7700         1.00
      2.7710         1.00
      2.7720         1.00
      2.7730         1.00
      2.7740         1.00
      2.7750         1.00
      2.7760         1.00
      2.7770         1.00
      2.7780         1.00
      2.7790         1.00
      2.7800         1.00
      2.7810         1.00
      2.7820         1.00
      2.7830         1.00
      2.7840         1.00
      2.7850         1.00
      2.7860         1.00
      2.7870         1.00
      2.7880         1.00
      2.7890         1.00
      2.7900         1.00
      2.7910         1.00
      2.7920         1.00
      2.7930         1.00
      2.7940         1.00
      2.7950         1.00
      2.7960         1.00
      2.7970         1.00
      2.7980         1.00
      2.7990         1.00
      2.8000         1.00
      2.8010         1.00
      2.8020         1.00
      2.8030         1.00
      2.8040         1.00
      2.8050         1.00
      2.8060         1.00
      2.8070         1.00
      2.8080         1.00
      2.8090         1.00
      2.8100         1.00
      2.8110         1.00
      2.8120         1.00
      2.8130         1.00
      2.8140         1.00
      2.8150         1.00
      2.8160         1.00
      2.8170         1.00
      2.8180         1.00
      2.8190         1.00
      2.8200         1.00
      2.8210         1.00
      2.8220         1.00
      2.8230         1.00
      2.8240         1.00
      2.8250         1.00
      2.8260         1.00
      2.8270         1.00
      2.8280         1.00
      2.8290         1.00
      2.8300         1.00
      2.8310         1.00
      2.8320         1.00
      2.8330         1.00
      2.8340         1.00
      2.8350         1.00
      2.8360         1.00
      2.8370         1.00
      2.8380         1.00
      2.8390         1.00
      2.8400         1.00
      2.8410         1.00
      2.8420         1.00
      2.8430         1.00
      2.8440         1.00
      2.8450         1.00
      2.8460         1.00
      2.8470         1.00
      2.8480         1.00
      2.8490         1.00
      2.8500         1.00
      2.8510         1.00
      2.8520         1.00
      2.8530         1.00
      2.8540         1.00
      2.8550         1.00
      2.8560         1.00
      2.8570         1.00
      2.8580         1.00
      2.8590         1.00
      2.8600         1.00
      2.8610         1.00
      2.8620         1.00
      2.8630         1.00
      2.8640         1.00
      2.8650         1.00
      2.8660         1.00
      2.8670         1.00
      2.8680         1.00
      2.8690         1.00
      2.8700         1.00
      2.8710         1.00
      2.8720         1.00
      2.8730         1.00
      2.8740         1.00
      2.8750         1.00
      2.8760         1.00
      2.8770         1.00
      2.8780         1.00
      2.8790         1.00
      2.8800         1.00
      2.8810         1.00
      2.8820         1.00
      2.8830         1.00
      2.8840         1.00
      2.8850         1.00
      2.8860         1.00
      2.8870         1.00
      2.8880         1.00
      2.8890         1.00
      2.8900         1.00
      2.8910         1.00
      2.8920         1.00
      2.8930         1.00
      2.8940         1.00
      2.8950         1.00
      2.8960         1.00
      2.8970         1.00
      2.8980         1.00
      2.8990         1.00
      2.9000         1.00
      2.9010         1.00
      2.9020         1.00
      2.9030         1.00
      2.9040         1.00
      2.9050         1.00
      2.9060         1.00
      2.9070         1.00
      2.9080         1.00
      2.9090         1.00
      2.9100         1.00
      2.9110         1.00
      2.9120         1.00
      2.9130         1.00
      2.9140         1.00
      2.9150         1.00
      2.9160         1.00
      2.9170         1.00
      2.9180         1.00
      2.9190         1.00
      2.9200         1.00
      2.9210         1.00
      2.9220         1.00
      2.9230         1.00
      2.9240         1.00
      2.9250         1.00
      2.9260         1.00
      2.9270         1.00
      2.9280         1.00
      2.9290         1.00
      2.9300         1.00
      2.9310         1.00
      2.9320         1.00
      2.9330         1.00
      2.9340         1.00
      2.9350         1.00
      2.9360         1.00
      2.9370         1.00
      2.9380         1.00
      2.9390         1.00
      2.9400         1.00
      2.9410         1.00
      2.9420         1.00
      2.9430         1.00
      2.9440         1.00
      2.9450         1.00
      2.9460         1.00
      2.9470         1.00
      2.9480         1.00
      2.9490         1.00
      2.9500         1.00
      2.9510         1.00
      2.9520         1.00
      2.9530         1.00
      2.9540         1.00
      2.9550         1.00
      2.9560         1.00
      2.9570         1.00
      2.9580         1.00
      2.9590         1.00
      2.9600         1.00
      2.9610         1.00
      2.9620         1.00
      2.9630         1.00
      2.9640         1.00
      2.9650         1.00
      2.9660         1.00
      2.9670         1.00
      2.9680         1.00
      2.9690         1.00
      2.9700         1.00
      2.9710         1.00
      2.9720         1.00
      2.9730         1.00
      2.9740         1.00
      2.9750         1.00
      2.9760         1.00
      2.9770         1.00
      2.9780         1.00
      2.9790         1.00
      2.9800         1.00
      2.9810         1.00
      2.9820         1.00
      2.9830         1.00
      2.9840         1.00
      2.9850         1.00
      2.9860         1.00
      2.9870         1.00
      2.9880         1.00
      2.9890         1.00
      2.9900         1.00
      2.9910         1.00
      2.9920         1.00
      2.9930         1.00
      2.9940         1.00
      2.9950         1.00
      2.9960         1.00
      2.9970         1.00
      2.9980         1.00
      2.9990         1.00
