        Time   Palpation Force
      0.0000         1.00
      0.0010         1.00
      0.0020         1.00
      0.0030         1.15
      0.0040         2.04
      0.0050         2.82
      0.0060         3.29
      0.0070         3.85
      0.0080         4.34
      0.0090         4.93
      0.0100         5.54
      0.0110         6.18
      0.0120         6.84
      0.0130         7.28
      0.0140         7.85
      0.0150         8.45
      0.0160         8.96
      0.0170         9.54
      0.0180        10.01
      0.0190        10.69
      0.0200        10.56
      0.0210        10.62
      0.0220        10.56
      0.0230        10.63
      0.0240        10.59
      0.0250        10.80
      0.0260        10.84
      0.0270        10.74
      0.0280        10.74
      0.0290        10.49
      0.0300        10.43
      0.0310        10.37
      0.0320        10.13
      0.0330        10.16
      0.0340        10.02
      0.0350         9.90
      0.0360         9.86
      0.0370         9.83
      0.0380         9.94
      0.0390         9.71
      0.0400         9.93
      0.0410         9.79
      0.0420         9.82
      0.0430         9.73
      0.0440         9.62
      0.0450         9.65
      0.0460         9.73
      0.0470         9.79
      0.0480         9.87
      0.0490        10.06
      0.0500        10.02
      0.0510         9.99
      0.0520        10.11
      0.0530        10.23
      0.0540        10.27
      0.0550        10.37
      0.0560        10.48
      0.0570        10.40
      0.0580        10.35
      0.0590        10.44
      0.0600        10.40
      0.0610        10.63
      0.0620        10.73
      0.0630        10.80
      0.0640        10.84
      0.0650        10.61
      0.0660        10.51
      0.0670        10.47
      0.0680        10.48
      0.0690        10.47
      0.0700        10.48
      0.0710        10.44
      0.0720        10.48
      0.0730        10.37
      0.0740        10.40
      0.0750        10.35
      0.0760        10.24
      0.0770        10.31
      0.0780        10.28
      0.0790        10.13
      0.0800        10.04
      0.0810         9.81
      0.0820         9.79
      0.0830         9.81
      0.0840         9.95
      0.0850        10.01
      0.0860         9.95
      0.0870         9.98
      0.0880         9.85
      0.0890         9.89
      0.0900         9.83
      0.0910         9.78
      0.0920         9.82
      0.0930         9.80
      0.0940         9.82
      0.0950         9.84
      0.0960         9.94
      0.0970        10.06
      0.0980        10.18
      0.0990        10.30
      0.1000        10.51
      0.1010        10.62
      0.1020        10.63
      0.1030        10.64
      0.1040        10.70
      0.1050        10.80
      0.1060        10.92
      0.1070        11.01
      0.1080        11.13
      0.1090        11.09
      0.1100        11.19
      0.1110        11.27
      0.1120        11.02
      0.1130        10.90
      0.1140        10.92
      0.1150        10.76
      0.1160        10.61
      0.1170        10.57
      0.1180        10.34
      0.1190        10.33
      0.1200        10.09
      0.1210         9.90
      0.1220         9.83
      0.1230         9.88
      0.1240         9.89
      0.1250         9.95
      0.1260         9.99
      0.1270         9.77
      0.1280         9.71
      0.1290         9.65
      0.1300         9.48
      0.1310         9.38
      0.1320         9.41
      0.1330         9.55
      0.1340         9.63
      0.1350         9.74
      0.1360        10.03
      0.1370         9.97
      0.1380        10.12
      0.1390        10.07
      0.1400        10.09
      0.1410        10.29
      0.1420        10.32
      0.1430        10.40
      0.1440        10.40
      0.1450        10.32
      0.1460        10.24
      0.1470        10.54
      0.1480        10.55
      0.1490        10.61
      0.1500        10.83
      0.1510        10.89
      0.1520        11.01
      0.1530        11.10
      0.1540        11.14
      0.1550        11.11
      0.1560        10.92
      0.1570        11.05
      0.1580        11.01
      0.1590        10.99
      0.1600        10.95
      0.1610        10.90
      0.1620        10.81
      0.1630        10.64
      0.1640        10.53
      0.1650        10.53
      0.1660        10.56
      0.1670        10.40
      0.1680        10.39
      0.1690        10.40
      0.1700        10.23
      0.1710        10.26
      0.1720        10.29
      0.1730        10.15
      0.1740        10.06
      0.1750        10.13
      0.1760        10.06
      0.1770         9.95
      0.1780         9.99
      0.1790        10.25
      0.1800        10.36
      0.1810        10.33
      0.1820        10.38
      0.1830        10.42
      0.1840        10.45
      0.1850        10.73
      0.1860        10.67
      0.1870        10.72
      0.1880        10.66
      0.1890        10.66
      0.1900        10.81
      0.1910        10.82
      0.1920        10.84
      0.1930        10.85
      0.1940        10.87
      0.1950        10.78
      0.1960        10.70
      0.1970        10.64
      0.1980        10.58
      0.1990        10.30
      0.2000        10.22
      0.2010        10.22
      0.2020        10.15
      0.2030        10.14
      0.2040         9.97
      0.2050         9.79
      0.2060         9.74
      0.2070         9.59
      0.2080         9.70
      0.2090         9.68
      0.2100         9.59
      0.2110         9.47
      0.2120         9.33
      0.2130         9.44
      0.2140         9.30
      0.2150         9.39
      0.2160         9.55
      0.2170         9.47
      0.2180         9.42
      0.2190         9.50
      0.2200         9.44
      0.2210         9.59
      0.2220         9.74
      0.2230         9.73
      0.2240        10.03
      0.2250        10.11
      0.2260        10.23
      0.2270        10.32
      0.2280        10.33
      0.2290        10.33
      0.2300        10.45
      0.2310        10.54
      0.2320        10.65
      0.2330        10.80
      0.2340        10.88
      0.2350        10.86
      0.2360        10.69
      0.2370        10.77
      0.2380        10.81
      0.2390        10.85
      0.2400        10.98
      0.2410        10.81
      0.2420        10.69
      0.2430        10.47
      0.2440        10.31
      0.2450        10.14
      0.2460        10.14
      0.2470         9.99
      0.2480         9.86
      0.2490         9.72
      0.2500         9.59
      0.2510         9.50
      0.2520         9.40
      0.2530         9.24
      0.2540         9.16
      0.2550         9.16
      0.2560         9.30
      0.2570         9.30
      0.2580         9.27
      0.2590         9.19
      0.2600         9.29
      0.2610         9.35
      0.2620         9.22
      0.2630         9.41
      0.2640         9.37
      0.2650         9.42
      0.2660         9.42
      0.2670         9.56
      0.2680         9.59
      0.2690         9.56
      0.2700         9.68
      0.2710         9.88
      0.2720         9.82
      0.2730         9.81
      0.2740         9.88
      0.2750         9.89
      0.2760         9.95
      0.2770         9.88
      0.2780         9.91
      0.2790        10.01
      0.2800         9.73
      0.2810         9.83
      0.2820         9.95
      0.2830         9.92
      0.2840         9.85
      0.2850         9.76
      0.2860         9.73
      0.2870         9.79
      0.2880         9.83
      0.2890         9.91
      0.2900         9.88
      0.2910         9.68
      0.2920         9.75
      0.2930         9.60
      0.2940         9.60
      0.2950         9.43
      0.2960         9.37
      0.2970         9.55
      0.2980         9.61
      0.2990         9.61
      0.3000         9.64
      0.3010         9.52
      0.3020         9.53
      0.3030         9.72
      0.3040         9.91
      0.3050        10.02
      0.3060        10.08
      0.3070        10.12
      0.3080        10.08
      0.3090        10.11
      0.3100        10.02
      0.3110        10.15
      0.3120        10.23
      0.3130        10.33
      0.3140        10.47
      0.3150        10.61
      0.3160        10.63
      0.3170        10.40
      0.3180        10.22
      0.3190        10.04
      0.3200        10.16
      0.3210        10.20
      0.3220        10.16
      0.3230        10.02
      0.3240         9.92
      0.3250         9.94
      0.3260         9.79
      0.3270         9.76
      0.3280         9.77
      0.3290         9.73
      0.3300         9.82
      0.3310         9.77
      0.3320         9.54
      0.3330         9.45
      0.3340         9.29
      0.3350         9.13
      0.3360         9.02
      0.3370         9.18
      0.3380         9.28
      0.3390         9.41
      0.3400         9.45
      0.3410         9.41
      0.3420         9.45
      0.3430         9.45
      0.3440         9.44
      0.3450         9.46
      0.3460         9.60
      0.3470         9.58
      0.3480         9.80
      0.3490         9.95
      0.3500         9.87
      0.3510         9.92
      0.3520        10.12
      0.3530        10.35
      0.3540        10.39
      0.3550        10.51
      0.3560        10.67
      0.3570        10.63
      0.3580        10.68
      0.3590        10.67
      0.3600        10.53
      0.3610        10.55
      0.3620        10.49
      0.3630        10.55
      0.3640        10.53
      0.3650        10.56
      0.3660        10.32
      0.3670        10.13
      0.3680         9.94
      0.3690         9.90
      0.3700         9.85
      0.3710         9.82
      0.3720         9.86
      0.3730         9.84
      0.3740         9.94
      0.3750        10.09
      0.3760        10.00
      0.3770         9.92
      0.3780         9.93
      0.3790         9.89
      0.3800        10.01
      0.3810        10.04
      0.3820        10.16
      0.3830        10.09
      0.3840        10.15
      0.3850        10.20
      0.3860        10.39
      0.3870        10.71
      0.3880        10.83
      0.3890        10.87
      0.3900        11.09
      0.3910        11.08
      0.3920        11.01
      0.3930        10.98
      0.3940        10.77
      0.3950        10.54
      0.3960        10.64
      0.3970        10.90
      0.3980        10.95
      0.3990        10.99
      0.4000        11.06
      0.4010        11.11
      0.4020        10.94
      0.4030        10.90
      0.4040        10.84
      0.4050        10.66
      0.4060        10.62
      0.4070        10.37
      0.4080        10.17
      0.4090        10.09
      0.4100         9.97
      0.4110         9.93
      0.4120         9.94
      0.4130         9.92
      0.4140         9.94
      0.4150        10.05
      0.4160         9.97
      0.4170         9.75
      0.4180         9.65
      0.4190         9.77
      0.4200         9.75
      0.4210         9.89
      0.4220        10.07
      0.4230        10.18
      0.4240        10.36
      0.4250        10.48
      0.4260        10.51
      0.4270        10.66
      0.4280        10.80
      0.4290        10.76
      0.4300        10.86
      0.4310        10.91
      0.4320        10.98
      0.4330        10.99
      0.4340        11.11
      0.4350        11.21
      0.4360        11.21
      0.4370        11.18
      0.4380        11.32
      0.4390        11.29
      0.4400        11.18
      0.4410        11.01
      0.4420        10.89
      0.4430        10.82
      0.4440        10.48
      0.4450        10.32
      0.4460        10.37
      0.4470        10.32
      0.4480        10.16
      0.4490        10.21
      0.4500        10.04
      0.4510         9.93
      0.4520         9.85
      0.4530         9.68
      0.4540         9.61
      0.4550         9.41
      0.4560         9.33
      0.4570         9.23
      0.4580         9.06
      0.4590         9.01
      0.4600         8.99
      0.4610         8.89
      0.4620         8.97
      0.4630         9.02
      0.4640         9.20
      0.4650         9.41
      0.4660         9.46
      0.4670         9.41
      0.4680         9.58
      0.4690         9.54
      0.4700         9.60
      0.4710         9.67
      0.4720         9.75
      0.4730         9.88
      0.4740         9.95
      0.4750        10.29
      0.4760        10.45
      0.4770        10.54
      0.4780        10.61
      0.4790        10.65
      0.4800        10.67
      0.4810        10.81
      0.4820        10.81
      0.4830        10.77
      0.4840        10.71
      0.4850        10.58
      0.4860        10.44
      0.4870        10.53
      0.4880        10.61
      0.4890        10.57
      0.4900        10.52
      0.4910        10.48
      0.4920        10.32
      0.4930        10.35
      0.4940        10.20
      0.4950        10.08
      0.4960         9.92
      0.4970         9.97
      0.4980        10.03
      0.4990        10.00
      0.5000         9.98
      0.5010         9.90
      0.5020         9.87
      0.5030         9.95
      0.5040         9.90
      0.5050         9.95
      0.5060        10.03
      0.5070         9.98
      0.5080         9.80
      0.5090         9.92
      0.5100        10.10
      0.5110        10.11
      0.5120        10.17
      0.5130        10.18
      0.5140        10.10
      0.5150        10.13
      0.5160        10.23
      0.5170        10.17
      0.5180        10.14
      0.5190        10.09
      0.5200        10.15
      0.5210        10.21
      0.5220        10.31
      0.5230        10.23
      0.5240        10.25
      0.5250        10.25
      0.5260        10.28
      0.5270        10.14
      0.5280        10.21
      0.5290        10.06
      0.5300         9.89
      0.5310         9.94
      0.5320         9.99
      0.5330         9.97
      0.5340        10.11
      0.5350         9.95
      0.5360         9.91
      0.5370         9.88
      0.5380         9.84
      0.5390         9.84
      0.5400         9.68
      0.5410         9.65
      0.5420         9.61
      0.5430         9.67
      0.5440         9.85
      0.5450         9.84
      0.5460         9.82
      0.5470         9.95
      0.5480         9.91
      0.5490        10.05
      0.5500        10.16
      0.5510        10.14
      0.5520        10.19
      0.5530        10.37
      0.5540        10.45
      0.5550        10.56
      0.5560        10.66
      0.5570        10.74
      0.5580        10.73
      0.5590        11.07
      0.5600        11.22
      0.5610        11.20
      0.5620        11.02
      0.5630        10.92
      0.5640        10.88
      0.5650        10.96
      0.5660        10.98
      0.5670        10.93
      0.5680        10.90
      0.5690        10.91
      0.5700        10.87
      0.5710        10.94
      0.5720        10.91
      0.5730        10.81
      0.5740        10.77
      0.5750        10.69
      0.5760        10.51
      0.5770        10.57
      0.5780        10.61
      0.5790        10.40
      0.5800        10.30
      0.5810        10.22
      0.5820        10.45
      0.5830        10.65
      0.5840        10.68
      0.5850        10.61
      0.5860        10.64
      0.5870        10.84
      0.5880        10.86
      0.5890        10.86
      0.5900        10.89
      0.5910        11.05
      0.5920        11.05
      0.5930        11.03
      0.5940        11.10
      0.5950        11.29
      0.5960        11.46
      0.5970        11.44
      0.5980        11.50
      0.5990        11.35
      0.6000        11.45
      0.6010        11.85
      0.6020        11.66
      0.6030        11.49
      0.6040        11.53
      0.6050        11.65
      0.6060        11.65
      0.6070        11.50
      0.6080        11.57
      0.6090        11.52
      0.6100        11.53
      0.6110        11.37
      0.6120        11.40
      0.6130        11.28
      0.6140        11.23
      0.6150        11.01
      0.6160        11.00
      0.6170        10.97
      0.6180        10.81
      0.6190        10.93
      0.6200        10.93
      0.6210        10.66
      0.6220        10.87
      0.6230        10.89
      0.6240        10.84
      0.6250        10.73
      0.6260        10.64
      0.6270        10.74
      0.6280        10.68
      0.6290        10.87
      0.6300        10.92
      0.6310        10.91
      0.6320        10.80
      0.6330        10.96
      0.6340        10.93
      0.6350        11.08
      0.6360        11.04
      0.6370        11.07
      0.6380        11.24
      0.6390        11.24
      0.6400        11.23
      0.6410        11.38
      0.6420        11.37
      0.6430        11.43
      0.6440        11.44
      0.6450        11.52
      0.6460        11.51
      0.6470        11.55
      0.6480        11.55
      0.6490        11.34
      0.6500        11.27
      0.6510        11.22
      0.6520        11.35
      0.6530        11.37
      0.6540        11.42
      0.6550        11.35
      0.6560        11.41
      0.6570        11.50
      0.6580        11.62
      0.6590        11.65
      0.6600        11.66
      0.6610        11.49
      0.6620        11.49
      0.6630        11.61
      0.6640        11.61
      0.6650        11.49
      0.6660        11.50
      0.6670        11.55
      0.6680        11.55
      0.6690        11.59
      0.6700        11.70
      0.6710        11.81
      0.6720        11.72
      0.6730        11.68
      0.6740        11.72
      0.6750        11.76
      0.6760        11.76
      0.6770        11.79
      0.6780        11.80
      0.6790        11.85
      0.6800        11.88
      0.6810        12.08
      0.6820        12.07
      0.6830        11.93
      0.6840        11.87
      0.6850        11.91
      0.6860        12.12
      0.6870        12.08
      0.6880        12.21
      0.6890        12.29
      0.6900        12.32
      0.6910        12.31
      0.6920        12.39
      0.6930        12.35
      0.6940        12.33
      0.6950        12.19
      0.6960        12.22
      0.6970        12.24
      0.6980        12.13
      0.6990        12.00
      0.7000        12.17
      0.7010        12.03
      0.7020        12.10
      0.7030        12.10
      0.7040        12.25
      0.7050        12.36
      0.7060        12.34
      0.7070        12.26
      0.7080        12.32
      0.7090        12.32
      0.7100        12.29
      0.7110        12.25
      0.7120        12.29
      0.7130        12.44
      0.7140        12.60
      0.7150        12.74
      0.7160        12.86
      0.7170        12.87
      0.7180        12.95
      0.7190        13.08
      0.7200        13.15
      0.7210        13.23
      0.7220        13.27
      0.7230        13.46
      0.7240        13.48
      0.7250        13.48
      0.7260        13.43
      0.7270        13.48
      0.7280        13.45
      0.7290        13.63
      0.7300        13.57
      0.7310        13.64
      0.7320        13.69
      0.7330        13.66
      0.7340        13.66
      0.7350        13.77
      0.7360        13.72
      0.7370        13.72
      0.7380        13.79
      0.7390        13.76
      0.7400        13.67
      0.7410        13.73
      0.7420        13.68
      0.7430        13.56
      0.7440        13.56
      0.7450        13.60
      0.7460        13.53
      0.7470        13.56
      0.7480        13.49
      0.7490        13.21
      0.7500        13.20
      0.7510        13.40
      0.7520        13.37
      0.7530        13.40
      0.7540        13.37
      0.7550        13.36
      0.7560        13.38
      0.7570        13.36
      0.7580        13.45
      0.7590        13.55
      0.7600        13.69
      0.7610        13.71
      0.7620        13.82
      0.7630        13.95
      0.7640        14.13
      0.7650        14.12
      0.7660        14.24
      0.7670        14.32
      0.7680        14.43
      0.7690        14.78
      0.7700        15.02
      0.7710        15.09
      0.7720        15.14
      0.7730        15.30
      0.7740        15.47
      0.7750        15.59
      0.7760        15.61
      0.7770        15.81
      0.7780        15.59
      0.7790        15.59
      0.7800        15.53
      0.7810        15.45
      0.7820        15.54
      0.7830        15.72
      0.7840        15.66
      0.7850        15.77
      0.7860        15.99
      0.7870        16.12
      0.7880        16.24
      0.7890        16.20
      0.7900        16.23
      0.7910        16.36
      0.7920        16.55
      0.7930        16.55
      0.7940        16.63
      0.7950        16.85
      0.7960        17.08
      0.7970        17.13
      0.7980        17.37
      0.7990        17.58
      0.8000        17.79
      0.8010        18.18
      0.8020        18.38
      0.8030        18.42
      0.8040        18.61
      0.8050        18.72
      0.8060        18.80
      0.8070        18.94
      0.8080        19.12
      0.8090        19.19
      0.8100        19.32
      0.8110        19.27
      0.8120        19.37
      0.8130        19.54
      0.8140        19.71
      0.8150        19.63
      0.8160        19.68
      0.8170        19.66
      0.8180        19.66
      0.8190        19.75
      0.8200        19.77
      0.8210        19.65
      0.8220        19.47
      0.8230        19.56
      0.8240        19.56
      0.8250        19.56
      0.8260        19.55
      0.8270        19.53
      0.8280        19.60
      0.8290        19.70
      0.8300        19.66
      0.8310        19.66
      0.8320        19.76
      0.8330        20.00
      0.8340        19.97
      0.8350        20.19
      0.8360        20.38
      0.8370        20.57
      0.8380        20.81
      0.8390        20.93
      0.8400        21.20
      0.8410        21.39
      0.8420        21.71
      0.8430        21.88
      0.8440        22.14
      0.8450        22.34
      0.8460        22.62
      0.8470        22.85
      0.8480        23.06
      0.8490        23.33
      0.8500        23.57
      0.8510        23.81
      0.8520        23.90
      0.8530        23.81
      0.8540        23.80
      0.8550        23.82
      0.8560        23.85
      0.8570        23.97
      0.8580        24.13
      0.8590        24.32
      0.8600        24.25
      0.8610        24.37
      0.8620        24.39
      0.8630        24.38
      0.8640        24.27
      0.8650        24.37
      0.8660        24.42
      0.8670        24.44
      0.8680        24.35
      0.8690        24.36
      0.8700        24.55
      0.8710        24.65
      0.8720        24.62
      0.8730        24.82
      0.8740        25.00
      0.8750        25.05
      0.8760        25.12
      0.8770        25.21
      0.8780        25.36
      0.8790        25.32
      0.8800        25.32
      0.8810        25.44
      0.8820        25.52
      0.8830        25.64
      0.8840        25.80
      0.8850        25.95
      0.8860        25.89
      0.8870        26.11
      0.8880        26.31
      0.8890        26.35
      0.8900        26.31
      0.8910        26.31
      0.8920        26.39
      0.8930        26.31
      0.8940        26.34
      0.8950        26.42
      0.8960        26.51
      0.8970        26.53
      0.8980        26.37
      0.8990        26.35
      0.9000        26.50
      0.9010        26.50
      0.9020        26.57
      0.9030        26.47
      0.9040        26.54
      0.9050        26.53
      0.9060        26.57
      0.9070        26.53
      0.9080        26.61
      0.9090        26.58
      0.9100        26.61
      0.9110        26.59
      0.9120        26.69
      0.9130        26.81
      0.9140        26.94
      0.9150        27.08
      0.9160        26.93
      0.9170        27.22
      0.9180        27.23
      0.9190        27.37
      0.9200        27.58
      0.9210        27.68
      0.9220        27.76
      0.9230        28.09
      0.9240        28.10
      0.9250        28.28
      0.9260        28.54
      0.9270        28.63
      0.9280        28.62
      0.9290        28.77
      0.9300        28.78
      0.9310        28.93
      0.9320        28.92
      0.9330        29.20
      0.9340        29.18
      0.9350        29.17
      0.9360        29.45
      0.9370        29.27
      0.9380        29.36
      0.9390        29.37
      0.9400        29.23
      0.9410        29.26
      0.9420        29.19
      0.9430        28.96
      0.9440        28.96
      0.9450        28.78
      0.9460        28.55
      0.9470        28.43
      0.9480        28.32
      0.9490        28.29
      0.9500        28.16
      0.9510        28.21
      0.9520        28.29
      0.9530        27.97
      0.9540        28.01
      0.9550        28.08
      0.9560        27.95
      0.9570        27.95
      0.9580        27.98
      0.9590        27.98
      0.9600        27.99
      0.9610        27.99
      0.9620        28.06
      0.9630        28.18
      0.9640        28.35
      0.9650        28.37
      0.9660        28.43
      0.9670        28.50
      0.9680        28.73
      0.9690        28.88
      0.9700        29.16
      0.9710        29.12
      0.9720        29.25
      0.9730        29.45
      0.9740        29.50
      0.9750        29.40
      0.9760        29.52
      0.9770        29.64
      0.9780        29.79
      0.9790        29.73
      0.9800        29.86
      0.9810        29.74
      0.9820        29.69
      0.9830        29.57
      0.9840        29.50
      0.9850        29.53
      0.9860        29.46
      0.9870        29.35
      0.9880        29.15
      0.9890        29.06
      0.9900        28.99
      0.9910        29.02
      0.9920        28.80
      0.9930        28.71
      0.9940        28.57
      0.9950        28.75
      0.9960        28.68
      0.9970        28.63
      0.9980        28.53
      0.9990        28.65
      1.0000        28.59
      1.0010        28.73
      1.0020        28.88
      1.0030        29.14
      1.0040        29.14
      1.0050        29.16
      1.0060        29.37
      1.0070        29.42
      1.0080        29.55
      1.0090        29.50
      1.0100        29.63
      1.0110        29.71
      1.0120        29.94
      1.0130        30.05
      1.0140        30.16
      1.0150        30.05
      1.0160        30.13
      1.0170        30.09
      1.0180        30.04
      1.0190        29.93
      1.0200        30.03
      1.0210        29.89
      1.0220        29.82
      1.0230        29.58
      1.0240        29.60
      1.0250        29.56
      1.0260        29.37
      1.0270        29.46
      1.0280        29.34
      1.0290        29.25
      1.0300        29.09
      1.0310        28.82
      1.0320        28.75
      1.0330        28.61
      1.0340        28.67
      1.0350        28.58
      1.0360        28.44
      1.0370        28.46
      1.0380        28.63
      1.0390        28.55
      1.0400        28.52
      1.0410        28.71
      1.0420        28.73
      1.0430        28.87
      1.0440        28.94
      1.0450        28.96
      1.0460        29.05
      1.0470        29.22
      1.0480        29.39
      1.0490        29.61
      1.0500        29.72
      1.0510        29.85
      1.0520        29.82
      1.0530        30.02
      1.0540        30.03
      1.0550        30.16
      1.0560        30.25
      1.0570        30.20
      1.0580        30.10
      1.0590        30.16
      1.0600        29.97
      1.0610        29.93
      1.0620        29.87
      1.0630        29.69
      1.0640        29.48
      1.0650        29.59
      1.0660        29.58
      1.0670        29.29
      1.0680        29.22
      1.0690        28.96
      1.0700        28.79
      1.0710        28.81
      1.0720        28.67
      1.0730        28.59
      1.0740        28.49
      1.0750        28.35
      1.0760        28.31
      1.0770        28.19
      1.0780        28.17
      1.0790        28.18
      1.0800        28.29
      1.0810        28.22
      1.0820        28.21
      1.0830        28.37
      1.0840        28.45
      1.0850        28.40
      1.0860        28.44
      1.0870        28.34
      1.0880        28.29
      1.0890        28.53
      1.0900        28.60
      1.0910        28.78
      1.0920        28.94
      1.0930        28.73
      1.0940        28.61
      1.0950        28.79
      1.0960        28.68
      1.0970        28.75
      1.0980        28.66
      1.0990        28.78
      1.1000        28.82
      1.1010        28.76
      1.1020        28.78
      1.1030        28.69
      1.1040        28.70
      1.1050        28.66
      1.1060        28.52
      1.1070        28.56
      1.1080        28.55
      1.1090        28.40
      1.1100        28.39
      1.1110        28.11
      1.1120        27.91
      1.1130        27.99
      1.1140        28.02
      1.1150        27.87
      1.1160        27.97
      1.1170        27.92
      1.1180        27.85
      1.1190        27.73
      1.1200        27.57
      1.1210        27.56
      1.1220        27.45
      1.1230        27.43
      1.1240        27.33
      1.1250        27.26
      1.1260        27.45
      1.1270        27.44
      1.1280        27.57
      1.1290        27.61
      1.1300        27.58
      1.1310        27.81
      1.1320        27.97
      1.1330        27.91
      1.1340        27.84
      1.1350        27.79
      1.1360        27.68
      1.1370        27.80
      1.1380        27.88
      1.1390        27.96
      1.1400        27.95
      1.1410        27.99
      1.1420        27.82
      1.1430        27.75
      1.1440        27.87
      1.1450        28.00
      1.1460        27.98
      1.1470        27.88
      1.1480        27.75
      1.1490        27.72
      1.1500        27.70
      1.1510        27.50
      1.1520        27.37
      1.1530        27.42
      1.1540        27.43
      1.1550        27.34
      1.1560        27.26
      1.1570        27.15
      1.1580        27.18
      1.1590        27.04
      1.1600        27.13
      1.1610        27.12
      1.1620        27.34
      1.1630        27.39
      1.1640        27.19
      1.1650        26.98
      1.1660        26.90
      1.1670        27.05
      1.1680        27.13
      1.1690        27.18
      1.1700        27.15
      1.1710        27.10
      1.1720        27.13
      1.1730        27.25
      1.1740        27.30
      1.1750        27.40
      1.1760        27.50
      1.1770        27.53
      1.1780        27.44
      1.1790        27.42
      1.1800        27.26
      1.1810        27.25
      1.1820        27.22
      1.1830        27.30
      1.1840        27.31
      1.1850        27.31
      1.1860        27.23
      1.1870        27.12
      1.1880        26.89
      1.1890        26.82
      1.1900        26.78
      1.1910        26.80
      1.1920        26.73
      1.1930        26.54
      1.1940        26.43
      1.1950        26.41
      1.1960        26.38
      1.1970        26.43
      1.1980        26.34
      1.1990        26.39
      1.2000        26.40
      1.2010        26.32
      1.2020        26.35
      1.2030        26.38
      1.2040        26.51
      1.2050        26.55
      1.2060        26.54
      1.2070        26.58
      1.2080        26.47
      1.2090        26.43
      1.2100        26.44
      1.2110        26.43
      1.2120        26.34
      1.2130        26.41
      1.2140        26.47
      1.2150        26.42
      1.2160        26.38
      1.2170        26.25
      1.2180        26.25
      1.2190        26.28
      1.2200        26.32
      1.2210        26.40
      1.2220        26.40
      1.2230        26.37
      1.2240        26.23
      1.2250        26.14
      1.2260        26.11
      1.2270        26.13
      1.2280        26.29
      1.2290        26.22
      1.2300        26.14
      1.2310        26.11
      1.2320        26.18
      1.2330        26.06
      1.2340        26.00
      1.2350        26.06
      1.2360        26.15
      1.2370        26.17
      1.2380        26.16
      1.2390        26.03
      1.2400        25.87
      1.2410        25.71
      1.2420        25.54
      1.2430        25.44
      1.2440        25.38
      1.2450        25.40
      1.2460        25.34
      1.2470        25.36
      1.2480        25.41
      1.2490        25.54
      1.2500        25.43
      1.2510        25.39
      1.2520        25.39
      1.2530        25.56
      1.2540        25.66
      1.2550        25.57
      1.2560        25.49
      1.2570        25.48
      1.2580        25.58
      1.2590        25.57
      1.2600        25.66
      1.2610        25.72
      1.2620        25.78
      1.2630        25.82
      1.2640        25.88
      1.2650        25.97
      1.2660        25.98
      1.2670        25.95
      1.2680        25.70
      1.2690        25.63
      1.2700        25.66
      1.2710        25.69
      1.2720        25.58
      1.2730        25.42
      1.2740        25.38
      1.2750        25.42
      1.2760        25.30
      1.2770        25.06
      1.2780        24.88
      1.2790        24.80
      1.2800        24.75
      1.2810        24.78
      1.2820        24.71
      1.2830        24.47
      1.2840        24.35
      1.2850        24.19
      1.2860        24.21
      1.2870        24.03
      1.2880        23.99
      1.2890        23.79
      1.2900        23.83
      1.2910        23.87
      1.2920        24.05
      1.2930        24.02
      1.2940        23.96
      1.2950        23.88
      1.2960        23.96
      1.2970        24.17
      1.2980        24.27
      1.2990        24.41
      1.3000        24.48
      1.3010        24.59
      1.3020        24.55
      1.3030        24.67
      1.3040        24.80
      1.3050        24.87
      1.3060        24.82
      1.3070        24.85
      1.3080        24.95
      1.3090        25.11
      1.3100        24.95
      1.3110        24.87
      1.3120        24.71
      1.3130        24.53
      1.3140        24.48
      1.3150        24.40
      1.3160        24.33
      1.3170        24.33
      1.3180        24.16
      1.3190        23.97
      1.3200        23.79
      1.3210        23.58
      1.3220        23.54
      1.3230        23.48
      1.3240        23.30
      1.3250        23.15
      1.3260        23.19
      1.3270        23.23
      1.3280        23.23
      1.3290        23.12
      1.3300        23.22
      1.3310        23.22
      1.3320        23.25
      1.3330        23.39
      1.3340        23.36
      1.3350        23.55
      1.3360        23.64
      1.3370        23.66
      1.3380        23.90
      1.3390        23.94
      1.3400        23.95
      1.3410        24.08
      1.3420        24.11
      1.3430        24.17
      1.3440        24.15
      1.3450        24.26
      1.3460        24.15
      1.3470        23.98
      1.3480        23.91
      1.3490        23.87
      1.3500        23.97
      1.3510        23.89
      1.3520        23.78
      1.3530        23.64
      1.3540        23.57
      1.3550        23.35
      1.3560        23.19
      1.3570        23.00
      1.3580        22.75
      1.3590        22.75
      1.3600        22.83
      1.3610        22.59
      1.3620        22.55
      1.3630        22.36
      1.3640        22.28
      1.3650        22.20
      1.3660        22.16
      1.3670        22.23
      1.3680        22.21
      1.3690        22.26
      1.3700        22.25
      1.3710        22.31
      1.3720        22.36
      1.3730        22.37
      1.3740        22.44
      1.3750        22.39
      1.3760        22.44
      1.3770        22.50
      1.3780        22.65
      1.3790        22.67
      1.3800        22.59
      1.3810        22.65
      1.3820        22.62
      1.3830        22.79
      1.3840        22.90
      1.3850        22.89
      1.3860        23.02
      1.3870        23.07
      1.3880        23.13
      1.3890        23.09
      1.3900        22.93
      1.3910        22.99
      1.3920        23.03
      1.3930        23.10
      1.3940        23.12
      1.3950        23.22
      1.3960        23.18
      1.3970        23.26
      1.3980        23.06
      1.3990        22.98
      1.4000        22.89
      1.4010        22.87
      1.4020        22.80
      1.4030        22.58
      1.4040        22.41
      1.4050        22.43
      1.4060        22.28
      1.4070        22.22
      1.4080        22.14
      1.4090        22.14
      1.4100        22.14
      1.4110        22.00
      1.4120        21.92
      1.4130        21.86
      1.4140        21.80
      1.4150        21.69
      1.4160        21.70
      1.4170        21.51
      1.4180        21.65
      1.4190        21.93
      1.4200        21.98
      1.4210        22.08
      1.4220        22.18
      1.4230        22.33
      1.4240        22.50
      1.4250        22.48
      1.4260        22.45
      1.4270        22.50
      1.4280        22.57
      1.4290        22.57
      1.4300        22.64
      1.4310        22.50
      1.4320        22.49
      1.4330        22.39
      1.4340        22.45
      1.4350        22.56
      1.4360        22.48
      1.4370        22.56
      1.4380        22.46
      1.4390        22.14
      1.4400        22.14
      1.4410        22.06
      1.4420        22.04
      1.4430        21.78
      1.4440        21.72
      1.4450        21.68
      1.4460        21.81
      1.4470        21.63
      1.4480        21.46
      1.4490        21.37
      1.4500        21.24
      1.4510        21.41
      1.4520        21.36
      1.4530        21.50
      1.4540        21.41
      1.4550        21.44
      1.4560        21.28
      1.4570        21.14
      1.4580        21.18
      1.4590        21.33
      1.4600        21.35
      1.4610        21.40
      1.4620        21.36
      1.4630        21.56
      1.4640        21.52
      1.4650        21.58
      1.4660        21.45
      1.4670        21.54
      1.4680        21.73
      1.4690        21.86
      1.4700        22.08
      1.4710        21.94
      1.4720        21.98
      1.4730        21.92
      1.4740        21.98
      1.4750        21.92
      1.4760        22.10
      1.4770        22.18
      1.4780        22.17
      1.4790        22.13
      1.4800        21.99
      1.4810        21.94
      1.4820        21.98
      1.4830        21.85
      1.4840        21.89
      1.4850        21.77
      1.4860        21.69
      1.4870        21.58
      1.4880        21.47
      1.4890        21.37
      1.4900        21.22
      1.4910        21.19
      1.4920        21.16
      1.4930        21.08
      1.4940        20.88
      1.4950        20.84
      1.4960        20.78
      1.4970        20.86
      1.4980        20.72
      1.4990        20.63
      1.5000        20.79
      1.5010        20.79
      1.5020        20.80
      1.5030        20.88
      1.5040        20.75
      1.5050        20.99
      1.5060        20.98
      1.5070        21.19
      1.5080        21.15
      1.5090        21.11
      1.5100        21.01
      1.5110        21.16
      1.5120        21.16
      1.5130        21.20
      1.5140        21.34
      1.5150        21.32
      1.5160        21.46
      1.5170        21.31
      1.5180        21.45
      1.5190        21.47
      1.5200        21.38
      1.5210        21.41
      1.5220        21.29
      1.5230        21.11
      1.5240        21.17
      1.5250        20.88
      1.5260        20.98
      1.5270        20.88
      1.5280        20.84
      1.5290        20.86
      1.5300        20.86
      1.5310        20.71
      1.5320        20.64
      1.5330        20.52
      1.5340        20.51
      1.5350        20.43
      1.5360        20.30
      1.5370        20.30
      1.5380        20.28
      1.5390        20.37
      1.5400        20.35
      1.5410        20.39
      1.5420        20.43
      1.5430        20.60
      1.5440        20.64
      1.5450        20.71
      1.5460        20.70
      1.5470        20.69
      1.5480        20.70
      1.5490        20.66
      1.5500        20.56
      1.5510        20.64
      1.5520        20.54
      1.5530        20.59
      1.5540        20.60
      1.5550        20.79
      1.5560        20.88
      1.5570        21.01
      1.5580        21.00
      1.5590        20.85
      1.5600        20.69
      1.5610        20.65
      1.5620        20.55
      1.5630        20.40
      1.5640        20.40
      1.5650        20.32
      1.5660        20.29
      1.5670        20.18
      1.5680        20.14
      1.5690        20.24
      1.5700        20.33
      1.5710        20.18
      1.5720        20.14
      1.5730        20.16
      1.5740        20.00
      1.5750        19.75
      1.5760        19.62
      1.5770        19.54
      1.5780        19.59
      1.5790        19.65
      1.5800        19.79
      1.5810        19.71
      1.5820        19.77
      1.5830        19.81
      1.5840        19.89
      1.5850        20.02
      1.5860        20.02
      1.5870        20.12
      1.5880        20.14
      1.5890        20.18
      1.5900        20.22
      1.5910        20.29
      1.5920        20.57
      1.5930        20.54
      1.5940        20.64
      1.5950        20.64
      1.5960        20.83
      1.5970        20.88
      1.5980        20.85
      1.5990        20.72
      1.6000        20.73
      1.6010        20.69
      1.6020        20.57
      1.6030        20.54
      1.6040        20.37
      1.6050        20.29
      1.6060        20.29
      1.6070        20.15
      1.6080        20.31
      1.6090        20.11
      1.6100        19.94
      1.6110        19.73
      1.6120        19.50
      1.6130        19.37
      1.6140        19.41
      1.6150        19.49
      1.6160        19.30
      1.6170        19.14
      1.6180        18.96
      1.6190        19.07
      1.6200        19.04
      1.6210        18.99
      1.6220        19.14
      1.6230        19.17
      1.6240        19.25
      1.6250        19.25
      1.6260        19.21
      1.6270        19.22
      1.6280        18.96
      1.6290        18.86
      1.6300        18.84
      1.6310        19.07
      1.6320        19.16
      1.6330        19.20
      1.6340        19.23
      1.6350        19.23
      1.6360        19.28
      1.6370        19.21
      1.6380        19.38
      1.6390        19.30
      1.6400        19.12
      1.6410        19.09
      1.6420        18.93
      1.6430        18.85
      1.6440        18.70
      1.6450        18.62
      1.6460        18.45
      1.6470        18.48
      1.6480        18.53
      1.6490        18.65
      1.6500        18.71
      1.6510        18.54
      1.6520        18.42
      1.6530        18.48
      1.6540        18.32
      1.6550        18.20
      1.6560        18.01
      1.6570        17.86
      1.6580        17.74
      1.6590        17.68
      1.6600        17.64
      1.6610        17.62
      1.6620        17.66
      1.6630        17.73
      1.6640        17.91
      1.6650        17.93
      1.6660        18.16
      1.6670        18.08
      1.6680        17.99
      1.6690        17.95
      1.6700        17.89
      1.6710        17.96
      1.6720        17.89
      1.6730        17.90
      1.6740        17.85
      1.6750        17.89
      1.6760        17.89
      1.6770        17.96
      1.6780        17.82
      1.6790        17.74
      1.6800        17.73
      1.6810        17.61
      1.6820        17.50
      1.6830        17.46
      1.6840        17.23
      1.6850        17.11
      1.6860        16.88
      1.6870        16.84
      1.6880        16.72
      1.6890        16.60
      1.6900        16.66
      1.6910        16.52
      1.6920        16.63
      1.6930        16.66
      1.6940        16.71
      1.6950        16.59
      1.6960        16.52
      1.6970        16.51
      1.6980        16.51
      1.6990        16.44
      1.7000        16.43
      1.7010        16.50
      1.7020        16.54
      1.7030        16.49
      1.7040        16.47
      1.7050        16.50
      1.7060        16.49
      1.7070        16.46
      1.7080        16.69
      1.7090        16.80
      1.7100        16.74
      1.7110        16.81
      1.7120        16.68
      1.7130        16.58
      1.7140        16.51
      1.7150        16.54
      1.7160        16.56
      1.7170        16.48
      1.7180        16.56
      1.7190        16.55
      1.7200        16.57
      1.7210        16.49
      1.7220        16.62
      1.7230        16.54
      1.7240        16.52
      1.7250        16.41
      1.7260        16.38
      1.7270        16.40
      1.7280        16.25
      1.7290        16.20
      1.7300        16.01
      1.7310        16.03
      1.7320        16.02
      1.7330        15.97
      1.7340        15.94
      1.7350        15.86
      1.7360        15.91
      1.7370        15.93
      1.7380        15.77
      1.7390        15.76
      1.7400        15.70
      1.7410        15.55
      1.7420        15.32
      1.7430        15.23
      1.7440        15.31
      1.7450        15.41
      1.7460        15.47
      1.7470        15.37
      1.7480        15.26
      1.7490        15.23
      1.7500        15.45
      1.7510        15.39
      1.7520        15.45
      1.7530        15.50
      1.7540        15.42
      1.7550        15.39
      1.7560        15.37
      1.7570        15.38
      1.7580        15.43
      1.7590        15.42
      1.7600        15.39
      1.7610        15.58
      1.7620        15.69
      1.7630        15.78
      1.7640        15.74
      1.7650        15.54
      1.7660        15.43
      1.7670        15.49
      1.7680        15.48
      1.7690        15.39
      1.7700        15.38
      1.7710        15.34
      1.7720        15.24
      1.7730        15.08
      1.7740        15.02
      1.7750        14.90
      1.7760        14.85
      1.7770        14.74
      1.7780        14.57
      1.7790        14.49
      1.7800        14.38
      1.7810        14.26
      1.7820        14.09
      1.7830        14.05
      1.7840        13.86
      1.7850        14.03
      1.7860        13.91
      1.7870        13.94
      1.7880        13.99
      1.7890        13.97
      1.7900        13.89
      1.7910        13.82
      1.7920        13.86
      1.7930        13.90
      1.7940        13.84
      1.7950        13.84
      1.7960        13.80
      1.7970        13.85
      1.7980        14.04
      1.7990        14.03
      1.8000        14.11
      1.8010        14.16
      1.8020        14.35
      1.8030        14.27
      1.8040        14.32
      1.8050        14.23
      1.8060        14.24
      1.8070        14.04
      1.8080        13.97
      1.8090        13.81
      1.8100        13.83
      1.8110        13.84
      1.8120        13.65
      1.8130        13.54
      1.8140        13.49
      1.8150        13.54
      1.8160        13.54
      1.8170        13.50
      1.8180        13.34
      1.8190        13.42
      1.8200        13.32
      1.8210        13.27
      1.8220        13.08
      1.8230        13.19
      1.8240        13.25
      1.8250        13.24
      1.8260        13.21
      1.8270        13.33
      1.8280        13.31
      1.8290        13.42
      1.8300        13.27
      1.8310        13.25
      1.8320        13.40
      1.8330        13.48
      1.8340        13.53
      1.8350        13.58
      1.8360        13.54
      1.8370        13.71
      1.8380        13.76
      1.8390        13.57
      1.8400        13.61
      1.8410        13.64
      1.8420        13.52
      1.8430        13.32
      1.8440        13.26
      1.8450        13.20
      1.8460        13.32
      1.8470        13.21
      1.8480        13.03
      1.8490        13.06
      1.8500        13.02
      1.8510        12.90
      1.8520        12.78
      1.8530        12.67
      1.8540        12.65
      1.8550        12.59
      1.8560        12.37
      1.8570        12.21
      1.8580        12.17
      1.8590        12.25
      1.8600        12.14
      1.8610        11.94
      1.8620        11.94
      1.8630        11.94
      1.8640        11.72
      1.8650        11.64
      1.8660        11.43
      1.8670        11.36
      1.8680        11.57
      1.8690        11.47
      1.8700        11.44
      1.8710        11.44
      1.8720        11.47
      1.8730        11.39
      1.8740        11.46
      1.8750        11.54
      1.8760        11.66
      1.8770        11.68
      1.8780        11.59
      1.8790        11.39
      1.8800        11.42
      1.8810        11.42
      1.8820        11.58
      1.8830        11.71
      1.8840        11.83
      1.8850        11.68
      1.8860        11.84
      1.8870        11.88
      1.8880        11.72
      1.8890        11.75
      1.8900        11.82
      1.8910        11.73
      1.8920        11.40
      1.8930        11.46
      1.8940        11.38
      1.8950        11.17
      1.8960        11.02
      1.8970        10.79
      1.8980        10.82
      1.8990        11.00
      1.9000        10.84
      1.9010        10.84
      1.9020        10.70
      1.9030        10.64
      1.9040        10.57
      1.9050        10.71
      1.9060        10.61
      1.9070        10.68
      1.9080        10.60
      1.9090        10.51
      1.9100        10.46
      1.9110        10.64
      1.9120        10.91
      1.9130        10.95
      1.9140        10.93
      1.9150        11.07
      1.9160        11.27
      1.9170        11.50
      1.9180        11.60
      1.9190        11.62
      1.9200        11.83
      1.9210        11.98
      1.9220        11.95
      1.9230        11.90
      1.9240        11.78
      1.9250        11.81
      1.9260        11.75
      1.9270        11.70
      1.9280        11.82
      1.9290        11.60
      1.9300        11.52
      1.9310        11.38
      1.9320        11.32
      1.9330        11.19
      1.9340        11.15
      1.9350        11.15
      1.9360        11.04
      1.9370        10.85
      1.9380        10.83
      1.9390        10.64
      1.9400        10.62
      1.9410        10.45
      1.9420        10.37
      1.9430        10.24
      1.9440        10.33
      1.9450        10.40
      1.9460        10.52
      1.9470        10.35
      1.9480        10.36
      1.9490        10.67
      1.9500        10.70
      1.9510        10.60
      1.9520        10.50
      1.9530        10.51
      1.9540        10.54
      1.9550        10.57
      1.9560        10.57
      1.9570        10.62
      1.9580        10.47
      1.9590        10.66
      1.9600        10.68
      1.9610        10.67
      1.9620        10.74
      1.9630        10.87
      1.9640        10.94
      1.9650        10.81
      1.9660        10.60
      1.9670        10.71
      1.9680        10.65
      1.9690        10.71
      1.9700        10.69
      1.9710        10.65
      1.9720        10.73
      1.9730        10.76
      1.9740        10.65
      1.9750        10.56
      1.9760        10.52
      1.9770        10.57
      1.9780        10.57
      1.9790        10.28
      1.9800        10.13
      1.9810        10.14
      1.9820        10.09
      1.9830         9.97
      1.9840         9.83
      1.9850         9.67
      1.9860         9.65
      1.9870         9.54
      1.9880         9.50
      1.9890         9.41
      1.9900         9.41
      1.9910         9.58
      1.9920         9.60
      1.9930         9.60
      1.9940         9.74
      1.9950         9.58
      1.9960         9.74
      1.9970         9.74
      1.9980         9.72
      1.9990         9.89
      2.0000         9.93
      2.0010         9.98
      2.0020         9.98
      2.0030         9.98
      2.0040         9.97
      2.0050        10.13
      2.0060        10.22
      2.0070        10.24
      2.0080        10.21
      2.0090        10.18
      2.0100        10.22
      2.0110        10.08
      2.0120         9.98
      2.0130         9.97
      2.0140         9.77
      2.0150         9.88
      2.0160         9.62
      2.0170         9.57
      2.0180         9.55
      2.0190         9.42
      2.0200         9.30
      2.0210         9.10
      2.0220         9.07
      2.0230         9.05
      2.0240         9.00
      2.0250         8.91
      2.0260         8.79
      2.0270         8.87
      2.0280         8.76
      2.0290         8.66
      2.0300         8.51
      2.0310         8.46
      2.0320         8.23
      2.0330         8.22
      2.0340         8.31
      2.0350         8.31
      2.0360         8.26
      2.0370         8.12
      2.0380         8.11
      2.0390         8.28
      2.0400         8.20
      2.0410         8.39
      2.0420         8.32
      2.0430         8.37
      2.0440         8.37
      2.0450         8.41
      2.0460         8.43
      2.0470         8.34
      2.0480         8.39
      2.0490         8.22
      2.0500         8.18
      2.0510         8.27
      2.0520         8.53
      2.0530         8.55
      2.0540         8.48
      2.0550         8.41
      2.0560         8.53
      2.0570         8.50
      2.0580         8.39
      2.0590         8.32
      2.0600         8.41
      2.0610         8.35
      2.0620         8.39
      2.0630         8.29
      2.0640         8.28
      2.0650         8.14
      2.0660         8.16
      2.0670         8.14
      2.0680         8.06
      2.0690         8.18
      2.0700         8.17
      2.0710         8.09
      2.0720         8.09
      2.0730         7.90
      2.0740         7.90
      2.0750         7.92
      2.0760         8.00
      2.0770         8.08
      2.0780         8.25
      2.0790         8.24
      2.0800         8.36
      2.0810         8.27
      2.0820         8.27
      2.0830         8.26
      2.0840         8.28
      2.0850         8.39
      2.0860         8.34
      2.0870         8.32
      2.0880         8.39
      2.0890         8.43
      2.0900         8.55
      2.0910         8.55
      2.0920         8.43
      2.0930         8.58
      2.0940         8.44
      2.0950         8.50
      2.0960         8.22
      2.0970         8.20
      2.0980         8.14
      2.0990         7.92
      2.1000         7.69
      2.1010         7.70
      2.1020         7.60
      2.1030         7.60
      2.1040         7.52
      2.1050         7.44
      2.1060         7.33
      2.1070         7.28
      2.1080         7.37
      2.1090         7.25
      2.1100         7.04
      2.1110         7.01
      2.1120         6.98
      2.1130         6.90
      2.1140         7.19
      2.1150         7.01
      2.1160         7.13
      2.1170         7.09
      2.1180         7.08
      2.1190         7.27
      2.1200         7.33
      2.1210         7.35
      2.1220         7.58
      2.1230         7.60
      2.1240         7.62
      2.1250         7.78
      2.1260         7.87
      2.1270         7.94
      2.1280         7.90
      2.1290         7.90
      2.1300         8.14
      2.1310         8.12
      2.1320         8.16
      2.1330         8.09
      2.1340         8.03
      2.1350         8.03
      2.1360         7.96
      2.1370         7.92
      2.1380         7.85
      2.1390         7.65
      2.1400         7.62
      2.1410         7.58
      2.1420         7.41
      2.1430         7.27
      2.1440         7.13
      2.1450         6.78
      2.1460         6.76
      2.1470         6.71
      2.1480         6.56
      2.1490         6.65
      2.1500         6.36
      2.1510         6.33
      2.1520         6.22
      2.1530         6.12
      2.1540         5.94
      2.1550         5.97
      2.1560         5.90
      2.1570         5.75
      2.1580         5.67
      2.1590         5.90
      2.1600         5.86
      2.1610         6.02
      2.1620         5.90
      2.1630         5.94
      2.1640         6.10
      2.1650         6.34
      2.1660         6.33
      2.1670         6.18
      2.1680         6.29
      2.1690         6.13
      2.1700         6.29
      2.1710         6.25
      2.1720         6.28
      2.1730         6.38
      2.1740         6.46
      2.1750         6.27
      2.1760         6.34
      2.1770         6.37
      2.1780         6.45
      2.1790         6.22
      2.1800         6.23
      2.1810         5.84
      2.1820         5.80
      2.1830         5.66
      2.1840         5.48
      2.1850         5.41
      2.1860         5.32
      2.1870         5.37
      2.1880         5.24
      2.1890         5.23
      2.1900         5.08
      2.1910         5.07
      2.1920         5.07
      2.1930         4.95
      2.1940         4.89
      2.1950         4.90
      2.1960         4.84
      2.1970         4.87
      2.1980         4.76
      2.1990         4.76
      2.2000         4.83
      2.2010         4.88
      2.2020         4.95
      2.2030         5.27
      2.2040         5.38
      2.2050         5.37
      2.2060         5.45
      2.2070         5.46
      2.2080         5.49
      2.2090         5.53
      2.2100         5.53
      2.2110         5.42
      2.2120         5.31
      2.2130         5.30
      2.2140         5.24
      2.2150         5.17
      2.2160         5.13
      2.2170         5.13
      2.2180         5.15
      2.2190         5.20
      2.2200         5.04
      2.2210         5.06
      2.2220         4.97
      2.2230         4.74
      2.2240         4.66
      2.2250         4.47
      2.2260         4.30
      2.2270         4.34
      2.2280         4.12
      2.2290         4.15
      2.2300         3.98
      2.2310         4.04
      2.2320         4.11
      2.2330         4.14
      2.2340         3.95
      2.2350         4.15
      2.2360         4.12
      2.2370         3.98
      2.2380         3.79
      2.2390         3.74
      2.2400         3.61
      2.2410         3.57
      2.2420         3.70
      2.2430         3.64
      2.2440         3.52
      2.2450         3.58
      2.2460         3.63
      2.2470         3.39
      2.2480         3.36
      2.2490         3.23
      2.2500         3.37
      2.2510         3.36
      2.2520         3.12
      2.2530         3.06
      2.2540         3.04
      2.2550         2.78
      2.2560         2.19
      2.2570         2.12
      2.2580         1.99
      2.2590         1.96
      2.2600         1.97
      2.2610         1.46
      2.2620         1.27
      2.2630         1.20
      2.2640         1.18
      2.2650         1.23
      2.2660         1.20
      2.2670         1.20
      2.2680         1.24
      2.2690         1.00
      2.2700         1.00
      2.2710         1.00
      2.2720         1.00
      2.2730         1.00
      2.2740         1.00
      2.2750         1.00
      2.2760         1.00
      2.2770         1.00
      2.2780         1.00
      2.2790         1.00
      2.2800         1.00
      2.2810         1.00
      2.2820         1.00
      2.2830         1.00
      2.2840         1.00
      2.2850         1.00
      2.2860         1.00
      2.2870         1.00
      2.2880         1.00
      2.2890         1.00
      2.2900         1.00
      2.2910         1.00
      2.2920         1.00
      2.2930         1.00
      2.2940         1.00
      2.2950         1.00
      2.2960         1.00
      2.2970         1.00
      2.2980         1.00
      2.2990         1.00
      2.3000         1.00
      2.3010         1.00
      2.3020         1.00
      2.3030         1.00
      2.3040         1.00
      2.3050         1.00
      2.3060         1.00
      2.3070         1.00
      2.3080         1.00
      2.3090         1.00
      2.3100         1.00
      2.3110         1.00
      2.3120         1.00
      2.3130         1.00
      2.3140         1.00
      2.3150         1.00
      2.3160         1.00
      2.3170         1.00
      2.3180         1.00
      2.3190         1.00
      2.3200         1.00
      2.3210         1.00
      2.3220         1.00
      2.3230         1.00
      2.3240         1.00
      2.3250         1.00
      2.3260         1.00
      2.3270         1.00
      2.3280         1.00
      2.3290         1.00
      2.3300         1.00
      2.3310         1.00
      2.3320         1.00
      2.3330         1.00
      2.3340         1.00
      2.3350         1.00
      2.3360         1.00
      2.3370         1.00
      2.3380         1.00
      2.3390         1.00
      2.3400         1.00
      2.3410         1.00
      2.3420         1.00
      2.3430         1.00
      2.3440         1.00
      2.3450         1.00
      2.3460         1.00
      2.3470         1.00
      2.3480         1.00
      2.3490         1.00
      2.3500         1.00
      2.3510         1.00
      2.3520         1.00
      2.3530         1.00
      2.3540         1.00
      2.3550         1.00
      2.3560         1.00
      2.3570         1.00
      2.3580         1.00
      2.3590         1.00
      2.3600         1.00
      2.3610         1.00
      2.3620         1.00
      2.3630         1.00
      2.3640         1.00
      2.3650         1.00
      2.3660         1.00
      2.3670         1.00
      2.3680         1.00
      2.3690         1.00
      2.3700         1.00
      2.3710         1.00
      2.3720         1.00
      2.3730         1.00
      2.3740         1.00
      2.3750         1.00
      2.3760         1.00
      2.3770         1.00
      2.3780         1.00
      2.3790         1.00
      2.3800         1.00
      2.3810         1.00
      2.3820         1.00
      2.3830         1.00
      2.3840         1.00
      2.3850         1.00
      2.3860         1.00
      2.3870         1.00
      2.3880         1.00
      2.3890         1.00
      2.3900         1.00
      2.3910         1.00
      2.3920         1.00
      2.3930         1.00
      2.3940         1.00
      2.3950         1.00
      2.3960         1.00
      2.3970         1.00
      2.3980         1.00
      2.3990         1.00
      2.4000         1.00
      2.4010         1.00
      2.4020         1.00
      2.4030         1.00
      2.4040         1.00
      2.4050         1.00
      2.4060         1.00
      2.4070         1.00
      2.4080         1.00
      2.4090         1.00
      2.4100         1.00
      2.4110         1.00
      2.4120         1.00
      2.4130         1.00
      2.4140         1.00
      2.4150         1.00
      2.4160         1.00
      2.4170         1.00
      2.4180         1.00
      2.4190         1.00
      2.4200         1.00
      2.4210         1.00
      2.4220         1.00
      2.4230         1.00
      2.4240         1.00
      2.4250         1.00
      2.4260         1.00
      2.4270         1.00
      2.4280         1.00
      2.4290         1.00
      2.4300         1.00
      2.4310         1.00
      2.4320         1.00
      2.4330         1.00
      2.4340         1.00
      2.4350         1.00
      2.4360         1.00
      2.4370         1.00
      2.4380         1.00
      2.4390         1.00
      2.4400         1.00
      2.4410         1.00
      2.4420         1.00
      2.4430         1.00
      2.4440         1.00
      2.4450         1.00
      2.4460         1.00
      2.4470         1.00
      2.4480         1.00
      2.4490         1.00
      2.4500         1.00
      2.4510         1.00
      2.4520         1.00
      2.4530         1.00
      2.4540         1.00
      2.4550         1.00
      2.4560         1.00
      2.4570         1.00
      2.4580         1.00
      2.4590         1.00
      2.4600         1.00
      2.4610         1.00
      2.4620         1.00
      2.4630         1.00
      2.4640         1.00
      2.4650         1.00
      2.4660         1.00
      2.4670         1.00
      2.4680         1.00
      2.4690         1.00
      2.4700         1.00
      2.4710         1.00
      2.4720         1.00
      2.4730         1.00
      2.4740         1.00
      2.4750         1.00
      2.4760         1.00
      2.4770         1.00
      2.4780         1.00
      2.4790         1.00
      2.4800         1.00
      2.4810         1.00
      2.4820         1.00
      2.4830         1.00
      2.4840         1.00
      2.4850         1.00
      2.4860         1.00
      2.4870         1.00
      2.4880         1.00
      2.4890         1.00
      2.4900         1.00
      2.4910         1.00
      2.4920         1.00
      2.4930         1.00
      2.4940         1.00
      2.4950         1.00
      2.4960         1.00
      2.4970         1.00
      2.4980         1.00
      2.4990         1.00
      2.5000         1.00
      2.5010         1.00
      2.5020         1.00
      2.5030         1.00
      2.5040         1.00
      2.5050         1.00
      2.5060         1.00
      2.5070         1.00
      2.5080         1.00
      2.5090         1.00
      2.5100         1.00
      2.5110         1.00
      2.5120         1.00
      2.5130         1.00
      2.5140         1.00
      2.5150         1.00
      2.5160         1.00
      2.5170         1.00
      2.5180         1.00
      2.5190         1.00
      2.5200         1.00
      2.5210         1.00
      2.5220         1.00
      2.5230         1.00
      2.5240         1.00
      2.5250         1.00
      2.5260         1.00
      2.5270         1.00
      2.5280         1.00
      2.5290         1.00
      2.5300         1.00
      2.5310         1.00
      2.5320         1.00
      2.5330         1.00
      2.5340         1.00
      2.5350         1.00
      2.5360         1.00
      2.5370         1.00
      2.5380         1.00
      2.5390         1.00
      2.5400         1.00
      2.5410         1.00
      2.5420         1.00
      2.5430         1.00
      2.5440         1.00
      2.5450         1.00
      2.5460         1.00
      2.5470         1.00
      2.5480         1.00
      2.5490         1.00
      2.5500         1.00
      2.5510         1.00
      2.5520         1.00
      2.5530         1.00
      2.5540         1.00
      2.5550         1.00
      2.5560         1.00
      2.5570         1.00
      2.5580         1.00
      2.5590         1.00
      2.5600         1.00
      2.5610         1.00
      2.5620         1.00
      2.5630         1.00
      2.5640         1.00
      2.5650         1.00
      2.5660         1.00
      2.5670         1.00
      2.5680         1.00
      2.5690         1.00
      2.5700         1.00
      2.5710         1.00
      2.5720         1.00
      2.5730         1.00
      2.5740         1.00
      2.5750         1.00
      2.5760         1.00
      2.5770         1.00
      2.5780         1.00
      2.5790         1.00
      2.5800         1.00
      2.5810         1.00
      2.5820         1.00
      2.5830         1.00
      2.5840         1.00
      2.5850         1.00
      2.5860         1.00
      2.5870         1.00
      2.5880         1.00
      2.5890         1.00
      2.5900         1.00
      2.5910         1.00
      2.5920         1.00
      2.5930         1.00
      2.5940         1.00
      2.5950         1.00
      2.5960         1.00
      2.5970         1.00
      2.5980         1.00
      2.5990         1.00
      2.6000         1.00
      2.6010         1.00
      2.6020         1.00
      2.6030         1.00
      2.6040         1.00
      2.6050         1.00
      2.6060         1.00
      2.6070         1.00
      2.6080         1.00
      2.6090         1.00
      2.6100         1.00
      2.6110         1.00
      2.6120         1.00
      2.6130         1.00
      2.6140         1.00
      2.6150         1.00
      2.6160         1.00
      2.6170         1.00
      2.6180         1.00
      2.6190         1.00
      2.6200         1.00
      2.6210         1.00
      2.6220         1.00
      2.6230         1.00
      2.6240         1.00
      2.6250         1.00
      2.6260         1.00
      2.6270         1.00
      2.6280         1.00
      2.6290         1.00
      2.6300         1.00
      2.6310         1.00
      2.6320         1.00
      2.6330         1.00
      2.6340         1.00
      2.6350         1.00
      2.6360         1.00
      2.6370         1.00
      2.6380         1.00
      2.6390         1.00
      2.6400         1.00
      2.6410         1.00
      2.6420         1.00
      2.6430         1.00
      2.6440         1.00
      2.6450         1.00
      2.6460         1.00
      2.6470         1.00
      2.6480         1.00
      2.6490         1.00
      2.6500         1.00
      2.6510         1.00
      2.6520         1.00
      2.6530         1.00
      2.6540         1.00
      2.6550         1.00
      2.6560         1.00
      2.6570         1.00
      2.6580         1.00
      2.6590         1.00
      2.6600         1.00
      2.6610         1.00
      2.6620         1.00
      2.6630         1.00
      2.6640         1.00
      2.6650         1.00
      2.6660         1.00
      2.6670         1.00
      2.6680         1.00
      2.6690         1.00
      2.6700         1.00
      2.6710         1.00
      2.6720         1.00
      2.6730         1.00
      2.6740         1.00
      2.6750         1.00
      2.6760         1.00
      2.6770         1.00
      2.6780         1.00
      2.6790         1.00
      2.6800         1.00
      2.6810         1.00
      2.6820         1.00
      2.6830         1.00
      2.6840         1.00
      2.6850         1.00
      2.6860         1.00
      2.6870         1.00
      2.6880         1.00
      2.6890         1.00
      2.6900         1.00
      2.6910         1.00
      2.6920         1.00
      2.6930         1.00
      2.6940         1.00
      2.6950         1.00
      2.6960         1.00
      2.6970         1.00
      2.6980         1.00
      2.6990         1.00
      2.7000         1.00
      2.7010         1.00
      2.7020         1.00
      2.7030         1.00
      2.7040         1.00
      2.7050         1.00
      2.7060         1.00
      2.7070         1.00
      2.7080         1.00
      2.7090         1.00
      2.7100         1.00
      2.7110         1.00
      2.7120         1.00
      2.7130         1.00
      2.7140         1.00
      2.7150         1.00
      2.7160         1.00
      2.7170         1.00
      2.7180         1.00
      2.7190         1.00
      2.7200         1.00
      2.7210         1.00
      2.7220         1.00
      2.7230         1.00
      2.7240         1.00
      2.7250         1.00
      2.7260         1.00
      2.7270         1.00
      2.7280         1.00
      2.7290         1.00
      2.7300         1.00
      2.7310         1.00
      2.7320         1.00
      2.7330         1.00
      2.7340         1.00
      2.7350         1.00
      2.7360         1.00
      2.7370         1.00
      2.7380         1.00
      2.7390         1.00
      2.7400         1.00
      2.7410         1.00
      2.7420         1.00
      2.7430         1.00
      2.7440         1.00
      2.7450         1.00
      2.7460         1.00
      2.7470         1.00
      2.7480         1.00
      2.7490         1.00
      2.7500         1.00
      2.7510         1.00
      2.7520         1.00
      2.7530         1.00
      2.7540         1.00
      2.7550         1.00
      2.7560         1.00
      2.7570         1.00
      2.7580         1.00
      2.7590         1.00
      2.7600         1.00
      2.7610         1.00
      2.7620         1.00
      2.7630         1.00
      2.7640         1.00
      2.7650         1.00
      2.7660         1.00
      2.7670         1.00
      2.7680         1.00
      2.7690         1.00
      2.7700         1.00
      2.7710         1.00
      2.7720         1.00
      2.7730         1.00
      2.7740         1.00
      2.7750         1.00
      2.7760         1.00
      2.7770         1.00
      2.7780         1.00
      2.7790         1.00
      2.7800         1.00
      2.7810         1.00
      2.7820         1.00
      2.7830         1.00
      2.7840         1.00
      2.7850         1.00
      2.7860         1.00
      2.7870         1.00
      2.7880         1.00
      2.7890         1.00
      2.7900         1.00
      2.7910         1.00
      2.7920         1.00
      2.7930         1.00
      2.7940         1.00
      2.7950         1.00
      2.7960         1.00
      2.7970         1.00
      2.7980         1.00
      2.7990         1.00
      2.8000         1.00
      2.8010         1.00
      2.8020         1.00
      2.8030         1.00
      2.8040         1.00
      2.8050         1.00
      2.8060         1.00
      2.8070         1.00
      2.8080         1.00
      2.8090         1.00
      2.8100         1.00
      2.8110         1.00
      2.8120         1.00
      2.8130         1.00
      2.8140         1.00
      2.8150         1.00
      2.8160         1.00
      2.8170         1.00
      2.8180         1.00
      2.8190         1.00
      2.8200         1.00
      2.8210         1.00
      2.8220         1.00
      2.8230         1.00
      2.8240         1.00
      2.8250         1.00
      2.8260         1.00
      2.8270         1.00
      2.8280         1.00
      2.8290         1.00
      2.8300         1.00
      2.8310         1.00
      2.8320         1.00
      2.8330         1.00
      2.8340         1.00
      2.8350         1.00
      2.8360         1.00
      2.8370         1.00
      2.8380         1.00
      2.8390         1.00
      2.8400         1.00
      2.8410         1.00
      2.8420         1.00
      2.8430         1.00
      2.8440         1.00
      2.8450         1.00
      2.8460         1.00
      2.8470         1.00
      2.8480         1.00
      2.8490         1.00
      2.8500         1.00
      2.8510         1.00
      2.8520         1.00
      2.8530         1.00
      2.8540         1.00
      2.8550         1.00
      2.8560         1.00
      2.8570         1.00
      2.8580         1.00
      2.8590         1.00
      2.8600         1.00
      2.8610         1.00
      2.8620         1.00
      2.8630         1.00
      2.8640         1.00
      2.8650         1.00
      2.8660         1.00
      2.8670         1.00
      2.8680         1.00
      2.8690         1.00
      2.8700         1.00
      2.8710         1.00
      2.8720         1.00
      2.8730         1.00
      2.8740         1.00
      2.8750         1.00
      2.8760         1.00
      2.8770         1.00
      2.8780         1.00
      2.8790         1.00
      2.8800         1.00
      2.8810         1.00
      2.8820         1.00
      2.8830         1.00
      2.8840         1.00
      2.8850         1.00
      2.8860         1.00
      2.8870         1.00
      2.8880         1.00
      2.8890         1.00
      2.8900         1.00
      2.8910         1.00
      2.8920         1.00
      2.8930         1.00
      2.8940         1.00
      2.8950         1.00
      2.8960         1.00
      2.8970         1.00
      2.8980         1.00
      2.8990         1.00
      2.9000         1.00
      2.9010         1.00
      2.9020         1.00
      2.9030         1.00
      2.9040         1.00
      2.9050         1.00
      2.9060         1.00
      2.9070         1.00
      2.9080         1.00
      2.9090         1.00
      2.9100         1.00
      2.9110         1.00
      2.9120         1.00
      2.9130         1.00
      2.9140         1.00
      2.9150         1.00
      2.9160         1.00
      2.9170         1.00
      2.9180         1.00
      2.9190         1.00
      2.9200         1.00
      2.9210         1.00
      2.9220         1.00
      2.9230         1.00
      2.9240         1.00
      2.9250         1.00
      2.9260         1.00
      2.9270         1.00
      2.9280         1.00
      2.9290         1.00
      2.9300         1.00
      2.9310         1.00
      2.9320         1.00
      2.9330         1.00
      2.9340         1.00
      2.9350         1.00
      2.9360         1.00
      2.9370         1.00
      2.9380         1.00
      2.9390         1.00
      2.9400         1.00
      2.9410         1.00
      2.9420         1.00
      2.9430         1.00
      2.9440         1.00
      2.9450         1.00
      2.9460         1.00
      2.9470         1.00
      2.9480         1.00
      2.9490         1.00
      2.9500         1.00
      2.9510         1.00
      2.9520         1.00
      2.9530         1.00
      2.9540         1.00
      2.9550         1.00
      2.9560         1.00
      2.9570         1.00
      2.9580         1.00
      2.9590         1.00
      2.9600         1.00
      2.9610         1.00
      2.9620         1.00
      2.9630         1.00
      2.9640         1.00
      2.9650         1.00
      2.9660         1.00
      2.9670         1.00
      2.9680         1.00
      2.9690         1.00
      2.9700         1.00
      2.9710         1.00
      2.9720         1.00
      2.9730         1.00
      2.9740         1.00
      2.9750         1.00
      2.9760         1.00
      2.9770         1.00
      2.9780         1.00
      2.9790         1.00
      2.9800         1.00
      2.9810         1.00
      2.9820         1.00
      2.9830         1.00
      2.9840         1.00
      2.9850         1.00
      2.9860         1.00
      2.9870         1.00
      2.9880         1.00
      2.9890         1.00
      2.9900         1.00
      2.9910         1.00
      2.9920         1.00
      2.9930         1.00
      2.9940         1.00
      2.9950         1.00
      2.9960         1.00
      2.9970         1.00
      2.9980         1.00
      2.9990         1.00
