        Time   Palpation Force
      0.0000         1.00
      0.0010         1.00
      0.0020         1.00
      0.0030         1.00
      0.0040         1.00
      0.0050         1.00
      0.0060         1.00
      0.0070         1.00
      0.0080         1.00
      0.0090         1.00
      0.0100         1.00
      0.0110         1.00
      0.0120         1.00
      0.0130         1.00
      0.0140         1.00
      0.0150         1.00
      0.0160         1.00
      0.0170         1.03
      0.0180         1.13
      0.0190         1.19
      0.0200         1.20
      0.0210         1.34
      0.0220         1.94
      0.0230         1.87
      0.0240         1.97
      0.0250         2.05
      0.0260         2.03
      0.0270         1.93
      0.0280         1.98
      0.0290         2.01
      0.0300         1.95
      0.0310         1.92
      0.0320         1.76
      0.0330         1.67
      0.0340         1.76
      0.0350         1.73
      0.0360         1.60
      0.0370         1.64
      0.0380         1.64
      0.0390         1.64
      0.0400         1.62
      0.0410         1.54
      0.0420         1.50
      0.0430         1.54
      0.0440         1.54
      0.0450         1.48
      0.0460         1.46
      0.0470         1.47
      0.0480         1.52
      0.0490         1.51
      0.0500         1.54
      0.0510         1.65
      0.0520         1.89
      0.0530         2.02
      0.0540         2.06
      0.0550         1.99
      0.0560         2.08
      0.0570         2.11
      0.0580         2.15
      0.0590         2.19
      0.0600         2.23
      0.0610         2.26
      0.0620         2.26
      0.0630         2.33
      0.0640         2.25
      0.0650         2.26
      0.0660         2.30
      0.0670         2.30
      0.0680         2.29
      0.0690         2.25
      0.0700         2.25
      0.0710         2.22
      0.0720         2.10
      0.0730         2.02
      0.0740         1.99
      0.0750         2.03
      0.0760         1.99
      0.0770         1.99
      0.0780         1.91
      0.0790         1.88
      0.0800         1.84
      0.0810         1.82
      0.0820         1.91
      0.0830         1.84
      0.0840         1.96
      0.0850         1.92
      0.0860         1.87
      0.0870         1.91
      0.0880         1.86
      0.0890         1.87
      0.0900         1.88
      0.0910         1.81
      0.0920         1.87
      0.0930         1.90
      0.0940         1.96
      0.0950         1.94
      0.0960         2.07
      0.0970         2.07
      0.0980         2.15
      0.0990         2.26
      0.1000         2.25
      0.1010         2.22
      0.1020         2.32
      0.1030         2.39
      0.1040         2.36
      0.1050         2.36
      0.1060         2.40
      0.1070         2.43
      0.1080         2.41
      0.1090         2.44
      0.1100         2.54
      0.1110         2.63
      0.1120         2.62
      0.1130         2.62
      0.1140         2.55
      0.1150         3.03
      0.1160         2.83
      0.1170         2.35
      0.1180         2.21
      0.1190         2.07
      0.1200         2.05
      0.1210         2.09
      0.1220         1.96
      0.1230         1.85
      0.1240         1.83
      0.1250         1.89
      0.1260         1.85
      0.1270         1.73
      0.1280         1.68
      0.1290         1.69
      0.1300         1.66
      0.1310         1.64
      0.1320         1.64
      0.1330         1.64
      0.1340         1.66
      0.1350         1.77
      0.1360         1.94
      0.1370         1.92
      0.1380         2.00
      0.1390         2.09
      0.1400         2.13
      0.1410         2.29
      0.1420         2.29
      0.1430         2.22
      0.1440         2.28
      0.1450         2.20
      0.1460         2.25
      0.1470         2.36
      0.1480         2.45
      0.1490         2.51
      0.1500         2.48
      0.1510         2.45
      0.1520         2.44
      0.1530         2.41
      0.1540         2.41
      0.1550         2.33
      0.1560         2.19
      0.1570         2.22
      0.1580         2.23
      0.1590         2.13
      0.1600         2.07
      0.1610         1.91
      0.1620         1.83
      0.1630         1.91
      0.1640         1.91
      0.1650         1.96
      0.1660         1.81
      0.1670         1.77
      0.1680         1.72
      0.1690         1.72
      0.1700         1.20
      0.1710         1.20
      0.1720         1.71
      0.1730         1.76
      0.1740         1.30
      0.1750         1.23
      0.1760         1.32
      0.1770         1.31
      0.1780         1.23
      0.1790         1.74
      0.1800         1.75
      0.1810         1.75
      0.1820         1.86
      0.1830         1.86
      0.1840         1.86
      0.1850         1.87
      0.1860         1.98
      0.1870         1.99
      0.1880         2.05
      0.1890         1.92
      0.1900         1.95
      0.1910         1.87
      0.1920         1.88
      0.1930         1.87
      0.1940         1.88
      0.1950         1.92
      0.1960         1.90
      0.1970         1.80
      0.1980         1.87
      0.1990         2.53
      0.2000         2.54
      0.2010         2.56
      0.2020         2.02
      0.2030         2.61
      0.2040         2.60
      0.2050         2.66
      0.2060         2.63
      0.2070         2.63
      0.2080         2.10
      0.2090         2.22
      0.2100         2.25
      0.2110         2.29
      0.2120         2.27
      0.2130         2.17
      0.2140         2.17
      0.2150         2.19
      0.2160         2.18
      0.2170         2.26
      0.2180         2.26
      0.2190         2.09
      0.2200         2.13
      0.2210         2.14
      0.2220         2.05
      0.2230         2.07
      0.2240         2.15
      0.2250         2.21
      0.2260         2.24
      0.2270         2.36
      0.2280         2.24
      0.2290         2.77
      0.2300         2.87
      0.2310         2.79
      0.2320         2.85
      0.2330         2.97
      0.2340         3.01
      0.2350         2.92
      0.2360         2.45
      0.2370         2.45
      0.2380         2.49
      0.2390         2.49
      0.2400         2.55
      0.2410         2.48
      0.2420         2.55
      0.2430         2.40
      0.2440         2.29
      0.2450         2.18
      0.2460         2.10
      0.2470         1.91
      0.2480         1.94
      0.2490         1.84
      0.2500         1.66
      0.2510         1.72
      0.2520         1.58
      0.2530         1.57
      0.2540         1.54
      0.2550         1.54
      0.2560         1.55
      0.2570         1.61
      0.2580         1.65
      0.2590         1.61
      0.2600         1.56
      0.2610         1.54
      0.2620         1.56
      0.2630         1.66
      0.2640         1.69
      0.2650         1.75
      0.2660         1.79
      0.2670         1.96
      0.2680         2.05
      0.2690         2.07
      0.2700         2.16
      0.2710         2.20
      0.2720         2.32
      0.2730         2.41
      0.2740         2.39
      0.2750         2.39
      0.2760         2.40
      0.2770         2.35
      0.2780         2.26
      0.2790         2.36
      0.2800         2.45
      0.2810         2.43
      0.2820         2.41
      0.2830         2.34
      0.2840         2.36
      0.2850         2.38
      0.2860         2.40
      0.2870         2.26
      0.2880         2.20
      0.2890         2.14
      0.2900         2.18
      0.2910         2.10
      0.2920         2.00
      0.2930         1.97
      0.2940         1.89
      0.2950         1.84
      0.2960         1.69
      0.2970         1.71
      0.2980         1.72
      0.2990         1.68
      0.3000         1.58
      0.3010         1.57
      0.3020         1.58
      0.3030         1.63
      0.3040         1.64
      0.3050         1.73
      0.3060         1.80
      0.3070         1.88
      0.3080         1.80
      0.3090         1.84
      0.3100         1.80
      0.3110         1.91
      0.3120         1.96
      0.3130         1.90
      0.3140         2.03
      0.3150         2.09
      0.3160         2.22
      0.3170         2.13
      0.3180         2.13
      0.3190         2.13
      0.3200         2.17
      0.3210         2.26
      0.3220         2.22
      0.3230         2.14
      0.3240         2.17
      0.3250         2.55
      0.3260         1.98
      0.3270         1.92
      0.3280         1.88
      0.3290         1.84
      0.3300         1.83
      0.3310         1.77
      0.3320         1.71
      0.3330         1.68
      0.3340         1.62
      0.3350         1.64
      0.3360         1.55
      0.3370         1.68
      0.3380         1.66
      0.3390         1.68
      0.3400         1.65
      0.3410         1.51
      0.3420         1.54
      0.3430         1.66
      0.3440         1.64
      0.3450         1.68
      0.3460         1.65
      0.3470         1.62
      0.3480         1.66
      0.3490         1.77
      0.3500         1.83
      0.3510         1.91
      0.3520         1.92
      0.3530         1.98
      0.3540         1.95
      0.3550         1.95
      0.3560         1.92
      0.3570         1.88
      0.3580         1.90
      0.3590         2.52
      0.3600         2.65
      0.3610         2.81
      0.3620         2.75
      0.3630         2.21
      0.3640         2.16
      0.3650         2.13
      0.3660         2.14
      0.3670         2.17
      0.3680         2.22
      0.3690         2.14
      0.3700         2.07
      0.3710         1.99
      0.3720         2.02
      0.3730         2.14
      0.3740         2.15
      0.3750         2.19
      0.3760         2.22
      0.3770         2.11
      0.3780         2.07
      0.3790         1.95
      0.3800         1.83
      0.3810         1.81
      0.3820         1.79
      0.3830         1.77
      0.3840         1.92
      0.3850         1.87
      0.3860         1.88
      0.3870         1.98
      0.3880         2.11
      0.3890         2.18
      0.3900         2.21
      0.3910         2.17
      0.3920         2.22
      0.3930         2.10
      0.3940         2.11
      0.3950         2.07
      0.3960         2.18
      0.3970         2.30
      0.3980         2.37
      0.3990         2.34
      0.4000         2.33
      0.4010         2.40
      0.4020         2.42
      0.4030         2.45
      0.4040         2.36
      0.4050         2.34
      0.4060         2.34
      0.4070         2.23
      0.4080         2.14
      0.4090         2.11
      0.4100         2.04
      0.4110         2.14
      0.4120         2.21
      0.4130         2.30
      0.4140         2.26
      0.4150         2.29
      0.4160         2.23
      0.4170         2.13
      0.4180         2.06
      0.4190         2.04
      0.4200         2.11
      0.4210         2.00
      0.4220         2.05
      0.4230         1.95
      0.4240         1.96
      0.4250         2.06
      0.4260         2.07
      0.4270         2.07
      0.4280         2.02
      0.4290         2.01
      0.4300         1.97
      0.4310         1.95
      0.4320         1.32
      0.4330         1.28
      0.4340         1.79
      0.4350         1.31
      0.4360         1.79
      0.4370         2.35
      0.4380         2.34
      0.4390         2.36
      0.4400         2.37
      0.4410         2.39
      0.4420         1.80
      0.4430         1.95
      0.4440         1.94
      0.4450         1.88
      0.4460         2.27
      0.4470         2.35
      0.4480         2.28
      0.4490         2.29
      0.4500         2.27
      0.4510         1.77
      0.4520         1.76
      0.4530         1.68
      0.4540         1.71
      0.4550         1.65
      0.4560         1.73
      0.4570         1.65
      0.4580         1.73
      0.4590         1.78
      0.4600         1.69
      0.4610         1.70
      0.4620         1.74
      0.4630         1.85
      0.4640         1.81
      0.4650         1.77
      0.4660         1.77
      0.4670         1.82
      0.4680         1.97
      0.4690         1.97
      0.4700         2.08
      0.4710         2.05
      0.4720         2.11
      0.4730         2.12
      0.4740         2.10
      0.4750         2.14
      0.4760         2.20
      0.4770         2.27
      0.4780         2.34
      0.4790         2.23
      0.4800         2.92
      0.4810         2.90
      0.4820         2.98
      0.4830         2.74
      0.4840         2.18
      0.4850         2.17
      0.4860         2.22
      0.4870         2.24
      0.4880         2.20
      0.4890         2.18
      0.4900         2.19
      0.4910         2.11
      0.4920         2.15
      0.4930         2.22
      0.4940         2.19
      0.4950         2.16
      0.4960         2.04
      0.4970         2.07
      0.4980         1.92
      0.4990         1.99
      0.5000         1.92
      0.5010         1.95
      0.5020         1.95
      0.5030         1.96
      0.5040         1.88
      0.5050         1.85
      0.5060         1.75
      0.5070         1.62
      0.5080         1.58
      0.5090         1.60
      0.5100         1.52
      0.5110         1.56
      0.5120         1.54
      0.5130         1.00
      0.5140         1.53
      0.5150         1.00
      0.5160         1.53
      0.5170         1.00
      0.5180         1.01
      0.5190         1.54
      0.5200         1.63
      0.5210         1.73
      0.5220         1.82
      0.5230         1.83
      0.5240         1.83
      0.5250         1.78
      0.5260         1.90
      0.5270         1.99
      0.5280         1.87
      0.5290         1.83
      0.5300         1.86
      0.5310         1.84
      0.5320         1.83
      0.5330         1.92
      0.5340         1.92
      0.5350         1.97
      0.5360         1.95
      0.5370         1.99
      0.5380         1.98
      0.5390         1.96
      0.5400         1.90
      0.5410         1.84
      0.5420         1.81
      0.5430         1.86
      0.5440         1.95
      0.5450         2.04
      0.5460         1.90
      0.5470         1.95
      0.5480         2.07
      0.5490         2.22
      0.5500         2.26
      0.5510         2.27
      0.5520         2.32
      0.5530         2.30
      0.5540         2.23
      0.5550         2.29
      0.5560         2.40
      0.5570         2.53
      0.5580         2.60
      0.5590         2.65
      0.5600         2.67
      0.5610         2.67
      0.5620         2.57
      0.5630         3.09
      0.5640         3.15
      0.5650         3.31
      0.5660         3.31
      0.5670         3.28
      0.5680         3.29
      0.5690         3.17
      0.5700         3.20
      0.5710         3.23
      0.5720         2.97
      0.5730         3.02
      0.5740         3.15
      0.5750         3.00
      0.5760         3.01
      0.5770         2.39
      0.5780         2.33
      0.5790         2.31
      0.5800         2.29
      0.5810         2.23
      0.5820         2.31
      0.5830         2.29
      0.5840         2.27
      0.5850         2.11
      0.5860         2.17
      0.5870         2.15
      0.5880         2.10
      0.5890         2.10
      0.5900         2.10
      0.5910         1.97
      0.5920         2.16
      0.5930         2.16
      0.5940         2.12
      0.5950         2.29
      0.5960         2.27
      0.5970         2.30
      0.5980         2.44
      0.5990         2.48
      0.6000         2.57
      0.6010         2.53
      0.6020         3.01
      0.6030         3.07
      0.6040         3.15
      0.6050         3.20
      0.6060         3.26
      0.6070         3.30
      0.6080         3.30
      0.6090         3.40
      0.6100         3.35
      0.6110         3.38
      0.6120         3.16
      0.6130         3.07
      0.6140         2.59
      0.6150         2.46
      0.6160         2.35
      0.6170         2.29
      0.6180         2.19
      0.6190         2.15
      0.6200         2.11
      0.6210         2.10
      0.6220         2.08
      0.6230         2.14
      0.6240         2.10
      0.6250         2.18
      0.6260         2.12
      0.6270         2.21
      0.6280         2.27
      0.6290         2.23
      0.6300         2.33
      0.6310         2.23
      0.6320         2.34
      0.6330         2.39
      0.6340         2.41
      0.6350         2.42
      0.6360         2.52
      0.6370         2.61
      0.6380         2.63
      0.6390         2.65
      0.6400         2.67
      0.6410         2.84
      0.6420         2.78
      0.6430         2.86
      0.6440         2.73
      0.6450         2.69
      0.6460         2.69
      0.6470         2.72
      0.6480         2.67
      0.6490         2.65
      0.6500         2.61
      0.6510         3.22
      0.6520         3.26
      0.6530         3.31
      0.6540         3.30
      0.6550         3.34
      0.6560         3.26
      0.6570         3.23
      0.6580         2.68
      0.6590         2.60
      0.6600         2.57
      0.6610         2.37
      0.6620         2.98
      0.6630         2.98
      0.6640         3.11
      0.6650         2.53
      0.6660         2.51
      0.6670         2.42
      0.6680         2.41
      0.6690         2.38
      0.6700         2.49
      0.6710         2.67
      0.6720         2.67
      0.6730         2.57
      0.6740         2.63
      0.6750         2.67
      0.6760         2.83
      0.6770         2.71
      0.6780         2.76
      0.6790         2.87
      0.6800         2.98
      0.6810         3.11
      0.6820         3.03
      0.6830         2.94
      0.6840         2.94
      0.6850         2.94
      0.6860         2.90
      0.6870         2.96
      0.6880         3.10
      0.6890         3.18
      0.6900         3.04
      0.6910         2.87
      0.6920         2.81
      0.6930         2.85
      0.6940         3.36
      0.6950         3.40
      0.6960         2.85
      0.6970         2.80
      0.6980         2.81
      0.6990         2.70
      0.7000         2.53
      0.7010         2.51
      0.7020         2.50
      0.7030         2.62
      0.7040         2.61
      0.7050         2.65
      0.7060         2.72
      0.7070         2.69
      0.7080         2.65
      0.7090         2.66
      0.7100         2.72
      0.7110         2.81
      0.7120         2.84
      0.7130         2.91
      0.7140         2.90
      0.7150         2.91
      0.7160         2.90
      0.7170         3.04
      0.7180         3.02
      0.7190         3.14
      0.7200         3.30
      0.7210         3.47
      0.7220         3.48
      0.7230         3.52
      0.7240         3.61
      0.7250         3.60
      0.7260         3.75
      0.7270         3.76
      0.7280         3.89
      0.7290         3.87
      0.7300         3.90
      0.7310         3.80
      0.7320         3.84
      0.7330         3.92
      0.7340         4.37
      0.7350         4.49
      0.7360         4.01
      0.7370         4.61
      0.7380         4.55
      0.7390         4.09
      0.7400         4.03
      0.7410         3.84
      0.7420         3.90
      0.7430         3.94
      0.7440         3.91
      0.7450         3.92
      0.7460         3.95
      0.7470         3.92
      0.7480         3.92
      0.7490         3.91
      0.7500         3.99
      0.7510         3.98
      0.7520         4.07
      0.7530         3.96
      0.7540         4.07
      0.7550         4.07
      0.7560         4.00
      0.7570         4.07
      0.7580         4.13
      0.7590         4.09
      0.7600         4.95
      0.7610         5.10
      0.7620         5.19
      0.7630         5.22
      0.7640         5.30
      0.7650         5.29
      0.7660         5.30
      0.7670         5.26
      0.7680         5.15
      0.7690         5.15
      0.7700         5.10
      0.7710         4.80
      0.7720         5.35
      0.7730         5.55
      0.7740         5.70
      0.7750         5.80
      0.7760         6.28
      0.7770         6.24
      0.7780         6.37
      0.7790         6.33
      0.7800         5.59
      0.7810         6.09
      0.7820         6.07
      0.7830         6.02
      0.7840         6.09
      0.7850         6.11
      0.7860         6.02
      0.7870         6.11
      0.7880         6.28
      0.7890         6.36
      0.7900         5.87
      0.7910         6.44
      0.7920         6.53
      0.7930         5.94
      0.7940         5.89
      0.7950         5.94
      0.7960         6.02
      0.7970         6.59
      0.7980         6.64
      0.7990         6.79
      0.8000         6.89
      0.8010         6.94
      0.8020         7.02
      0.8030         7.23
      0.8040         7.40
      0.8050         7.54
      0.8060         7.69
      0.8070         7.86
      0.8080         7.90
      0.8090         8.11
      0.8100         8.27
      0.8110         8.41
      0.8120         8.33
      0.8130         8.50
      0.8140         8.57
      0.8150         8.77
      0.8160         8.94
      0.8170         9.10
      0.8180         8.97
      0.8190         8.96
      0.8200         9.02
      0.8210         9.05
      0.8220         9.13
      0.8230         9.09
      0.8240         9.05
      0.8250         9.06
      0.8260         8.98
      0.8270         8.93
      0.8280         9.00
      0.8290         8.92
      0.8300         8.85
      0.8310         8.69
      0.8320         8.79
      0.8330         8.87
      0.8340         8.92
      0.8350         8.97
      0.8360         9.00
      0.8370         9.01
      0.8380         9.39
      0.8390         9.65
      0.8400         9.82
      0.8410        10.01
      0.8420        10.14
      0.8430        10.14
      0.8440        10.26
      0.8450        10.53
      0.8460        10.76
      0.8470        10.86
      0.8480        10.97
      0.8490        11.23
      0.8500        11.33
      0.8510        11.57
      0.8520        11.76
      0.8530        11.88
      0.8540        12.06
      0.8550        12.07
      0.8560        12.10
      0.8570        12.18
      0.8580        12.18
      0.8590        12.19
      0.8600        12.08
      0.8610        12.05
      0.8620        12.07
      0.8630        12.09
      0.8640        11.99
      0.8650        11.86
      0.8660        11.88
      0.8670        11.66
      0.8680        11.56
      0.8690        11.44
      0.8700        11.56
      0.8710        11.59
      0.8720        11.55
      0.8730        11.62
      0.8740        11.60
      0.8750        11.64
      0.8760        11.75
      0.8770        11.82
      0.8780        11.72
      0.8790        11.90
      0.8800        12.17
      0.8810        12.22
      0.8820        12.31
      0.8830        12.54
      0.8840        12.77
      0.8850        12.93
      0.8860        13.16
      0.8870        13.48
      0.8880        13.79
      0.8890        13.95
      0.8900        13.99
      0.8910        14.17
      0.8920        14.33
      0.8930        14.31
      0.8940        14.49
      0.8950        14.65
      0.8960        14.68
      0.8970        14.81
      0.8980        14.89
      0.8990        14.77
      0.9000        14.66
      0.9010        14.74
      0.9020        14.78
      0.9030        14.76
      0.9040        14.72
      0.9050        14.70
      0.9060        14.63
      0.9070        14.68
      0.9080        14.59
      0.9090        14.54
      0.9100        14.58
      0.9110        14.60
      0.9120        14.52
      0.9130        14.63
      0.9140        14.62
      0.9150        14.59
      0.9160        14.54
      0.9170        14.42
      0.9180        14.46
      0.9190        14.62
      0.9200        14.70
      0.9210        14.82
      0.9220        14.84
      0.9230        14.92
      0.9240        15.00
      0.9250        14.99
      0.9260        15.03
      0.9270        15.03
      0.9280        15.15
      0.9290        15.22
      0.9300        15.19
      0.9310        15.24
      0.9320        15.46
      0.9330        15.55
      0.9340        15.61
      0.9350        15.57
      0.9360        15.60
      0.9370        15.79
      0.9380        15.93
      0.9390        16.06
      0.9400        16.21
      0.9410        16.22
      0.9420        16.22
      0.9430        16.25
      0.9440        16.24
      0.9450        16.30
      0.9460        16.42
      0.9470        16.52
      0.9480        16.53
      0.9490        16.72
      0.9500        16.85
      0.9510        16.77
      0.9520        16.72
      0.9530        16.71
      0.9540        16.68
      0.9550        16.69
      0.9560        16.85
      0.9570        16.78
      0.9580        16.78
      0.9590        16.71
      0.9600        16.69
      0.9610        16.64
      0.9620        16.80
      0.9630        16.87
      0.9640        16.95
      0.9650        17.09
      0.9660        17.22
      0.9670        17.26
      0.9680        17.32
      0.9690        17.25
      0.9700        17.35
      0.9710        17.34
      0.9720        17.30
      0.9730        17.39
      0.9740        17.42
      0.9750        17.45
      0.9760        17.53
      0.9770        17.81
      0.9780        17.94
      0.9790        17.99
      0.9800        18.07
      0.9810        18.27
      0.9820        18.16
      0.9830        18.19
      0.9840        18.23
      0.9850        18.15
      0.9860        17.99
      0.9870        17.91
      0.9880        17.92
      0.9890        17.89
      0.9900        17.79
      0.9910        17.92
      0.9920        17.99
      0.9930        17.95
      0.9940        18.00
      0.9950        17.99
      0.9960        17.86
      0.9970        17.56
      0.9980        17.47
      0.9990        17.42
      1.0000        17.32
      1.0010        17.34
      1.0020        17.45
      1.0030        17.49
      1.0040        17.57
      1.0050        17.72
      1.0060        17.91
      1.0070        18.18
      1.0080        18.30
      1.0090        18.19
      1.0100        18.37
      1.0110        18.48
      1.0120        18.68
      1.0130        18.86
      1.0140        18.86
      1.0150        19.02
      1.0160        19.11
      1.0170        19.42
      1.0180        19.49
      1.0190        19.64
      1.0200        19.81
      1.0210        19.73
      1.0220        19.78
      1.0230        19.84
      1.0240        19.67
      1.0250        19.70
      1.0260        19.51
      1.0270        19.32
      1.0280        19.41
      1.0290        19.70
      1.0300        19.62
      1.0310        19.48
      1.0320        19.39
      1.0330        19.24
      1.0340        19.41
      1.0350        19.29
      1.0360        19.48
      1.0370        19.32
      1.0380        19.37
      1.0390        19.36
      1.0400        19.38
      1.0410        19.37
      1.0420        19.39
      1.0430        19.40
      1.0440        19.56
      1.0450        19.66
      1.0460        19.72
      1.0470        19.90
      1.0480        19.86
      1.0490        19.86
      1.0500        20.07
      1.0510        20.13
      1.0520        20.14
      1.0530        20.28
      1.0540        20.19
      1.0550        20.48
      1.0560        20.44
      1.0570        20.47
      1.0580        20.45
      1.0590        20.51
      1.0600        20.39
      1.0610        20.59
      1.0620        20.72
      1.0630        20.65
      1.0640        20.71
      1.0650        20.72
      1.0660        20.83
      1.0670        20.74
      1.0680        20.56
      1.0690        20.60
      1.0700        20.52
      1.0710        20.47
      1.0720        20.37
      1.0730        20.38
      1.0740        20.36
      1.0750        20.33
      1.0760        20.33
      1.0770        20.36
      1.0780        20.44
      1.0790        20.49
      1.0800        20.55
      1.0810        20.45
      1.0820        20.33
      1.0830        20.34
      1.0840        20.42
      1.0850        20.41
      1.0860        20.33
      1.0870        20.43
      1.0880        20.61
      1.0890        20.75
      1.0900        20.59
      1.0910        20.77
      1.0920        20.80
      1.0930        20.91
      1.0940        20.91
      1.0950        20.95
      1.0960        20.87
      1.0970        20.98
      1.0980        21.02
      1.0990        20.99
      1.1000        21.06
      1.1010        21.12
      1.1020        21.12
      1.1030        21.13
      1.1040        21.03
      1.1050        21.01
      1.1060        21.04
      1.1070        21.11
      1.1080        21.01
      1.1090        20.76
      1.1100        20.97
      1.1110        20.87
      1.1120        21.05
      1.1130        20.85
      1.1140        20.92
      1.1150        20.88
      1.1160        21.00
      1.1170        21.01
      1.1180        20.97
      1.1190        20.96
      1.1200        20.93
      1.1210        20.86
      1.1220        20.86
      1.1230        20.90
      1.1240        21.07
      1.1250        21.02
      1.1260        21.14
      1.1270        21.05
      1.1280        21.14
      1.1290        21.25
      1.1300        21.17
      1.1310        21.42
      1.1320        21.49
      1.1330        21.69
      1.1340        21.69
      1.1350        21.80
      1.1360        21.85
      1.1370        21.84
      1.1380        21.89
      1.1390        21.76
      1.1400        21.82
      1.1410        21.97
      1.1420        21.97
      1.1430        22.02
      1.1440        21.97
      1.1450        22.11
      1.1460        22.13
      1.1470        22.20
      1.1480        22.25
      1.1490        22.18
      1.1500        22.24
      1.1510        22.13
      1.1520        21.87
      1.1530        21.77
      1.1540        21.86
      1.1550        21.74
      1.1560        21.68
      1.1570        21.60
      1.1580        21.63
      1.1590        21.80
      1.1600        21.87
      1.1610        21.74
      1.1620        21.71
      1.1630        21.63
      1.1640        21.53
      1.1650        21.69
      1.1660        21.66
      1.1670        21.52
      1.1680        21.52
      1.1690        21.62
      1.1700        21.72
      1.1710        21.66
      1.1720        21.79
      1.1730        21.84
      1.1740        21.79
      1.1750        21.92
      1.1760        22.00
      1.1770        22.04
      1.1780        21.97
      1.1790        21.98
      1.1800        21.90
      1.1810        22.06
      1.1820        22.18
      1.1830        22.35
      1.1840        22.39
      1.1850        22.27
      1.1860        22.31
      1.1870        22.51
      1.1880        22.56
      1.1890        22.54
      1.1900        22.61
      1.1910        22.63
      1.1920        22.69
      1.1930        22.78
      1.1940        22.66
      1.1950        22.56
      1.1960        22.50
      1.1970        22.56
      1.1980        22.56
      1.1990        22.46
      1.2000        22.51
      1.2010        22.39
      1.2020        22.21
      1.2030        22.03
      1.2040        22.05
      1.2050        21.99
      1.2060        21.95
      1.2070        21.78
      1.2080        21.69
      1.2090        21.76
      1.2100        21.64
      1.2110        21.76
      1.2120        21.82
      1.2130        21.80
      1.2140        22.05
      1.2150        22.09
      1.2160        22.10
      1.2170        22.10
      1.2180        22.25
      1.2190        22.29
      1.2200        22.35
      1.2210        22.33
      1.2220        22.56
      1.2230        22.75
      1.2240        22.91
      1.2250        23.02
      1.2260        23.07
      1.2270        23.20
      1.2280        23.26
      1.2290        23.33
      1.2300        23.42
      1.2310        23.31
      1.2320        23.33
      1.2330        23.30
      1.2340        23.23
      1.2350        23.21
      1.2360        23.18
      1.2370        23.26
      1.2380        23.18
      1.2390        23.31
      1.2400        23.23
      1.2410        23.24
      1.2420        23.11
      1.2430        22.96
      1.2440        22.92
      1.2450        22.81
      1.2460        22.76
      1.2470        22.79
      1.2480        22.76
      1.2490        22.64
      1.2500        22.57
      1.2510        22.45
      1.2520        22.48
      1.2530        22.60
      1.2540        22.72
      1.2550        22.74
      1.2560        22.98
      1.2570        22.86
      1.2580        22.91
      1.2590        22.90
      1.2600        22.92
      1.2610        23.01
      1.2620        23.07
      1.2630        23.32
      1.2640        23.32
      1.2650        23.21
      1.2660        23.22
      1.2670        23.04
      1.2680        23.04
      1.2690        23.05
      1.2700        23.09
      1.2710        23.32
      1.2720        23.17
      1.2730        23.09
      1.2740        23.03
      1.2750        23.08
      1.2760        22.93
      1.2770        22.87
      1.2780        22.80
      1.2790        22.59
      1.2800        22.55
      1.2810        22.43
      1.2820        22.44
      1.2830        22.31
      1.2840        22.19
      1.2850        22.30
      1.2860        22.26
      1.2870        22.21
      1.2880        22.05
      1.2890        22.13
      1.2900        21.97
      1.2910        21.85
      1.2920        21.96
      1.2930        21.88
      1.2940        21.72
      1.2950        21.67
      1.2960        21.77
      1.2970        21.88
      1.2980        21.95
      1.2990        22.09
      1.3000        22.15
      1.3010        22.37
      1.3020        22.36
      1.3030        22.32
      1.3040        22.36
      1.3050        22.49
      1.3060        22.60
      1.3070        22.81
      1.3080        23.02
      1.3090        22.90
      1.3100        22.95
      1.3110        23.02
      1.3120        23.05
      1.3130        23.23
      1.3140        23.53
      1.3150        23.58
      1.3160        23.49
      1.3170        23.48
      1.3180        23.48
      1.3190        23.50
      1.3200        23.45
      1.3210        23.29
      1.3220        23.31
      1.3230        23.29
      1.3240        23.37
      1.3250        23.25
      1.3260        23.17
      1.3270        23.17
      1.3280        23.20
      1.3290        23.31
      1.3300        23.43
      1.3310        23.36
      1.3320        23.34
      1.3330        23.11
      1.3340        23.02
      1.3350        23.05
      1.3360        23.08
      1.3370        23.20
      1.3380        23.07
      1.3390        23.03
      1.3400        23.05
      1.3410        23.15
      1.3420        23.14
      1.3430        23.33
      1.3440        23.35
      1.3450        23.33
      1.3460        23.32
      1.3470        23.36
      1.3480        23.33
      1.3490        23.37
      1.3500        23.27
      1.3510        23.28
      1.3520        23.24
      1.3530        23.21
      1.3540        23.06
      1.3550        22.97
      1.3560        22.82
      1.3570        22.66
      1.3580        22.72
      1.3590        22.56
      1.3600        22.58
      1.3610        22.54
      1.3620        22.46
      1.3630        22.26
      1.3640        22.12
      1.3650        22.08
      1.3660        22.02
      1.3670        21.89
      1.3680        21.81
      1.3690        21.63
      1.3700        21.70
      1.3710        21.63
      1.3720        21.47
      1.3730        21.57
      1.3740        21.50
      1.3750        21.48
      1.3760        21.50
      1.3770        21.63
      1.3780        21.63
      1.3790        21.82
      1.3800        21.87
      1.3810        21.82
      1.3820        21.89
      1.3830        21.89
      1.3840        21.98
      1.3850        21.98
      1.3860        22.11
      1.3870        22.07
      1.3880        22.17
      1.3890        22.10
      1.3900        22.13
      1.3910        22.18
      1.3920        22.21
      1.3930        22.21
      1.3940        22.25
      1.3950        22.13
      1.3960        22.02
      1.3970        22.00
      1.3980        21.89
      1.3990        21.83
      1.4000        21.74
      1.4010        21.57
      1.4020        21.53
      1.4030        21.62
      1.4040        21.63
      1.4050        21.59
      1.4060        21.53
      1.4070        21.64
      1.4080        21.53
      1.4090        21.57
      1.4100        21.50
      1.4110        21.49
      1.4120        21.68
      1.4130        21.65
      1.4140        21.64
      1.4150        21.77
      1.4160        21.84
      1.4170        21.80
      1.4180        21.85
      1.4190        21.79
      1.4200        21.86
      1.4210        22.09
      1.4220        22.24
      1.4230        22.33
      1.4240        22.24
      1.4250        22.36
      1.4260        22.36
      1.4270        22.37
      1.4280        22.41
      1.4290        22.51
      1.4300        22.47
      1.4310        22.55
      1.4320        22.44
      1.4330        22.47
      1.4340        22.53
      1.4350        22.60
      1.4360        22.65
      1.4370        22.51
      1.4380        22.47
      1.4390        22.44
      1.4400        22.41
      1.4410        22.29
      1.4420        22.03
      1.4430        22.05
      1.4440        22.04
      1.4450        22.01
      1.4460        21.96
      1.4470        21.88
      1.4480        21.91
      1.4490        21.88
      1.4500        21.74
      1.4510        21.54
      1.4520        21.42
      1.4530        21.39
      1.4540        21.35
      1.4550        21.24
      1.4560        21.06
      1.4570        21.06
      1.4580        21.08
      1.4590        21.10
      1.4600        20.91
      1.4610        20.94
      1.4620        21.08
      1.4630        21.03
      1.4640        21.04
      1.4650        21.02
      1.4660        21.03
      1.4670        21.10
      1.4680        21.11
      1.4690        21.09
      1.4700        21.23
      1.4710        21.28
      1.4720        21.32
      1.4730        21.36
      1.4740        21.28
      1.4750        21.27
      1.4760        21.39
      1.4770        21.51
      1.4780        21.52
      1.4790        21.55
      1.4800        21.59
      1.4810        21.52
      1.4820        21.44
      1.4830        21.25
      1.4840        21.20
      1.4850        21.06
      1.4860        21.09
      1.4870        21.09
      1.4880        21.01
      1.4890        21.10
      1.4900        21.06
      1.4910        21.17
      1.4920        21.21
      1.4930        21.04
      1.4940        21.20
      1.4950        21.13
      1.4960        21.06
      1.4970        20.86
      1.4980        20.90
      1.4990        20.94
      1.5000        21.04
      1.5010        21.10
      1.5020        21.13
      1.5030        21.22
      1.5040        21.20
      1.5050        21.44
      1.5060        21.52
      1.5070        21.53
      1.5080        21.60
      1.5090        21.43
      1.5100        21.55
      1.5110        21.45
      1.5120        21.46
      1.5130        21.54
      1.5140        21.49
      1.5150        21.65
      1.5160        21.74
      1.5170        21.96
      1.5180        21.88
      1.5190        21.90
      1.5200        21.92
      1.5210        21.85
      1.5220        21.83
      1.5230        21.93
      1.5240        21.96
      1.5250        21.82
      1.5260        21.68
      1.5270        21.55
      1.5280        21.42
      1.5290        21.39
      1.5300        21.16
      1.5310        21.11
      1.5320        21.10
      1.5330        20.98
      1.5340        20.88
      1.5350        20.70
      1.5360        20.55
      1.5370        20.51
      1.5380        20.53
      1.5390        20.47
      1.5400        20.50
      1.5410        20.55
      1.5420        20.45
      1.5430        20.30
      1.5440        20.18
      1.5450        20.12
      1.5460        20.22
      1.5470        20.30
      1.5480        20.28
      1.5490        20.42
      1.5500        20.51
      1.5510        20.47
      1.5520        20.39
      1.5530        20.46
      1.5540        20.51
      1.5550        20.65
      1.5560        20.81
      1.5570        20.85
      1.5580        20.86
      1.5590        20.90
      1.5600        20.75
      1.5610        20.62
      1.5620        20.62
      1.5630        20.55
      1.5640        20.61
      1.5650        20.64
      1.5660        20.45
      1.5670        20.37
      1.5680        20.41
      1.5690        20.27
      1.5700        20.38
      1.5710        20.42
      1.5720        20.35
      1.5730        20.32
      1.5740        20.23
      1.5750        20.16
      1.5760        20.13
      1.5770        19.99
      1.5780        19.92
      1.5790        19.84
      1.5800        19.89
      1.5810        19.93
      1.5820        20.09
      1.5830        20.09
      1.5840        20.26
      1.5850        20.38
      1.5860        20.44
      1.5870        20.50
      1.5880        20.52
      1.5890        20.68
      1.5900        20.67
      1.5910        20.68
      1.5920        20.87
      1.5930        20.97
      1.5940        21.21
      1.5950        21.21
      1.5960        21.23
      1.5970        21.39
      1.5980        21.48
      1.5990        21.34
      1.6000        21.38
      1.6010        21.54
      1.6020        21.40
      1.6030        21.36
      1.6040        21.21
      1.6050        21.04
      1.6060        21.10
      1.6070        21.05
      1.6080        20.93
      1.6090        20.74
      1.6100        20.46
      1.6110        20.41
      1.6120        20.26
      1.6130        20.02
      1.6140        19.70
      1.6150        19.69
      1.6160        19.66
      1.6170        19.63
      1.6180        19.47
      1.6190        19.61
      1.6200        19.50
      1.6210        19.32
      1.6220        19.37
      1.6230        19.51
      1.6240        19.45
      1.6250        19.49
      1.6260        19.43
      1.6270        19.48
      1.6280        19.66
      1.6290        19.76
      1.6300        20.00
      1.6310        20.16
      1.6320        20.32
      1.6330        20.47
      1.6340        20.68
      1.6350        20.63
      1.6360        20.71
      1.6370        20.69
      1.6380        20.78
      1.6390        20.83
      1.6400        20.90
      1.6410        20.91
      1.6420        20.98
      1.6430        20.72
      1.6440        20.76
      1.6450        20.79
      1.6460        20.83
      1.6470        20.74
      1.6480        20.53
      1.6490        20.57
      1.6500        20.51
      1.6510        20.27
      1.6520        20.17
      1.6530        20.18
      1.6540        20.06
      1.6550        20.01
      1.6560        19.85
      1.6570        19.80
      1.6580        19.76
      1.6590        19.70
      1.6600        19.77
      1.6610        19.80
      1.6620        19.81
      1.6630        19.89
      1.6640        19.85
      1.6650        19.88
      1.6660        19.81
      1.6670        19.90
      1.6680        20.00
      1.6690        20.06
      1.6700        19.98
      1.6710        20.18
      1.6720        20.16
      1.6730        20.21
      1.6740        20.36
      1.6750        20.53
      1.6760        20.67
      1.6770        20.69
      1.6780        20.66
      1.6790        20.66
      1.6800        20.70
      1.6810        20.64
      1.6820        20.49
      1.6830        20.55
      1.6840        20.49
      1.6850        20.43
      1.6860        20.47
      1.6870        20.36
      1.6880        20.32
      1.6890        20.13
      1.6900        20.16
      1.6910        20.07
      1.6920        20.09
      1.6930        20.03
      1.6940        19.82
      1.6950        19.80
      1.6960        19.72
      1.6970        19.62
      1.6980        19.63
      1.6990        19.70
      1.7000        19.67
      1.7010        19.61
      1.7020        19.65
      1.7030        19.63
      1.7040        19.65
      1.7050        19.78
      1.7060        19.85
      1.7070        19.96
      1.7080        19.92
      1.7090        19.92
      1.7100        20.06
      1.7110        20.13
      1.7120        20.12
      1.7130        20.28
      1.7140        20.51
      1.7150        20.38
      1.7160        20.32
      1.7170        20.44
      1.7180        20.59
      1.7190        20.48
      1.7200        20.38
      1.7210        20.51
      1.7220        20.52
      1.7230        20.60
      1.7240        20.64
      1.7250        20.51
      1.7260        20.34
      1.7270        20.30
      1.7280        20.35
      1.7290        20.34
      1.7300        20.22
      1.7310        20.10
      1.7320        20.12
      1.7330        19.92
      1.7340        19.90
      1.7350        19.85
      1.7360        19.93
      1.7370        19.82
      1.7380        19.65
      1.7390        19.85
      1.7400        19.88
      1.7410        19.84
      1.7420        19.93
      1.7430        19.76
      1.7440        19.74
      1.7450        19.54
      1.7460        19.53
      1.7470        19.54
      1.7480        19.51
      1.7490        19.66
      1.7500        19.58
      1.7510        19.59
      1.7520        19.50
      1.7530        19.59
      1.7540        19.53
      1.7550        19.71
      1.7560        19.71
      1.7570        19.82
      1.7580        20.01
      1.7590        19.98
      1.7600        20.09
      1.7610        20.22
      1.7620        20.17
      1.7630        20.32
      1.7640        20.34
      1.7650        20.58
      1.7660        20.59
      1.7670        20.60
      1.7680        20.63
      1.7690        20.50
      1.7700        20.56
      1.7710        20.61
      1.7720        20.66
      1.7730        20.68
      1.7740        20.54
      1.7750        20.42
      1.7760        20.36
      1.7770        20.10
      1.7780        19.90
      1.7790        19.71
      1.7800        19.50
      1.7810        19.42
      1.7820        19.25
      1.7830        19.13
      1.7840        19.19
      1.7850        19.05
      1.7860        19.01
      1.7870        19.00
      1.7880        18.98
      1.7890        19.02
      1.7900        19.12
      1.7910        19.16
      1.7920        19.32
      1.7930        19.21
      1.7940        19.30
      1.7950        19.32
      1.7960        19.39
      1.7970        19.60
      1.7980        19.64
      1.7990        19.71
      1.8000        19.78
      1.8010        19.68
      1.8020        19.79
      1.8030        19.77
      1.8040        19.85
      1.8050        19.94
      1.8060        20.05
      1.8070        20.01
      1.8080        19.87
      1.8090        19.86
      1.8100        19.82
      1.8110        19.78
      1.8120        19.67
      1.8130        19.66
      1.8140        19.62
      1.8150        19.62
      1.8160        19.44
      1.8170        19.48
      1.8180        19.41
      1.8190        19.41
      1.8200        19.37
      1.8210        19.39
      1.8220        19.37
      1.8230        19.37
      1.8240        19.23
      1.8250        19.21
      1.8260        19.11
      1.8270        19.11
      1.8280        19.30
      1.8290        19.28
      1.8300        19.26
      1.8310        19.23
      1.8320        19.16
      1.8330        19.21
      1.8340        19.31
      1.8350        19.29
      1.8360        19.52
      1.8370        19.47
      1.8380        19.59
      1.8390        19.64
      1.8400        19.67
      1.8410        19.74
      1.8420        19.74
      1.8430        19.79
      1.8440        19.82
      1.8450        19.87
      1.8460        19.95
      1.8470        19.90
      1.8480        19.91
      1.8490        19.97
      1.8500        19.91
      1.8510        19.91
      1.8520        20.11
      1.8530        20.08
      1.8540        20.12
      1.8550        20.07
      1.8560        19.86
      1.8570        19.75
      1.8580        19.53
      1.8590        19.57
      1.8600        19.57
      1.8610        19.46
      1.8620        19.41
      1.8630        19.38
      1.8640        19.39
      1.8650        19.22
      1.8660        19.25
      1.8670        19.19
      1.8680        19.09
      1.8690        19.09
      1.8700        19.07
      1.8710        19.06
      1.8720        18.93
      1.8730        18.87
      1.8740        18.75
      1.8750        18.85
      1.8760        19.02
      1.8770        19.20
      1.8780        19.48
      1.8790        19.38
      1.8800        19.49
      1.8810        19.64
      1.8820        19.71
      1.8830        19.80
      1.8840        19.77
      1.8850        19.93
      1.8860        19.92
      1.8870        19.99
      1.8880        20.08
      1.8890        20.11
      1.8900        20.19
      1.8910        20.31
      1.8920        20.37
      1.8930        20.37
      1.8940        20.41
      1.8950        20.41
      1.8960        20.29
      1.8970        20.13
      1.8980        19.94
      1.8990        19.88
      1.9000        19.84
      1.9010        19.77
      1.9020        19.81
      1.9030        19.83
      1.9040        19.79
      1.9050        19.72
      1.9060        19.52
      1.9070        19.51
      1.9080        19.45
      1.9090        19.36
      1.9100        19.31
      1.9110        19.22
      1.9120        19.04
      1.9130        19.21
      1.9140        19.05
      1.9150        19.00
      1.9160        19.07
      1.9170        19.19
      1.9180        19.28
      1.9190        19.25
      1.9200        19.16
      1.9210        19.20
      1.9220        19.25
      1.9230        19.20
      1.9240        19.17
      1.9250        19.19
      1.9260        19.40
      1.9270        19.43
      1.9280        19.43
      1.9290        19.48
      1.9300        19.39
      1.9310        19.43
      1.9320        19.45
      1.9330        19.31
      1.9340        19.50
      1.9350        19.54
      1.9360        19.42
      1.9370        19.40
      1.9380        19.45
      1.9390        19.61
      1.9400        19.57
      1.9410        19.49
      1.9420        19.48
      1.9430        19.41
      1.9440        19.46
      1.9450        19.39
      1.9460        19.34
      1.9470        19.28
      1.9480        19.35
      1.9490        19.26
      1.9500        19.41
      1.9510        19.20
      1.9520        19.11
      1.9530        19.07
      1.9540        18.99
      1.9550        18.94
      1.9560        18.82
      1.9570        18.88
      1.9580        18.81
      1.9590        18.80
      1.9600        18.91
      1.9610        18.96
      1.9620        18.91
      1.9630        18.95
      1.9640        18.90
      1.9650        18.96
      1.9660        19.00
      1.9670        19.12
      1.9680        18.94
      1.9690        19.12
      1.9700        19.06
      1.9710        19.22
      1.9720        19.38
      1.9730        19.49
      1.9740        19.35
      1.9750        19.39
      1.9760        19.46
      1.9770        19.27
      1.9780        19.20
      1.9790        19.03
      1.9800        18.95
      1.9810        18.91
      1.9820        18.80
      1.9830        18.73
      1.9840        18.75
      1.9850        18.76
      1.9860        18.63
      1.9870        18.51
      1.9880        18.47
      1.9890        18.27
      1.9900        18.23
      1.9910        18.16
      1.9920        18.07
      1.9930        17.89
      1.9940        17.92
      1.9950        17.85
      1.9960        17.93
      1.9970        17.95
      1.9980        18.04
      1.9990        18.11
      2.0000        18.03
      2.0010        18.02
      2.0020        18.03
      2.0030        18.07
      2.0040        17.96
      2.0050        18.06
      2.0060        18.15
      2.0070        18.13
      2.0080        18.26
      2.0090        18.18
      2.0100        18.23
      2.0110        18.13
      2.0120        18.07
      2.0130        18.11
      2.0140        18.14
      2.0150        18.20
      2.0160        18.34
      2.0170        18.39
      2.0180        18.30
      2.0190        18.31
      2.0200        18.39
      2.0210        18.47
      2.0220        18.44
      2.0230        18.30
      2.0240        18.35
      2.0250        18.12
      2.0260        18.09
      2.0270        18.13
      2.0280        18.01
      2.0290        18.07
      2.0300        18.00
      2.0310        18.04
      2.0320        17.98
      2.0330        17.96
      2.0340        17.92
      2.0350        17.78
      2.0360        17.61
      2.0370        17.61
      2.0380        17.62
      2.0390        17.64
      2.0400        17.45
      2.0410        17.39
      2.0420        17.54
      2.0430        17.70
      2.0440        17.81
      2.0450        17.97
      2.0460        17.89
      2.0470        17.94
      2.0480        17.99
      2.0490        17.96
      2.0500        17.95
      2.0510        17.93
      2.0520        17.95
      2.0530        17.95
      2.0540        18.07
      2.0550        18.11
      2.0560        18.16
      2.0570        18.12
      2.0580        18.10
      2.0590        18.09
      2.0600        18.23
      2.0610        18.11
      2.0620        17.89
      2.0630        17.72
      2.0640        17.61
      2.0650        17.41
      2.0660        17.30
      2.0670        17.23
      2.0680        17.13
      2.0690        17.06
      2.0700        16.95
      2.0710        17.01
      2.0720        17.06
      2.0730        17.02
      2.0740        16.91
      2.0750        16.84
      2.0760        16.91
      2.0770        16.82
      2.0780        16.75
      2.0790        16.63
      2.0800        16.51
      2.0810        16.52
      2.0820        16.52
      2.0830        16.64
      2.0840        16.79
      2.0850        16.94
      2.0860        16.95
      2.0870        16.87
      2.0880        16.92
      2.0890        17.03
      2.0900        17.01
      2.0910        16.84
      2.0920        16.76
      2.0930        16.91
      2.0940        16.83
      2.0950        16.92
      2.0960        16.73
      2.0970        16.73
      2.0980        16.68
      2.0990        16.75
      2.1000        16.79
      2.1010        16.75
      2.1020        16.75
      2.1030        16.69
      2.1040        16.51
      2.1050        16.43
      2.1060        16.47
      2.1070        16.35
      2.1080        16.33
      2.1090        16.21
      2.1100        16.24
      2.1110        16.23
      2.1120        16.27
      2.1130        16.11
      2.1140        16.14
      2.1150        16.01
      2.1160        15.92
      2.1170        15.79
      2.1180        15.72
      2.1190        15.68
      2.1200        15.71
      2.1210        15.60
      2.1220        15.61
      2.1230        15.49
      2.1240        15.41
      2.1250        15.40
      2.1260        15.30
      2.1270        15.33
      2.1280        15.41
      2.1290        15.40
      2.1300        15.32
      2.1310        15.42
      2.1320        15.22
      2.1330        15.11
      2.1340        15.14
      2.1350        15.10
      2.1360        15.17
      2.1370        15.22
      2.1380        15.11
      2.1390        14.97
      2.1400        14.80
      2.1410        14.81
      2.1420        14.76
      2.1430        14.65
      2.1440        14.56
      2.1450        14.41
      2.1460        14.40
      2.1470        14.54
      2.1480        14.29
      2.1490        14.22
      2.1500        14.10
      2.1510        13.89
      2.1520        14.07
      2.1530        14.05
      2.1540        13.77
      2.1550        13.68
      2.1560        13.56
      2.1570        13.49
      2.1580        13.70
      2.1590        13.59
      2.1600        13.66
      2.1610        13.51
      2.1620        13.49
      2.1630        13.49
      2.1640        13.46
      2.1650        13.44
      2.1660        13.54
      2.1670        13.32
      2.1680        13.50
      2.1690        13.62
      2.1700        13.69
      2.1710        13.71
      2.1720        13.67
      2.1730        13.66
      2.1740        13.70
      2.1750        13.78
      2.1760        13.87
      2.1770        13.81
      2.1780        13.58
      2.1790        13.70
      2.1800        13.60
      2.1810        13.63
      2.1820        13.64
      2.1830        13.57
      2.1840        13.57
      2.1850        13.45
      2.1860        13.22
      2.1870        13.30
      2.1880        13.11
      2.1890        12.78
      2.1900        12.78
      2.1910        12.77
      2.1920        12.56
      2.1930        12.64
      2.1940        12.71
      2.1950        12.56
      2.1960        12.32
      2.1970        12.36
      2.1980        12.47
      2.1990        12.29
      2.2000        12.40
      2.2010        12.34
      2.2020        12.24
      2.2030        12.31
      2.2040        12.32
      2.2050        12.39
      2.2060        12.43
      2.2070        12.41
      2.2080        12.38
      2.2090        12.58
      2.2100        12.50
      2.2110        12.50
      2.2120        12.41
      2.2130        12.29
      2.2140        12.15
      2.2150        12.22
      2.2160        12.18
      2.2170        12.07
      2.2180        11.99
      2.2190        11.96
      2.2200        11.66
      2.2210        11.68
      2.2220        11.68
      2.2230        11.61
      2.2240        11.53
      2.2250        11.36
      2.2260        11.26
      2.2270        11.06
      2.2280        10.90
      2.2290        10.80
      2.2300        10.66
      2.2310        10.47
      2.2320        10.54
      2.2330        10.42
      2.2340        10.39
      2.2350        10.27
      2.2360        10.32
      2.2370        10.30
      2.2380        10.11
      2.2390        10.05
      2.2400         9.97
      2.2410         9.96
      2.2420         9.74
      2.2430         9.65
      2.2440         9.65
      2.2450         9.59
      2.2460         9.66
      2.2470         9.69
      2.2480         9.75
      2.2490         9.70
      2.2500         9.77
      2.2510         9.83
      2.2520         9.95
      2.2530        10.03
      2.2540        10.14
      2.2550        10.03
      2.2560         9.91
      2.2570        10.02
      2.2580        10.14
      2.2590        10.19
      2.2600        10.37
      2.2610        10.19
      2.2620        10.18
      2.2630        10.20
      2.2640        10.25
      2.2650        10.54
      2.2660        10.34
      2.2670        10.31
      2.2680        10.20
      2.2690        10.24
      2.2700        10.14
      2.2710         9.96
      2.2720         9.70
      2.2730         9.56
      2.2740         9.27
      2.2750         9.24
      2.2760         9.33
      2.2770         9.16
      2.2780         9.01
      2.2790         8.95
      2.2800         8.76
      2.2810         8.81
      2.2820         8.89
      2.2830         8.72
      2.2840         8.55
      2.2850         8.25
      2.2860         8.36
      2.2870         8.37
      2.2880         8.37
      2.2890         8.13
      2.2900         8.25
      2.2910         8.31
      2.2920         8.32
      2.2930         8.10
      2.2940         8.16
      2.2950         8.14
      2.2960         8.09
      2.2970         8.22
      2.2980         8.18
      2.2990         8.12
      2.3000         8.36
      2.3010         8.18
      2.3020         8.06
      2.3030         8.33
      2.3040         8.27
      2.3050         8.25
      2.3060         8.19
      2.3070         8.08
      2.3080         8.28
      2.3090         8.36
      2.3100         8.18
      2.3110         8.12
      2.3120         8.03
      2.3130         8.09
      2.3140         8.20
      2.3150         8.08
      2.3160         7.99
      2.3170         7.76
      2.3180         7.72
      2.3190         7.47
      2.3200         7.27
      2.3210         7.41
      2.3220         7.40
      2.3230         7.08
      2.3240         7.14
      2.3250         7.18
      2.3260         7.16
      2.3270         7.09
      2.3280         6.94
      2.3290         6.89
      2.3300         6.93
      2.3310         6.84
      2.3320         7.03
      2.3330         7.31
      2.3340         7.23
      2.3350         7.35
      2.3360         7.42
      2.3370         7.61
      2.3380         7.63
      2.3390         7.90
      2.3400         7.77
      2.3410         7.67
      2.3420         7.73
      2.3430         7.78
      2.3440         7.66
      2.3450         7.65
      2.3460         7.49
      2.3470         7.38
      2.3480         7.29
      2.3490         7.14
      2.3500         7.08
      2.3510         7.03
      2.3520         6.81
      2.3530         6.62
      2.3540         6.53
      2.3550         6.34
      2.3560         6.24
      2.3570         5.93
      2.3580         5.90
      2.3590         5.66
      2.3600         5.78
      2.3610         5.68
      2.3620         5.45
      2.3630         5.51
      2.3640         5.48
      2.3650         5.37
      2.3660         5.37
      2.3670         5.28
      2.3680         5.28
      2.3690         5.40
      2.3700         5.56
      2.3710         5.66
      2.3720         5.72
      2.3730         5.74
      2.3740         5.75
      2.3750         5.86
      2.3760         5.92
      2.3770         6.02
      2.3780         5.98
      2.3790         6.18
      2.3800         6.06
      2.3810         6.04
      2.3820         6.15
      2.3830         6.14
      2.3840         6.15
      2.3850         6.11
      2.3860         6.28
      2.3870         6.50
      2.3880         6.43
      2.3890         6.46
      2.3900         6.14
      2.3910         6.15
      2.3920         6.04
      2.3930         5.97
      2.3940         5.82
      2.3950         5.72
      2.3960         5.56
      2.3970         5.58
      2.3980         5.45
      2.3990         5.33
      2.4000         5.29
      2.4010         5.38
      2.4020         5.23
      2.4030         5.12
      2.4040         5.04
      2.4050         4.93
      2.4060         4.65
      2.4070         4.47
      2.4080         4.51
      2.4090         4.54
      2.4100         4.66
      2.4110         4.70
      2.4120         4.69
      2.4130         4.65
      2.4140         4.73
      2.4150         4.89
      2.4160         4.99
      2.4170         4.93
      2.4180         4.86
      2.4190         4.84
      2.4200         4.93
      2.4210         4.89
      2.4220         4.98
      2.4230         5.07
      2.4240         5.07
      2.4250         5.08
      2.4260         5.16
      2.4270         5.11
      2.4280         5.01
      2.4290         4.89
      2.4300         4.81
      2.4310         4.87
      2.4320         4.77
      2.4330         4.71
      2.4340         4.63
      2.4350         4.33
      2.4360         4.13
      2.4370         4.01
      2.4380         3.99
      2.4390         3.96
      2.4400         3.77
      2.4410         3.77
      2.4420         3.69
      2.4430         3.61
      2.4440         3.50
      2.4450         3.48
      2.4460         3.46
      2.4470         3.57
      2.4480         3.67
      2.4490         3.48
      2.4500         3.44
      2.4510         3.25
      2.4520         3.30
      2.4530         3.22
      2.4540         3.31
      2.4550         3.72
      2.4560         3.87
      2.4570         3.87
      2.4580         4.14
      2.4590         4.05
      2.4600         4.23
      2.4610         4.21
      2.4620         4.29
      2.4630         4.13
      2.4640         4.29
      2.4650         4.27
      2.4660         4.38
      2.4670         4.40
      2.4680         4.24
      2.4690         4.33
      2.4700         4.25
      2.4710         4.13
      2.4720         4.11
      2.4730         3.98
      2.4740         3.87
      2.4750         3.53
      2.4760         3.53
      2.4770         3.41
      2.4780         2.87
      2.4790         2.89
      2.4800         2.31
      2.4810         2.16
      2.4820         2.03
      2.4830         2.02
      2.4840         1.83
      2.4850         1.90
      2.4860         1.84
      2.4870         1.71
      2.4880         1.16
      2.4890         1.68
      2.4900         1.68
      2.4910         1.84
      2.4920         1.82
      2.4930         2.39
      2.4940         2.36
      2.4950         3.00
      2.4960         2.45
      2.4970         3.28
      2.4980         2.70
      2.4990         2.80
      2.5000         3.36
      2.5010         3.56
      2.5020         3.75
      2.5030         3.86
      2.5040         3.90
      2.5050         3.37
      2.5060         3.85
      2.5070         3.97
      2.5080         3.92
      2.5090         3.42
      2.5100         3.52
      2.5110         3.44
      2.5120         3.30
      2.5130         3.21
      2.5140         3.18
      2.5150         2.98
      2.5160         2.84
      2.5170         2.66
      2.5180         2.56
      2.5190         2.33
      2.5200         2.16
      2.5210         2.15
      2.5220         1.49
      2.5230         1.43
      2.5240         1.37
      2.5250         1.24
      2.5260         1.00
      2.5270         1.00
      2.5280         1.00
      2.5290         1.00
      2.5300         1.00
      2.5310         1.00
      2.5320         1.00
      2.5330         1.00
      2.5340         1.00
      2.5350         1.00
      2.5360         1.00
      2.5370         1.00
      2.5380         1.00
      2.5390         1.00
      2.5400         1.00
      2.5410         1.00
      2.5420         1.00
      2.5430         1.00
      2.5440         1.00
      2.5450         1.00
      2.5460         1.00
      2.5470         1.37
      2.5480         1.41
      2.5490         1.53
      2.5500         1.45
      2.5510         1.42
      2.5520         1.86
      2.5530         1.79
      2.5540         1.74
      2.5550         1.71
      2.5560         1.74
      2.5570         1.68
      2.5580         1.08
      2.5590         1.00
      2.5600         1.00
      2.5610         1.00
      2.5620         1.00
      2.5630         1.00
      2.5640         1.00
      2.5650         1.00
      2.5660         1.00
      2.5670         1.00
      2.5680         1.00
      2.5690         1.00
      2.5700         1.00
      2.5710         1.00
      2.5720         1.00
      2.5730         1.00
      2.5740         1.00
      2.5750         1.00
      2.5760         1.00
      2.5770         1.00
      2.5780         1.00
      2.5790         1.00
      2.5800         1.00
      2.5810         1.00
      2.5820         1.00
      2.5830         1.00
      2.5840         1.00
      2.5850         1.00
      2.5860         1.00
      2.5870         1.00
      2.5880         1.00
      2.5890         1.00
      2.5900         1.00
      2.5910         1.00
      2.5920         1.00
      2.5930         1.00
      2.5940         1.00
      2.5950         1.00
      2.5960         1.00
      2.5970         1.00
      2.5980         1.00
      2.5990         1.00
      2.6000         1.00
      2.6010         1.00
      2.6020         1.00
      2.6030         1.00
      2.6040         1.00
      2.6050         1.00
      2.6060         1.00
      2.6070         1.00
      2.6080         1.00
      2.6090         1.00
      2.6100         1.00
      2.6110         1.00
      2.6120         1.00
      2.6130         1.00
      2.6140         1.00
      2.6150         1.00
      2.6160         1.00
      2.6170         1.00
      2.6180         1.00
      2.6190         1.00
      2.6200         1.00
      2.6210         1.00
      2.6220         1.00
      2.6230         1.00
      2.6240         1.00
      2.6250         1.00
      2.6260         1.00
      2.6270         1.00
      2.6280         1.00
      2.6290         1.00
      2.6300         1.00
      2.6310         1.00
      2.6320         1.00
      2.6330         1.00
      2.6340         1.00
      2.6350         1.00
      2.6360         1.00
      2.6370         1.00
      2.6380         1.00
      2.6390         1.00
      2.6400         1.00
      2.6410         1.00
      2.6420         1.00
      2.6430         1.00
      2.6440         1.00
      2.6450         1.00
      2.6460         1.00
      2.6470         1.00
      2.6480         1.00
      2.6490         1.00
      2.6500         1.00
      2.6510         1.00
      2.6520         1.00
      2.6530         1.00
      2.6540         1.00
      2.6550         1.00
      2.6560         1.00
      2.6570         1.00
      2.6580         1.00
      2.6590         1.00
      2.6600         1.00
      2.6610         1.00
      2.6620         1.00
      2.6630         1.00
      2.6640         1.00
      2.6650         1.00
      2.6660         1.00
      2.6670         1.00
      2.6680         1.00
      2.6690         1.00
      2.6700         1.00
      2.6710         1.00
      2.6720         1.00
      2.6730         1.00
      2.6740         1.00
      2.6750         1.00
      2.6760         1.00
      2.6770         1.00
      2.6780         1.00
      2.6790         1.00
      2.6800         1.00
      2.6810         1.00
      2.6820         1.00
      2.6830         1.00
      2.6840         1.00
      2.6850         1.00
      2.6860         1.00
      2.6870         1.00
      2.6880         1.00
      2.6890         1.00
      2.6900         1.00
      2.6910         1.00
      2.6920         1.00
      2.6930         1.00
      2.6940         1.00
      2.6950         1.00
      2.6960         1.00
      2.6970         1.00
      2.6980         1.00
      2.6990         1.00
      2.7000         1.00
      2.7010         1.00
      2.7020         1.00
      2.7030         1.00
      2.7040         1.00
      2.7050         1.00
      2.7060         1.00
      2.7070         1.00
      2.7080         1.00
      2.7090         1.00
      2.7100         1.00
      2.7110         1.00
      2.7120         1.00
      2.7130         1.00
      2.7140         1.00
      2.7150         1.00
      2.7160         1.00
      2.7170         1.00
      2.7180         1.00
      2.7190         1.00
      2.7200         1.00
      2.7210         1.00
      2.7220         1.00
      2.7230         1.00
      2.7240         1.00
      2.7250         1.00
      2.7260         1.00
      2.7270         1.00
      2.7280         1.00
      2.7290         1.00
      2.7300         1.00
      2.7310         1.00
      2.7320         1.00
      2.7330         1.00
      2.7340         1.00
      2.7350         1.00
      2.7360         1.00
      2.7370         1.00
      2.7380         1.00
      2.7390         1.00
      2.7400         1.00
      2.7410         1.00
      2.7420         1.00
      2.7430         1.00
      2.7440         1.00
      2.7450         1.00
      2.7460         1.00
      2.7470         1.00
      2.7480         1.00
      2.7490         1.00
      2.7500         1.00
      2.7510         1.00
      2.7520         1.00
      2.7530         1.00
      2.7540         1.00
      2.7550         1.00
      2.7560         1.00
      2.7570         1.00
      2.7580         1.00
      2.7590         1.00
      2.7600         1.00
      2.7610         1.00
      2.7620         1.00
      2.7630         1.00
      2.7640         1.00
      2.7650         1.00
      2.7660         1.00
      2.7670         1.00
      2.7680         1.00
      2.7690         1.00
      2.7700         1.00
      2.7710         1.00
      2.7720         1.00
      2.7730         1.00
      2.7740         1.00
      2.7750         1.00
      2.7760         1.00
      2.7770         1.00
      2.7780         1.00
      2.7790         1.00
      2.7800         1.00
      2.7810         1.00
      2.7820         1.00
      2.7830         1.00
      2.7840         1.00
      2.7850         1.00
      2.7860         1.00
      2.7870         1.00
      2.7880         1.00
      2.7890         1.00
      2.7900         1.00
      2.7910         1.00
      2.7920         1.00
      2.7930         1.00
      2.7940         1.00
      2.7950         1.00
      2.7960         1.00
      2.7970         1.00
      2.7980         1.00
      2.7990         1.00
      2.8000         1.00
      2.8010         1.00
      2.8020         1.00
      2.8030         1.00
      2.8040         1.00
      2.8050         1.00
      2.8060         1.00
      2.8070         1.00
      2.8080         1.00
      2.8090         1.00
      2.8100         1.00
      2.8110         1.00
      2.8120         1.00
      2.8130         1.00
      2.8140         1.00
      2.8150         1.00
      2.8160         1.00
      2.8170         1.00
      2.8180         1.00
      2.8190         1.00
      2.8200         1.00
      2.8210         1.00
      2.8220         1.00
      2.8230         1.00
      2.8240         1.00
      2.8250         1.00
      2.8260         1.00
      2.8270         1.00
      2.8280         1.00
      2.8290         1.00
      2.8300         1.00
      2.8310         1.00
      2.8320         1.00
      2.8330         1.00
      2.8340         1.00
      2.8350         1.00
      2.8360         1.00
      2.8370         1.00
      2.8380         1.00
      2.8390         1.00
      2.8400         1.00
      2.8410         1.00
      2.8420         1.00
      2.8430         1.00
      2.8440         1.00
      2.8450         1.00
      2.8460         1.00
      2.8470         1.00
      2.8480         1.00
      2.8490         1.00
      2.8500         1.00
      2.8510         1.00
      2.8520         1.00
      2.8530         1.00
      2.8540         1.00
      2.8550         1.00
      2.8560         1.00
      2.8570         1.00
      2.8580         1.00
      2.8590         1.00
      2.8600         1.00
      2.8610         1.00
      2.8620         1.00
      2.8630         1.00
      2.8640         1.00
      2.8650         1.00
      2.8660         1.00
      2.8670         1.00
      2.8680         1.00
      2.8690         1.00
      2.8700         1.00
      2.8710         1.00
      2.8720         1.00
      2.8730         1.00
      2.8740         1.00
      2.8750         1.00
      2.8760         1.00
      2.8770         1.00
      2.8780         1.00
      2.8790         1.00
      2.8800         1.00
      2.8810         1.00
      2.8820         1.00
      2.8830         1.00
      2.8840         1.00
      2.8850         1.00
      2.8860         1.00
      2.8870         1.00
      2.8880         1.00
      2.8890         1.00
      2.8900         1.00
      2.8910         1.00
      2.8920         1.00
      2.8930         1.00
      2.8940         1.00
      2.8950         1.00
      2.8960         1.00
      2.8970         1.00
      2.8980         1.00
      2.8990         1.00
      2.9000         1.00
      2.9010         1.00
      2.9020         1.00
      2.9030         1.00
      2.9040         1.00
      2.9050         1.00
      2.9060         1.00
      2.9070         1.00
      2.9080         1.00
      2.9090         1.00
      2.9100         1.00
      2.9110         1.00
      2.9120         1.00
      2.9130         1.00
      2.9140         1.00
      2.9150         1.00
      2.9160         1.00
      2.9170         1.00
      2.9180         1.00
      2.9190         1.00
      2.9200         1.00
      2.9210         1.00
      2.9220         1.00
      2.9230         1.00
      2.9240         1.00
      2.9250         1.00
      2.9260         1.00
      2.9270         1.00
      2.9280         1.00
      2.9290         1.00
      2.9300         1.00
      2.9310         1.00
      2.9320         1.00
      2.9330         1.00
      2.9340         1.00
      2.9350         1.00
      2.9360         1.00
      2.9370         1.00
      2.9380         1.00
      2.9390         1.00
      2.9400         1.00
      2.9410         1.00
      2.9420         1.00
      2.9430         1.00
      2.9440         1.00
      2.9450         1.00
      2.9460         1.00
      2.9470         1.00
      2.9480         1.00
      2.9490         1.00
      2.9500         1.00
      2.9510         1.00
      2.9520         1.00
      2.9530         1.00
      2.9540         1.00
      2.9550         1.00
      2.9560         1.00
      2.9570         1.00
      2.9580         1.00
      2.9590         1.00
      2.9600         1.00
      2.9610         1.00
      2.9620         1.00
      2.9630         1.00
      2.9640         1.00
      2.9650         1.00
      2.9660         1.00
      2.9670         1.00
      2.9680         1.00
      2.9690         1.00
      2.9700         1.00
      2.9710         1.00
      2.9720         1.00
      2.9730         1.00
      2.9740         1.00
      2.9750         1.00
      2.9760         1.00
      2.9770         1.00
      2.9780         1.00
      2.9790         1.00
      2.9800         1.00
      2.9810         1.00
      2.9820         1.00
      2.9830         1.00
      2.9840         1.00
      2.9850         1.00
      2.9860         1.00
      2.9870         1.00
      2.9880         1.00
      2.9890         1.00
      2.9900         1.00
      2.9910         1.00
      2.9920         1.00
      2.9930         1.00
      2.9940         1.00
      2.9950         1.00
      2.9960         1.00
      2.9970         1.00
      2.9980         1.00
      2.9990         1.00
