        Time   Palpation Force
      0.0000         1.00
      0.0010         1.00
      0.0020         1.00
      0.0030         1.00
      0.0040         1.00
      0.0050         1.00
      0.0060         1.00
      0.0070         1.00
      0.0080         1.00
      0.0090         1.00
      0.0100         1.00
      0.0110         1.00
      0.0120         1.00
      0.0130         1.00
      0.0140         1.00
      0.0150         1.00
      0.0160         1.00
      0.0170         1.00
      0.0180         1.00
      0.0190         1.00
      0.0200         1.00
      0.0210         1.00
      0.0220         1.00
      0.0230         1.00
      0.0240         1.00
      0.0250         1.00
      0.0260         1.00
      0.0270         1.00
      0.0280         1.00
      0.0290         1.00
      0.0300         1.00
      0.0310         1.00
      0.0320         1.00
      0.0330         1.00
      0.0340         1.00
      0.0350         1.00
      0.0360         1.00
      0.0370         1.00
      0.0380         1.00
      0.0390         1.00
      0.0400         1.00
      0.0410         1.00
      0.0420         1.00
      0.0430         1.00
      0.0440         1.00
      0.0450         1.00
      0.0460         1.00
      0.0470         1.00
      0.0480         1.00
      0.0490         1.00
      0.0500         1.00
      0.0510         1.00
      0.0520         1.00
      0.0530         1.00
      0.0540         1.00
      0.0550         1.00
      0.0560         1.00
      0.0570         1.00
      0.0580         1.00
      0.0590         1.00
      0.0600         1.00
      0.0610         1.00
      0.0620         1.00
      0.0630         1.00
      0.0640         1.00
      0.0650         1.00
      0.0660         1.00
      0.0670         1.00
      0.0680         1.00
      0.0690         1.00
      0.0700         1.00
      0.0710         1.00
      0.0720         1.00
      0.0730         1.00
      0.0740         1.00
      0.0750         1.00
      0.0760         1.00
      0.0770         1.00
      0.0780         1.00
      0.0790         1.00
      0.0800         1.00
      0.0810         1.00
      0.0820         1.00
      0.0830         1.00
      0.0840         1.00
      0.0850         1.00
      0.0860         1.00
      0.0870         1.00
      0.0880         1.00
      0.0890         1.00
      0.0900         1.00
      0.0910         1.00
      0.0920         1.00
      0.0930         1.00
      0.0940         1.00
      0.0950         1.00
      0.0960         1.00
      0.0970         1.00
      0.0980         1.00
      0.0990         1.00
      0.1000         1.00
      0.1010         1.00
      0.1020         1.00
      0.1030         1.00
      0.1040         1.00
      0.1050         1.00
      0.1060         1.00
      0.1070         1.00
      0.1080         1.00
      0.1090         1.00
      0.1100         1.00
      0.1110         1.00
      0.1120         1.00
      0.1130         1.00
      0.1140         1.00
      0.1150         1.00
      0.1160         1.00
      0.1170         1.00
      0.1180         1.00
      0.1190         1.00
      0.1200         1.00
      0.1210         1.00
      0.1220         1.00
      0.1230         1.00
      0.1240         1.00
      0.1250         1.00
      0.1260         1.00
      0.1270         1.00
      0.1280         1.00
      0.1290         1.00
      0.1300         1.00
      0.1310         1.00
      0.1320         1.00
      0.1330         1.00
      0.1340         1.00
      0.1350         1.00
      0.1360         1.00
      0.1370         1.00
      0.1380         1.00
      0.1390         1.00
      0.1400         1.00
      0.1410         1.00
      0.1420         1.00
      0.1430         1.00
      0.1440         1.00
      0.1450         1.00
      0.1460         1.00
      0.1470         1.00
      0.1480         1.00
      0.1490         1.00
      0.1500         1.00
      0.1510         1.00
      0.1520         1.00
      0.1530         1.00
      0.1540         1.00
      0.1550         1.00
      0.1560         1.00
      0.1570         1.00
      0.1580         1.00
      0.1590         1.00
      0.1600         1.00
      0.1610         1.00
      0.1620         1.00
      0.1630         1.00
      0.1640         1.00
      0.1650         1.00
      0.1660         1.00
      0.1670         1.00
      0.1680         1.00
      0.1690         1.00
      0.1700         1.00
      0.1710         1.00
      0.1720         1.00
      0.1730         1.00
      0.1740         1.00
      0.1750         1.00
      0.1760         1.00
      0.1770         1.00
      0.1780         1.00
      0.1790         1.00
      0.1800         1.00
      0.1810         1.00
      0.1820         1.00
      0.1830         1.00
      0.1840         1.00
      0.1850         1.00
      0.1860         1.00
      0.1870         1.00
      0.1880         1.00
      0.1890         1.00
      0.1900         1.00
      0.1910         1.00
      0.1920         1.00
      0.1930         1.00
      0.1940         1.00
      0.1950         1.00
      0.1960         1.00
      0.1970         1.00
      0.1980         1.00
      0.1990         1.00
      0.2000         1.00
      0.2010         1.00
      0.2020         1.00
      0.2030         1.00
      0.2040         1.00
      0.2050         1.00
      0.2060         1.00
      0.2070         1.00
      0.2080         1.00
      0.2090         1.00
      0.2100         1.00
      0.2110         1.00
      0.2120         1.00
      0.2130         1.00
      0.2140         1.00
      0.2150         1.00
      0.2160         1.00
      0.2170         1.00
      0.2180         1.00
      0.2190         1.00
      0.2200         1.00
      0.2210         1.00
      0.2220         1.00
      0.2230         1.00
      0.2240         1.00
      0.2250         1.00
      0.2260         1.00
      0.2270         1.00
      0.2280         1.00
      0.2290         1.00
      0.2300         1.00
      0.2310         1.00
      0.2320         1.00
      0.2330         1.00
      0.2340         1.00
      0.2350         1.00
      0.2360         1.00
      0.2370         1.00
      0.2380         1.00
      0.2390         1.00
      0.2400         1.00
      0.2410         1.00
      0.2420         1.00
      0.2430         1.00
      0.2440         1.00
      0.2450         1.00
      0.2460         1.00
      0.2470         1.00
      0.2480         1.00
      0.2490         1.00
      0.2500         1.00
      0.2510         1.00
      0.2520         1.00
      0.2530         1.00
      0.2540         1.00
      0.2550         1.00
      0.2560         1.00
      0.2570         1.00
      0.2580         1.00
      0.2590         1.00
      0.2600         1.00
      0.2610         1.00
      0.2620         1.00
      0.2630         1.00
      0.2640         1.00
      0.2650         1.00
      0.2660         1.00
      0.2670         1.00
      0.2680         1.00
      0.2690         1.00
      0.2700         1.00
      0.2710         1.00
      0.2720         1.00
      0.2730         1.00
      0.2740         1.00
      0.2750         1.00
      0.2760         1.00
      0.2770         1.00
      0.2780         1.00
      0.2790         1.00
      0.2800         1.00
      0.2810         1.00
      0.2820         1.00
      0.2830         1.00
      0.2840         1.00
      0.2850         1.00
      0.2860         1.00
      0.2870         1.00
      0.2880         1.00
      0.2890         1.00
      0.2900         1.00
      0.2910         1.00
      0.2920         1.00
      0.2930         1.00
      0.2940         1.00
      0.2950         1.00
      0.2960         1.00
      0.2970         1.00
      0.2980         1.00
      0.2990         1.00
      0.3000         1.00
      0.3010         1.00
      0.3020         1.00
      0.3030         1.00
      0.3040         1.00
      0.3050         1.00
      0.3060         1.00
      0.3070         1.00
      0.3080         1.00
      0.3090         1.00
      0.3100         1.00
      0.3110         1.00
      0.3120         1.00
      0.3130         1.00
      0.3140         1.00
      0.3150         1.00
      0.3160         1.00
      0.3170         1.00
      0.3180         1.00
      0.3190         1.00
      0.3200         1.00
      0.3210         1.00
      0.3220         1.00
      0.3230         1.00
      0.3240         1.00
      0.3250         1.00
      0.3260         1.00
      0.3270         1.00
      0.3280         1.00
      0.3290         1.00
      0.3300         1.00
      0.3310         1.00
      0.3320         1.00
      0.3330         1.00
      0.3340         1.00
      0.3350         1.00
      0.3360         1.00
      0.3370         1.00
      0.3380         1.00
      0.3390         1.00
      0.3400         1.00
      0.3410         1.00
      0.3420         1.00
      0.3430         1.00
      0.3440         1.00
      0.3450         1.00
      0.3460         1.00
      0.3470         1.00
      0.3480         1.00
      0.3490         1.00
      0.3500         1.00
      0.3510         1.00
      0.3520         1.00
      0.3530         1.00
      0.3540         1.00
      0.3550         1.00
      0.3560         1.00
      0.3570         1.00
      0.3580         1.00
      0.3590         1.00
      0.3600         1.00
      0.3610         1.00
      0.3620         1.00
      0.3630         1.00
      0.3640         1.00
      0.3650         1.00
      0.3660         1.00
      0.3670         1.00
      0.3680         1.00
      0.3690         1.00
      0.3700         1.00
      0.3710         1.00
      0.3720         1.00
      0.3730         1.00
      0.3740         1.00
      0.3750         1.00
      0.3760         1.00
      0.3770         1.00
      0.3780         1.00
      0.3790         1.00
      0.3800         1.00
      0.3810         1.00
      0.3820         1.00
      0.3830         1.00
      0.3840         1.00
      0.3850         1.00
      0.3860         1.00
      0.3870         1.00
      0.3880         1.00
      0.3890         1.00
      0.3900         1.00
      0.3910         1.00
      0.3920         1.00
      0.3930         1.00
      0.3940         1.00
      0.3950         1.00
      0.3960         1.00
      0.3970         1.00
      0.3980         1.00
      0.3990         1.00
      0.4000         1.00
      0.4010         1.00
      0.4020         1.00
      0.4030         1.00
      0.4040         1.00
      0.4050         1.00
      0.4060         1.00
      0.4070         1.00
      0.4080         1.00
      0.4090         1.00
      0.4100         1.00
      0.4110         1.00
      0.4120         1.00
      0.4130         1.00
      0.4140         1.00
      0.4150         1.00
      0.4160         1.00
      0.4170         1.00
      0.4180         1.00
      0.4190         1.00
      0.4200         1.00
      0.4210         1.00
      0.4220         1.00
      0.4230         1.00
      0.4240         1.00
      0.4250         1.00
      0.4260         1.00
      0.4270         1.00
      0.4280         1.00
      0.4290         1.00
      0.4300         1.00
      0.4310         1.00
      0.4320         1.00
      0.4330         1.00
      0.4340         1.00
      0.4350         1.00
      0.4360         1.00
      0.4370         1.00
      0.4380         1.00
      0.4390         1.00
      0.4400         1.00
      0.4410         1.00
      0.4420         1.00
      0.4430         1.00
      0.4440         1.00
      0.4450         1.00
      0.4460         1.00
      0.4470         1.00
      0.4480         1.00
      0.4490         1.00
      0.4500         1.00
      0.4510         1.00
      0.4520         1.00
      0.4530         1.00
      0.4540         1.00
      0.4550         1.00
      0.4560         1.00
      0.4570         1.00
      0.4580         1.00
      0.4590         1.00
      0.4600         1.00
      0.4610         1.00
      0.4620         1.00
      0.4630         1.00
      0.4640         1.00
      0.4650         1.00
      0.4660         1.00
      0.4670         1.00
      0.4680         1.00
      0.4690         1.00
      0.4700         1.00
      0.4710         1.00
      0.4720         1.00
      0.4730         1.00
      0.4740         1.00
      0.4750         1.00
      0.4760         1.00
      0.4770         1.00
      0.4780         1.00
      0.4790         1.00
      0.4800         1.00
      0.4810         1.00
      0.4820         1.00
      0.4830         1.00
      0.4840         1.00
      0.4850         1.00
      0.4860         1.00
      0.4870         1.00
      0.4880         1.00
      0.4890         1.00
      0.4900         1.00
      0.4910         1.00
      0.4920         1.00
      0.4930         1.00
      0.4940         1.00
      0.4950         1.00
      0.4960         1.00
      0.4970         1.00
      0.4980         1.00
      0.4990         1.00
      0.5000         1.00
      0.5010         1.00
      0.5020         1.00
      0.5030         1.00
      0.5040         1.00
      0.5050         1.00
      0.5060         1.00
      0.5070         1.00
      0.5080         1.00
      0.5090         1.00
      0.5100         1.00
      0.5110         1.00
      0.5120         1.00
      0.5130         1.00
      0.5140         1.00
      0.5150         1.00
      0.5160         1.00
      0.5170         1.00
      0.5180         1.00
      0.5190         1.00
      0.5200         1.00
      0.5210         1.00
      0.5220         1.00
      0.5230         1.00
      0.5240         1.00
      0.5250         1.00
      0.5260         1.00
      0.5270         1.00
      0.5280         1.00
      0.5290         1.00
      0.5300         1.00
      0.5310         1.00
      0.5320         1.00
      0.5330         1.00
      0.5340         1.00
      0.5350         1.00
      0.5360         1.00
      0.5370         1.00
      0.5380         1.00
      0.5390         1.00
      0.5400         1.00
      0.5410         1.00
      0.5420         1.00
      0.5430         1.00
      0.5440         1.00
      0.5450         1.00
      0.5460         1.00
      0.5470         1.00
      0.5480         1.00
      0.5490         1.00
      0.5500         1.00
      0.5510         1.00
      0.5520         1.00
      0.5530         1.00
      0.5540         1.00
      0.5550         1.00
      0.5560         1.00
      0.5570         1.00
      0.5580         1.00
      0.5590         1.00
      0.5600         1.00
      0.5610         1.00
      0.5620         1.00
      0.5630         1.00
      0.5640         1.00
      0.5650         1.00
      0.5660         1.00
      0.5670         1.00
      0.5680         1.00
      0.5690         1.00
      0.5700         1.00
      0.5710         1.00
      0.5720         1.00
      0.5730         1.00
      0.5740         1.00
      0.5750         1.00
      0.5760         1.00
      0.5770         1.00
      0.5780         1.00
      0.5790         1.00
      0.5800         1.00
      0.5810         1.00
      0.5820         1.00
      0.5830         1.00
      0.5840         1.00
      0.5850         1.00
      0.5860         1.00
      0.5870         1.00
      0.5880         1.00
      0.5890         1.00
      0.5900         1.00
      0.5910         1.00
      0.5920         1.00
      0.5930         1.00
      0.5940         1.00
      0.5950         1.00
      0.5960         1.00
      0.5970         1.00
      0.5980         1.00
      0.5990         1.00
      0.6000         1.00
      0.6010         1.00
      0.6020         1.00
      0.6030         1.00
      0.6040         1.00
      0.6050         1.00
      0.6060         1.00
      0.6070         1.00
      0.6080         1.00
      0.6090         1.00
      0.6100         1.00
      0.6110         1.00
      0.6120         1.00
      0.6130         1.00
      0.6140         1.00
      0.6150         1.00
      0.6160         1.00
      0.6170         1.00
      0.6180         1.00
      0.6190         1.00
      0.6200         1.00
      0.6210         1.00
      0.6220         1.00
      0.6230         1.00
      0.6240         1.00
      0.6250         1.00
      0.6260         1.00
      0.6270         1.00
      0.6280         1.00
      0.6290         1.00
      0.6300         1.00
      0.6310         1.00
      0.6320         1.00
      0.6330         1.00
      0.6340         1.00
      0.6350         1.00
      0.6360         1.00
      0.6370         1.00
      0.6380         1.00
      0.6390         1.00
      0.6400         1.00
      0.6410         1.00
      0.6420         1.00
      0.6430         1.00
      0.6440         1.00
      0.6450         1.00
      0.6460         1.00
      0.6470         1.00
      0.6480         1.00
      0.6490         1.00
      0.6500         1.00
      0.6510         1.00
      0.6520         1.00
      0.6530         1.00
      0.6540         1.00
      0.6550         1.00
      0.6560         1.00
      0.6570         1.00
      0.6580         1.00
      0.6590         1.00
      0.6600         1.00
      0.6610         1.00
      0.6620         1.00
      0.6630         1.00
      0.6640         1.00
      0.6650         1.00
      0.6660         1.00
      0.6670         1.00
      0.6680         1.00
      0.6690         1.00
      0.6700         1.00
      0.6710         1.00
      0.6720         1.00
      0.6730         1.00
      0.6740         1.00
      0.6750         1.00
      0.6760         1.00
      0.6770         1.00
      0.6780         1.00
      0.6790         1.00
      0.6800         1.00
      0.6810         1.00
      0.6820         1.00
      0.6830         1.00
      0.6840         1.00
      0.6850         1.00
      0.6860         1.00
      0.6870         1.00
      0.6880         1.00
      0.6890         1.00
      0.6900         1.00
      0.6910         1.00
      0.6920         1.00
      0.6930         1.00
      0.6940         1.00
      0.6950         1.00
      0.6960         1.00
      0.6970         1.00
      0.6980         1.00
      0.6990         1.00
      0.7000         1.00
      0.7010         1.00
      0.7020         1.00
      0.7030         1.00
      0.7040         1.00
      0.7050         1.00
      0.7060         1.00
      0.7070         1.00
      0.7080         1.00
      0.7090         1.00
      0.7100         1.00
      0.7110         1.00
      0.7120         1.00
      0.7130         1.00
      0.7140         1.00
      0.7150         1.00
      0.7160         1.00
      0.7170         1.00
      0.7180         1.00
      0.7190         1.00
      0.7200         1.00
      0.7210         1.00
      0.7220         1.00
      0.7230         1.00
      0.7240         1.00
      0.7250         1.00
      0.7260         1.00
      0.7270         1.00
      0.7280         1.00
      0.7290         1.00
      0.7300         1.00
      0.7310         1.00
      0.7320         1.00
      0.7330         1.00
      0.7340         1.00
      0.7350         1.00
      0.7360         1.00
      0.7370         1.00
      0.7380         1.00
      0.7390         1.00
      0.7400         1.00
      0.7410         1.00
      0.7420         1.00
      0.7430         1.00
      0.7440         1.00
      0.7450         1.00
      0.7460         1.00
      0.7470         1.00
      0.7480         1.00
      0.7490         1.00
      0.7500         1.00
      0.7510         1.00
      0.7520         1.00
      0.7530         1.00
      0.7540         1.00
      0.7550         1.00
      0.7560         1.00
      0.7570         1.00
      0.7580         1.00
      0.7590         1.00
      0.7600         1.00
      0.7610         1.00
      0.7620         1.00
      0.7630         1.00
      0.7640         1.00
      0.7650         1.00
      0.7660         1.00
      0.7670         1.00
      0.7680         1.00
      0.7690         1.00
      0.7700         1.00
      0.7710         1.00
      0.7720         1.00
      0.7730         1.00
      0.7740         1.00
      0.7750         1.00
      0.7760         1.00
      0.7770         1.00
      0.7780         1.00
      0.7790         1.00
      0.7800         1.00
      0.7810         1.00
      0.7820         1.00
      0.7830         1.00
      0.7840         1.00
      0.7850         1.00
      0.7860         1.00
      0.7870         1.00
      0.7880         1.00
      0.7890         1.00
      0.7900         1.00
      0.7910         1.00
      0.7920         1.00
      0.7930         1.00
      0.7940         1.00
      0.7950         1.00
      0.7960         1.00
      0.7970         1.00
      0.7980         1.00
      0.7990         1.00
      0.8000         1.00
      0.8010         1.00
      0.8020         1.00
      0.8030         1.00
      0.8040         1.00
      0.8050         1.00
      0.8060         1.00
      0.8070         1.00
      0.8080         1.00
      0.8090         1.00
      0.8100         1.00
      0.8110         1.00
      0.8120         1.00
      0.8130         1.00
      0.8140         1.00
      0.8150         1.00
      0.8160         1.00
      0.8170         1.00
      0.8180         1.00
      0.8190         1.00
      0.8200         1.00
      0.8210         1.00
      0.8220         1.00
      0.8230         1.00
      0.8240         1.00
      0.8250         1.00
      0.8260         1.00
      0.8270         1.00
      0.8280         1.00
      0.8290         1.00
      0.8300         1.00
      0.8310         1.00
      0.8320         1.00
      0.8330         1.00
      0.8340         1.00
      0.8350         1.00
      0.8360         1.00
      0.8370         1.00
      0.8380         1.00
      0.8390         1.00
      0.8400         1.00
      0.8410         1.00
      0.8420         1.00
      0.8430         1.00
      0.8440         1.00
      0.8450         1.00
      0.8460         1.00
      0.8470         1.00
      0.8480         1.00
      0.8490         1.00
      0.8500         1.00
      0.8510         1.00
      0.8520         1.00
      0.8530         1.00
      0.8540         1.00
      0.8550         1.00
      0.8560         1.00
      0.8570         1.00
      0.8580         1.00
      0.8590         1.00
      0.8600         1.00
      0.8610         1.00
      0.8620         1.00
      0.8630         1.00
      0.8640         1.00
      0.8650         1.00
      0.8660         1.00
      0.8670         1.00
      0.8680         1.00
      0.8690         1.00
      0.8700         1.00
      0.8710         1.00
      0.8720         1.00
      0.8730         1.00
      0.8740         1.00
      0.8750         1.00
      0.8760         1.00
      0.8770         1.00
      0.8780         1.00
      0.8790         1.00
      0.8800         1.00
      0.8810         1.00
      0.8820         1.00
      0.8830         1.00
      0.8840         1.00
      0.8850         1.00
      0.8860         1.00
      0.8870         1.00
      0.8880         1.00
      0.8890         1.00
      0.8900         1.00
      0.8910         1.00
      0.8920         1.00
      0.8930         1.00
      0.8940         1.00
      0.8950         1.00
      0.8960         1.00
      0.8970         1.00
      0.8980         1.00
      0.8990         1.00
      0.9000         1.00
      0.9010         1.00
      0.9020         1.00
      0.9030         1.00
      0.9040         1.00
      0.9050         1.00
      0.9060         1.00
      0.9070         1.00
      0.9080         1.00
      0.9090         1.00
      0.9100         1.00
      0.9110         1.00
      0.9120         1.00
      0.9130         1.00
      0.9140         1.00
      0.9150         1.00
      0.9160         1.00
      0.9170         1.00
      0.9180         1.00
      0.9190         1.00
      0.9200         1.00
      0.9210         1.00
      0.9220         1.00
      0.9230         1.00
      0.9240         1.00
      0.9250         1.00
      0.9260         1.00
      0.9270         1.00
      0.9280         1.00
      0.9290         1.00
      0.9300         1.00
      0.9310         1.00
      0.9320         1.00
      0.9330         1.00
      0.9340         1.00
      0.9350         1.00
      0.9360         1.00
      0.9370         1.00
      0.9380         1.00
      0.9390         1.00
      0.9400         1.00
      0.9410         1.00
      0.9420         1.00
      0.9430         1.00
      0.9440         1.00
      0.9450         1.00
      0.9460         1.00
      0.9470         1.00
      0.9480         1.00
      0.9490         1.00
      0.9500         1.00
      0.9510         1.00
      0.9520         1.00
      0.9530         1.00
      0.9540         1.00
      0.9550         1.00
      0.9560         1.00
      0.9570         1.00
      0.9580         1.00
      0.9590         1.00
      0.9600         1.00
      0.9610         1.00
      0.9620         1.00
      0.9630         1.00
      0.9640         1.00
      0.9650         1.00
      0.9660         1.00
      0.9670         1.00
      0.9680         1.00
      0.9690         1.00
      0.9700         1.00
      0.9710         1.00
      0.9720         1.00
      0.9730         1.00
      0.9740         1.00
      0.9750         1.00
      0.9760         1.00
      0.9770         1.00
      0.9780         1.00
      0.9790         1.00
      0.9800         1.00
      0.9810         1.00
      0.9820         1.00
      0.9830         1.00
      0.9840         1.00
      0.9850         1.00
      0.9860         1.00
      0.9870         1.00
      0.9880         1.00
      0.9890         1.00
      0.9900         1.00
      0.9910         1.00
      0.9920         1.00
      0.9930         1.00
      0.9940         1.00
      0.9950         1.00
      0.9960         1.00
      0.9970         1.00
      0.9980         1.00
      0.9990         1.00
      1.0000         1.00
      1.0010         1.00
      1.0020         1.00
      1.0030         1.00
      1.0040         1.00
      1.0050         1.00
      1.0060         1.00
      1.0070         1.00
      1.0080         1.00
      1.0090         1.00
      1.0100         1.00
      1.0110         1.00
      1.0120         1.00
      1.0130         1.00
      1.0140         1.00
      1.0150         1.00
      1.0160         1.00
      1.0170         1.00
      1.0180         1.00
      1.0190         1.00
      1.0200         1.00
      1.0210         1.00
      1.0220         1.00
      1.0230         1.00
      1.0240         1.00
      1.0250         1.00
      1.0260         1.00
      1.0270         1.00
      1.0280         1.00
      1.0290         1.00
      1.0300         1.00
      1.0310         1.00
      1.0320         1.00
      1.0330         1.00
      1.0340         1.00
      1.0350         1.00
      1.0360         1.00
      1.0370         1.00
      1.0380         1.00
      1.0390         1.00
      1.0400         1.00
      1.0410         1.00
      1.0420         1.00
      1.0430         1.00
      1.0440         1.00
      1.0450         1.00
      1.0460         1.00
      1.0470         1.00
      1.0480         1.00
      1.0490         1.00
      1.0500         1.00
      1.0510         1.00
      1.0520         1.00
      1.0530         1.00
      1.0540         1.00
      1.0550         1.00
      1.0560         1.00
      1.0570         1.00
      1.0580         1.00
      1.0590         1.00
      1.0600         1.00
      1.0610         1.00
      1.0620         1.00
      1.0630         1.00
      1.0640         1.00
      1.0650         1.00
      1.0660         1.00
      1.0670         1.00
      1.0680         1.00
      1.0690         1.00
      1.0700         1.00
      1.0710         1.00
      1.0720         1.00
      1.0730         1.00
      1.0740         1.00
      1.0750         1.00
      1.0760         1.00
      1.0770         1.00
      1.0780         1.00
      1.0790         1.00
      1.0800         1.00
      1.0810         1.00
      1.0820         1.00
      1.0830         1.00
      1.0840         1.00
      1.0850         1.00
      1.0860         1.00
      1.0870         1.00
      1.0880         1.00
      1.0890         1.00
      1.0900         1.00
      1.0910         1.00
      1.0920         1.00
      1.0930         1.00
      1.0940         1.00
      1.0950         1.00
      1.0960         1.00
      1.0970         1.00
      1.0980         1.00
      1.0990         1.00
      1.1000         1.00
      1.1010         1.00
      1.1020         1.00
      1.1030         1.00
      1.1040         1.00
      1.1050         1.00
      1.1060         1.00
      1.1070         1.00
      1.1080         1.00
      1.1090         1.00
      1.1100         1.00
      1.1110         1.00
      1.1120         1.00
      1.1130         1.00
      1.1140         1.00
      1.1150         1.00
      1.1160         1.00
      1.1170         1.00
      1.1180         1.00
      1.1190         1.00
      1.1200         1.00
      1.1210         1.00
      1.1220         1.00
      1.1230         1.00
      1.1240         1.00
      1.1250         1.00
      1.1260         1.00
      1.1270         1.00
      1.1280         1.00
      1.1290         1.00
      1.1300         1.00
      1.1310         1.00
      1.1320         1.00
      1.1330         1.00
      1.1340         1.00
      1.1350         1.00
      1.1360         1.00
      1.1370         1.00
      1.1380         1.00
      1.1390         1.00
      1.1400         1.00
      1.1410         1.00
      1.1420         1.00
      1.1430         1.00
      1.1440         1.00
      1.1450         1.00
      1.1460         1.00
      1.1470         1.00
      1.1480         1.00
      1.1490         1.00
      1.1500         1.00
      1.1510         1.00
      1.1520         1.00
      1.1530         1.00
      1.1540         1.00
      1.1550         1.00
      1.1560         1.00
      1.1570         1.00
      1.1580         1.00
      1.1590         1.00
      1.1600         1.00
      1.1610         1.00
      1.1620         1.00
      1.1630         1.00
      1.1640         1.00
      1.1650         1.00
      1.1660         1.00
      1.1670         1.00
      1.1680         1.00
      1.1690         1.00
      1.1700         1.00
      1.1710         1.00
      1.1720         1.00
      1.1730         1.00
      1.1740         1.00
      1.1750         1.00
      1.1760         1.00
      1.1770         1.00
      1.1780         1.00
      1.1790         1.00
      1.1800         1.00
      1.1810         1.00
      1.1820         1.00
      1.1830         1.00
      1.1840         1.00
      1.1850         1.00
      1.1860         1.00
      1.1870         1.00
      1.1880         1.00
      1.1890         1.00
      1.1900         1.00
      1.1910         1.00
      1.1920         1.00
      1.1930         1.00
      1.1940         1.00
      1.1950         1.00
      1.1960         1.00
      1.1970         1.00
      1.1980         1.00
      1.1990         1.00
      1.2000         1.00
      1.2010         1.00
      1.2020         1.00
      1.2030         1.00
      1.2040         1.00
      1.2050         1.00
      1.2060         1.00
      1.2070         1.00
      1.2080         1.00
      1.2090         1.00
      1.2100         1.00
      1.2110         1.00
      1.2120         1.00
      1.2130         1.00
      1.2140         1.00
      1.2150         1.00
      1.2160         1.00
      1.2170         1.00
      1.2180         1.00
      1.2190         1.00
      1.2200         1.00
      1.2210         1.00
      1.2220         1.00
      1.2230         1.00
      1.2240         1.00
      1.2250         1.00
      1.2260         1.00
      1.2270         1.00
      1.2280         1.00
      1.2290         1.00
      1.2300         1.00
      1.2310         1.00
      1.2320         1.00
      1.2330         1.00
      1.2340         1.00
      1.2350         1.00
      1.2360         1.00
      1.2370         1.00
      1.2380         1.00
      1.2390         1.00
      1.2400         1.00
      1.2410         1.00
      1.2420         1.00
      1.2430         1.00
      1.2440         1.00
      1.2450         1.00
      1.2460         1.00
      1.2470         1.00
      1.2480         1.00
      1.2490         1.00
      1.2500         1.00
      1.2510         1.00
      1.2520         1.00
      1.2530         1.00
      1.2540         1.00
      1.2550         1.00
      1.2560         1.00
      1.2570         1.00
      1.2580         1.00
      1.2590         1.00
      1.2600         1.00
      1.2610         1.00
      1.2620         1.00
      1.2630         1.00
      1.2640         1.00
      1.2650         1.00
      1.2660         1.00
      1.2670         1.00
      1.2680         1.00
      1.2690         1.00
      1.2700         1.00
      1.2710         1.00
      1.2720         1.00
      1.2730         1.00
      1.2740         1.00
      1.2750         1.00
      1.2760         1.00
      1.2770         1.00
      1.2780         1.00
      1.2790         1.00
      1.2800         1.00
      1.2810         1.00
      1.2820         1.00
      1.2830         1.00
      1.2840         1.00
      1.2850         1.00
      1.2860         1.00
      1.2870         1.00
      1.2880         1.00
      1.2890         1.00
      1.2900         1.00
      1.2910         1.00
      1.2920         1.00
      1.2930         1.00
      1.2940         1.00
      1.2950         1.08
      1.2960         1.00
      1.2970         1.00
      1.2980         1.00
      1.2990         1.00
      1.3000         1.00
      1.3010         1.00
      1.3020         1.58
      1.3030         1.64
      1.3040         1.82
      1.3050         1.80
      1.3060         1.75
      1.3070         1.76
      1.3080         1.21
      1.3090         1.36
      1.3100         1.37
      1.3110         1.35
      1.3120         1.21
      1.3130         1.16
      1.3140         1.20
      1.3150         1.00
      1.3160         1.00
      1.3170         1.29
      1.3180         1.27
      1.3190         1.78
      1.3200         1.87
      1.3210         2.11
      1.3220         2.10
      1.3230         2.10
      1.3240         2.00
      1.3250         2.10
      1.3260         2.18
      1.3270         2.74
      1.3280         2.87
      1.3290         2.94
      1.3300         3.29
      1.3310         3.35
      1.3320         3.59
      1.3330         3.59
      1.3340         3.63
      1.3350         3.67
      1.3360         3.69
      1.3370         3.63
      1.3380         3.81
      1.3390         3.84
      1.3400         3.76
      1.3410         3.67
      1.3420         3.24
      1.3430         3.29
      1.3440         3.44
      1.3450         3.55
      1.3460         3.60
      1.3470         3.63
      1.3480         3.59
      1.3490         3.64
      1.3500         3.49
      1.3510         3.56
      1.3520         3.69
      1.3530         3.83
      1.3540         3.92
      1.3550         4.08
      1.3560         4.10
      1.3570         4.23
      1.3580         4.38
      1.3590         4.47
      1.3600         4.54
      1.3610         4.70
      1.3620         4.67
      1.3630         5.18
      1.3640         5.21
      1.3650         5.16
      1.3660         5.10
      1.3670         5.12
      1.3680         4.58
      1.3690         5.02
      1.3700         4.57
      1.3710         4.53
      1.3720         4.42
      1.3730         4.42
      1.3740         4.37
      1.3750         4.24
      1.3760         4.28
      1.3770         4.23
      1.3780         4.11
      1.3790         4.26
      1.3800         4.29
      1.3810         4.18
      1.3820         4.27
      1.3830         4.27
      1.3840         4.26
      1.3850         4.31
      1.3860         4.40
      1.3870         4.34
      1.3880         4.96
      1.3890         5.08
      1.3900         5.13
      1.3910         5.16
      1.3920         5.36
      1.3930         5.47
      1.3940         5.58
      1.3950         5.80
      1.3960         5.75
      1.3970         5.86
      1.3980         5.98
      1.3990         5.98
      1.4000         5.98
      1.4010         6.06
      1.4020         5.95
      1.4030         6.00
      1.4040         6.06
      1.4050         6.11
      1.4060         5.94
      1.4070         6.07
      1.4080         6.07
      1.4090         6.03
      1.4100         6.08
      1.4110         6.17
      1.4120         6.12
      1.4130         6.04
      1.4140         5.99
      1.4150         5.87
      1.4160         5.96
      1.4170         6.08
      1.4180         6.14
      1.4190         6.11
      1.4200         6.27
      1.4210         6.25
      1.4220         6.51
      1.4230         6.44
      1.4240         6.48
      1.4250         6.65
      1.4260         6.89
      1.4270         7.16
      1.4280         7.20
      1.4290         7.32
      1.4300         7.49
      1.4310         7.61
      1.4320         7.76
      1.4330         7.96
      1.4340         8.12
      1.4350         8.31
      1.4360         8.30
      1.4370         8.19
      1.4380         8.41
      1.4390         8.42
      1.4400         8.31
      1.4410         8.35
      1.4420         8.32
      1.4430         8.39
      1.4440         8.44
      1.4450         8.43
      1.4460         8.34
      1.4470         8.16
      1.4480         8.18
      1.4490         8.12
      1.4500         8.15
      1.4510         8.02
      1.4520         8.03
      1.4530         7.95
      1.4540         7.87
      1.4550         7.75
      1.4560         7.79
      1.4570         7.83
      1.4580         7.61
      1.4590         7.71
      1.4600         7.76
      1.4610         7.68
      1.4620         7.79
      1.4630         7.96
      1.4640         8.01
      1.4650         8.01
      1.4660         8.19
      1.4670         8.30
      1.4680         8.36
      1.4690         8.38
      1.4700         8.37
      1.4710         8.47
      1.4720         8.50
      1.4730         8.56
      1.4740         8.77
      1.4750         9.04
      1.4760         9.19
      1.4770         9.40
      1.4780         9.44
      1.4790         9.36
      1.4800         9.53
      1.4810         9.71
      1.4820         9.60
      1.4830         9.48
      1.4840         9.58
      1.4850         9.48
      1.4860         9.47
      1.4870         9.47
      1.4880         9.39
      1.4890         9.47
      1.4900         9.47
      1.4910         9.60
      1.4920         9.63
      1.4930         9.59
      1.4940         9.50
      1.4950         9.43
      1.4960         9.50
      1.4970         9.58
      1.4980         9.66
      1.4990         9.85
      1.5000         9.78
      1.5010         9.70
      1.5020         9.91
      1.5030        10.01
      1.5040         9.96
      1.5050        10.13
      1.5060        10.19
      1.5070        10.19
      1.5080        10.44
      1.5090        10.54
      1.5100        10.53
      1.5110        10.46
      1.5120        10.55
      1.5130        10.58
      1.5140        10.65
      1.5150        10.66
      1.5160        10.65
      1.5170        10.51
      1.5180        10.52
      1.5190        10.51
      1.5200        10.50
      1.5210        10.52
      1.5220        10.57
      1.5230        10.66
      1.5240        10.85
      1.5250        10.84
      1.5260        10.86
      1.5270        10.89
      1.5280        10.87
      1.5290        10.95
      1.5300        10.97
      1.5310        11.01
      1.5320        10.94
      1.5330        11.01
      1.5340        11.00
      1.5350        10.99
      1.5360        11.12
      1.5370        11.12
      1.5380        11.05
      1.5390        11.11
      1.5400        11.19
      1.5410        11.27
      1.5420        11.28
      1.5430        11.35
      1.5440        11.29
      1.5450        11.38
      1.5460        11.34
      1.5470        11.33
      1.5480        11.48
      1.5490        11.53
      1.5500        11.45
      1.5510        11.69
      1.5520        11.84
      1.5530        11.99
      1.5540        11.99
      1.5550        12.13
      1.5560        12.01
      1.5570        12.18
      1.5580        12.38
      1.5590        12.33
      1.5600        12.48
      1.5610        12.54
      1.5620        12.54
      1.5630        12.41
      1.5640        12.48
      1.5650        12.37
      1.5660        12.56
      1.5670        12.65
      1.5680        12.50
      1.5690        12.43
      1.5700        12.75
      1.5710        12.54
      1.5720        12.36
      1.5730        12.35
      1.5740        12.35
      1.5750        12.16
      1.5760        12.17
      1.5770        12.00
      1.5780        11.92
      1.5790        11.86
      1.5800        11.68
      1.5810        11.70
      1.5820        11.58
      1.5830        11.65
      1.5840        11.65
      1.5850        11.84
      1.5860        11.80
      1.5870        11.69
      1.5880        11.86
      1.5890        11.91
      1.5900        12.07
      1.5910        12.17
      1.5920        12.32
      1.5930        12.38
      1.5940        12.58
      1.5950        12.81
      1.5960        12.87
      1.5970        12.95
      1.5980        13.17
      1.5990        13.40
      1.6000        13.68
      1.6010        13.68
      1.6020        13.71
      1.6030        13.85
      1.6040        13.94
      1.6050        14.05
      1.6060        13.96
      1.6070        14.21
      1.6080        14.16
      1.6090        14.04
      1.6100        13.86
      1.6110        13.89
      1.6120        13.94
      1.6130        13.98
      1.6140        13.86
      1.6150        13.71
      1.6160        13.78
      1.6170        13.83
      1.6180        13.60
      1.6190        13.41
      1.6200        13.24
      1.6210        13.38
      1.6220        13.44
      1.6230        13.45
      1.6240        13.37
      1.6250        13.19
      1.6260        13.32
      1.6270        13.26
      1.6280        13.16
      1.6290        13.34
      1.6300        13.26
      1.6310        13.28
      1.6320        13.26
      1.6330        13.33
      1.6340        13.52
      1.6350        13.72
      1.6360        13.78
      1.6370        13.71
      1.6380        13.91
      1.6390        14.07
      1.6400        14.19
      1.6410        14.07
      1.6420        14.04
      1.6430        13.91
      1.6440        14.06
      1.6450        14.12
      1.6460        14.18
      1.6470        14.14
      1.6480        14.25
      1.6490        14.25
      1.6500        14.19
      1.6510        14.23
      1.6520        14.14
      1.6530        13.87
      1.6540        13.79
      1.6550        13.70
      1.6560        13.67
      1.6570        13.62
      1.6580        13.54
      1.6590        13.40
      1.6600        13.32
      1.6610        13.39
      1.6620        13.40
      1.6630        13.39
      1.6640        13.38
      1.6650        13.31
      1.6660        13.04
      1.6670        13.00
      1.6680        12.91
      1.6690        12.83
      1.6700        13.00
      1.6710        13.03
      1.6720        13.19
      1.6730        13.43
      1.6740        13.39
      1.6750        13.48
      1.6760        13.49
      1.6770        13.52
      1.6780        13.67
      1.6790        13.96
      1.6800        13.93
      1.6810        13.86
      1.6820        13.96
      1.6830        14.03
      1.6840        13.97
      1.6850        14.17
      1.6860        14.43
      1.6870        14.57
      1.6880        14.72
      1.6890        14.85
      1.6900        14.79
      1.6910        14.64
      1.6920        14.52
      1.6930        14.42
      1.6940        14.42
      1.6950        14.39
      1.6960        14.34
      1.6970        14.50
      1.6980        14.38
      1.6990        14.26
      1.7000        14.35
      1.7010        14.41
      1.7020        14.32
      1.7030        14.33
      1.7040        14.24
      1.7050        14.19
      1.7060        14.05
      1.7070        13.95
      1.7080        13.89
      1.7090        13.89
      1.7100        13.85
      1.7110        13.93
      1.7120        13.87
      1.7130        13.84
      1.7140        13.82
      1.7150        13.69
      1.7160        13.76
      1.7170        13.77
      1.7180        13.76
      1.7190        13.74
      1.7200        13.67
      1.7210        13.74
      1.7220        13.83
      1.7230        13.86
      1.7240        13.90
      1.7250        13.86
      1.7260        13.88
      1.7270        13.93
      1.7280        13.94
      1.7290        14.02
      1.7300        14.10
      1.7310        14.12
      1.7320        14.16
      1.7330        14.18
      1.7340        14.10
      1.7350        14.29
      1.7360        14.16
      1.7370        14.13
      1.7380        14.12
      1.7390        14.08
      1.7400        14.17
      1.7410        14.10
      1.7420        14.10
      1.7430        14.17
      1.7440        14.17
      1.7450        14.02
      1.7460        14.14
      1.7470        14.08
      1.7480        14.03
      1.7490        13.81
      1.7500        13.91
      1.7510        13.94
      1.7520        13.94
      1.7530        13.84
      1.7540        13.96
      1.7550        13.78
      1.7560        13.96
      1.7570        13.89
      1.7580        14.00
      1.7590        14.16
      1.7600        14.17
      1.7610        14.27
      1.7620        14.30
      1.7630        14.24
      1.7640        14.28
      1.7650        14.50
      1.7660        14.52
      1.7670        14.67
      1.7680        14.74
      1.7690        14.90
      1.7700        14.70
      1.7710        14.75
      1.7720        14.79
      1.7730        14.92
      1.7740        14.98
      1.7750        15.00
      1.7760        14.95
      1.7770        14.98
      1.7780        14.86
      1.7790        14.72
      1.7800        14.64
      1.7810        14.56
      1.7820        14.37
      1.7830        14.31
      1.7840        14.31
      1.7850        14.27
      1.7860        14.19
      1.7870        14.07
      1.7880        14.20
      1.7890        14.15
      1.7900        14.31
      1.7910        14.31
      1.7920        14.47
      1.7930        14.50
      1.7940        14.50
      1.7950        14.62
      1.7960        14.70
      1.7970        14.86
      1.7980        15.07
      1.7990        15.09
      1.8000        15.12
      1.8010        15.28
      1.8020        15.33
      1.8030        15.48
      1.8040        15.66
      1.8050        15.66
      1.8060        15.82
      1.8070        15.83
      1.8080        15.72
      1.8090        15.79
      1.8100        15.80
      1.8110        15.83
      1.8120        15.75
      1.8130        15.78
      1.8140        15.81
      1.8150        15.76
      1.8160        15.85
      1.8170        15.77
      1.8180        15.73
      1.8190        15.66
      1.8200        15.63
      1.8210        15.46
      1.8220        15.63
      1.8230        15.62
      1.8240        15.47
      1.8250        15.58
      1.8260        15.39
      1.8270        15.43
      1.8280        15.42
      1.8290        15.29
      1.8300        15.23
      1.8310        15.11
      1.8320        15.11
      1.8330        15.13
      1.8340        15.02
      1.8350        15.13
      1.8360        15.05
      1.8370        15.12
      1.8380        15.06
      1.8390        15.20
      1.8400        15.35
      1.8410        15.35
      1.8420        15.32
      1.8430        15.29
      1.8440        15.40
      1.8450        15.40
      1.8460        15.63
      1.8470        15.51
      1.8480        15.71
      1.8490        15.82
      1.8500        16.04
      1.8510        16.21
      1.8520        16.21
      1.8530        16.19
      1.8540        16.32
      1.8550        16.41
      1.8560        16.47
      1.8570        16.47
      1.8580        16.37
      1.8590        16.38
      1.8600        16.42
      1.8610        16.52
      1.8620        16.52
      1.8630        16.60
      1.8640        16.57
      1.8650        16.52
      1.8660        16.37
      1.8670        16.45
      1.8680        16.29
      1.8690        16.29
      1.8700        16.23
      1.8710        16.30
      1.8720        16.38
      1.8730        16.60
      1.8740        16.56
      1.8750        16.52
      1.8760        16.37
      1.8770        16.30
      1.8780        16.53
      1.8790        16.64
      1.8800        16.68
      1.8810        16.71
      1.8820        16.75
      1.8830        16.73
      1.8840        16.80
      1.8850        16.84
      1.8860        16.95
      1.8870        17.19
      1.8880        17.21
      1.8890        17.29
      1.8900        17.28
      1.8910        17.21
      1.8920        17.24
      1.8930        17.18
      1.8940        17.21
      1.8950        17.25
      1.8960        17.44
      1.8970        17.53
      1.8980        17.47
      1.8990        17.42
      1.9000        17.43
      1.9010        17.39
      1.9020        17.46
      1.9030        17.38
      1.9040        17.37
      1.9050        17.38
      1.9060        17.47
      1.9070        17.31
      1.9080        17.39
      1.9090        17.38
      1.9100        17.35
      1.9110        17.27
      1.9120        17.23
      1.9130        17.12
      1.9140        17.07
      1.9150        16.97
      1.9160        16.91
      1.9170        16.89
      1.9180        16.89
      1.9190        16.88
      1.9200        16.83
      1.9210        16.88
      1.9220        16.95
      1.9230        17.06
      1.9240        17.19
      1.9250        17.35
      1.9260        17.39
      1.9270        17.46
      1.9280        17.49
      1.9290        17.61
      1.9300        17.66
      1.9310        17.72
      1.9320        17.79
      1.9330        17.81
      1.9340        17.91
      1.9350        17.91
      1.9360        17.94
      1.9370        17.97
      1.9380        18.01
      1.9390        18.17
      1.9400        18.12
      1.9410        18.13
      1.9420        18.00
      1.9430        18.08
      1.9440        17.96
      1.9450        17.77
      1.9460        17.69
      1.9470        17.62
      1.9480        17.71
      1.9490        17.63
      1.9500        17.50
      1.9510        17.51
      1.9520        17.59
      1.9530        17.73
      1.9540        17.72
      1.9550        17.72
      1.9560        17.69
      1.9570        17.69
      1.9580        17.61
      1.9590        17.41
      1.9600        17.38
      1.9610        17.27
      1.9620        17.37
      1.9630        17.35
      1.9640        17.29
      1.9650        17.41
      1.9660        17.38
      1.9670        17.54
      1.9680        17.59
      1.9690        17.58
      1.9700        17.67
      1.9710        17.58
      1.9720        17.48
      1.9730        17.42
      1.9740        17.53
      1.9750        17.40
      1.9760        17.53
      1.9770        17.49
      1.9780        17.66
      1.9790        17.90
      1.9800        18.04
      1.9810        18.08
      1.9820        18.17
      1.9830        18.10
      1.9840        18.12
      1.9850        18.10
      1.9860        18.16
      1.9870        17.94
      1.9880        17.81
      1.9890        17.87
      1.9900        17.94
      1.9910        17.99
      1.9920        18.02
      1.9930        17.94
      1.9940        17.90
      1.9950        18.10
      1.9960        18.04
      1.9970        17.81
      1.9980        17.70
      1.9990        17.42
      2.0000        17.42
      2.0010        17.47
      2.0020        17.47
      2.0030        17.62
      2.0040        17.73
      2.0050        17.72
      2.0060        17.67
      2.0070        17.69
      2.0080        17.69
      2.0090        17.72
      2.0100        17.53
      2.0110        17.76
      2.0120        17.81
      2.0130        17.87
      2.0140        17.92
      2.0150        17.95
      2.0160        17.97
      2.0170        18.26
      2.0180        18.27
      2.0190        18.36
      2.0200        18.34
      2.0210        18.32
      2.0220        18.23
      2.0230        18.11
      2.0240        18.14
      2.0250        18.08
      2.0260        18.01
      2.0270        18.11
      2.0280        17.99
      2.0290        17.95
      2.0300        18.08
      2.0310        17.97
      2.0320        17.89
      2.0330        17.89
      2.0340        17.75
      2.0350        17.69
      2.0360        17.63
      2.0370        17.72
      2.0380        17.88
      2.0390        17.84
      2.0400        17.72
      2.0410        17.74
      2.0420        17.76
      2.0430        17.60
      2.0440        17.60
      2.0450        17.62
      2.0460        17.70
      2.0470        17.74
      2.0480        17.93
      2.0490        17.97
      2.0500        17.84
      2.0510        17.88
      2.0520        17.86
      2.0530        17.84
      2.0540        17.86
      2.0550        17.93
      2.0560        17.92
      2.0570        17.77
      2.0580        17.67
      2.0590        17.65
      2.0600        17.77
      2.0610        17.79
      2.0620        17.81
      2.0630        17.91
      2.0640        17.92
      2.0650        17.93
      2.0660        17.92
      2.0670        17.81
      2.0680        17.75
      2.0690        17.60
      2.0700        17.60
      2.0710        17.47
      2.0720        17.30
      2.0730        17.31
      2.0740        17.25
      2.0750        17.18
      2.0760        17.11
      2.0770        17.08
      2.0780        16.95
      2.0790        17.01
      2.0800        16.98
      2.0810        17.09
      2.0820        17.02
      2.0830        17.06
      2.0840        16.97
      2.0850        16.91
      2.0860        16.96
      2.0870        17.00
      2.0880        16.98
      2.0890        16.99
      2.0900        16.99
      2.0910        17.01
      2.0920        17.10
      2.0930        17.17
      2.0940        17.36
      2.0950        17.32
      2.0960        17.52
      2.0970        17.52
      2.0980        17.59
      2.0990        17.53
      2.1000        17.51
      2.1010        17.35
      2.1020        17.23
      2.1030        17.32
      2.1040        17.42
      2.1050        17.48
      2.1060        17.37
      2.1070        17.41
      2.1080        17.40
      2.1090        17.32
      2.1100        17.43
      2.1110        17.33
      2.1120        17.33
      2.1130        17.28
      2.1140        17.18
      2.1150        17.10
      2.1160        17.00
      2.1170        16.97
      2.1180        16.83
      2.1190        16.79
      2.1200        16.68
      2.1210        16.63
      2.1220        16.75
      2.1230        16.60
      2.1240        16.55
      2.1250        16.40
      2.1260        16.51
      2.1270        16.39
      2.1280        16.36
      2.1290        16.48
      2.1300        16.56
      2.1310        16.71
      2.1320        16.82
      2.1330        16.82
      2.1340        16.77
      2.1350        16.95
      2.1360        17.00
      2.1370        17.14
      2.1380        17.28
      2.1390        17.31
      2.1400        17.53
      2.1410        17.54
      2.1420        17.49
      2.1430        17.63
      2.1440        17.63
      2.1450        17.72
      2.1460        17.74
      2.1470        17.87
      2.1480        17.87
      2.1490        17.80
      2.1500        17.65
      2.1510        17.70
      2.1520        17.58
      2.1530        17.50
      2.1540        17.43
      2.1550        17.25
      2.1560        17.03
      2.1570        16.87
      2.1580        16.72
      2.1590        16.86
      2.1600        16.59
      2.1610        16.47
      2.1620        16.39
      2.1630        16.07
      2.1640        16.03
      2.1650        16.01
      2.1660        15.96
      2.1670        15.80
      2.1680        15.80
      2.1690        15.76
      2.1700        15.88
      2.1710        15.76
      2.1720        15.85
      2.1730        15.96
      2.1740        16.07
      2.1750        16.09
      2.1760        16.16
      2.1770        16.32
      2.1780        16.56
      2.1790        16.44
      2.1800        16.59
      2.1810        16.70
      2.1820        16.85
      2.1830        17.00
      2.1840        16.88
      2.1850        16.76
      2.1860        16.62
      2.1870        16.64
      2.1880        16.61
      2.1890        16.64
      2.1900        16.51
      2.1910        16.36
      2.1920        16.17
      2.1930        15.96
      2.1940        15.72
      2.1950        15.79
      2.1960        15.77
      2.1970        15.51
      2.1980        15.39
      2.1990        15.36
      2.2000        15.40
      2.2010        15.39
      2.2020        15.18
      2.2030        15.09
      2.2040        15.04
      2.2050        15.00
      2.2060        15.06
      2.2070        14.90
      2.2080        14.77
      2.2090        14.66
      2.2100        14.61
      2.2110        14.66
      2.2120        14.65
      2.2130        14.72
      2.2140        14.83
      2.2150        14.59
      2.2160        14.67
      2.2170        14.75
      2.2180        14.63
      2.2190        14.76
      2.2200        14.68
      2.2210        14.63
      2.2220        14.82
      2.2230        14.94
      2.2240        14.90
      2.2250        15.03
      2.2260        15.10
      2.2270        15.41
      2.2280        15.61
      2.2290        15.69
      2.2300        15.69
      2.2310        15.71
      2.2320        15.87
      2.2330        15.91
      2.2340        15.90
      2.2350        15.94
      2.2360        15.86
      2.2370        15.92
      2.2380        15.99
      2.2390        15.72
      2.2400        15.59
      2.2410        15.56
      2.2420        15.37
      2.2430        15.24
      2.2440        15.25
      2.2450        15.31
      2.2460        15.13
      2.2470        14.97
      2.2480        14.86
      2.2490        14.77
      2.2500        14.89
      2.2510        14.88
      2.2520        14.73
      2.2530        14.71
      2.2540        14.88
      2.2550        15.05
      2.2560        15.03
      2.2570        15.06
      2.2580        15.04
      2.2590        15.22
      2.2600        15.41
      2.2610        15.50
      2.2620        15.59
      2.2630        15.62
      2.2640        15.62
      2.2650        15.51
      2.2660        15.59
      2.2670        15.57
      2.2680        15.61
      2.2690        15.66
      2.2700        15.61
      2.2710        15.77
      2.2720        15.77
      2.2730        15.79
      2.2740        15.46
      2.2750        15.34
      2.2760        15.33
      2.2770        15.14
      2.2780        15.11
      2.2790        15.01
      2.2800        14.84
      2.2810        14.79
      2.2820        14.65
      2.2830        14.48
      2.2840        14.46
      2.2850        14.33
      2.2860        14.23
      2.2870        14.15
      2.2880        14.13
      2.2890        14.18
      2.2900        14.07
      2.2910        13.95
      2.2920        14.02
      2.2930        13.91
      2.2940        14.06
      2.2950        14.15
      2.2960        14.31
      2.2970        14.48
      2.2980        14.51
      2.2990        14.58
      2.3000        14.63
      2.3010        14.61
      2.3020        14.76
      2.3030        15.12
      2.3040        15.12
      2.3050        15.17
      2.3060        15.33
      2.3070        15.52
      2.3080        15.37
      2.3090        15.36
      2.3100        15.44
      2.3110        15.44
      2.3120        15.42
      2.3130        15.51
      2.3140        15.40
      2.3150        15.32
      2.3160        15.17
      2.3170        15.15
      2.3180        15.06
      2.3190        14.93
      2.3200        14.82
      2.3210        14.85
      2.3220        14.73
      2.3230        14.43
      2.3240        14.44
      2.3250        14.43
      2.3260        14.16
      2.3270        13.99
      2.3280        13.95
      2.3290        13.79
      2.3300        13.80
      2.3310        13.53
      2.3320        13.56
      2.3330        13.41
      2.3340        13.51
      2.3350        13.28
      2.3360        13.25
      2.3370        13.24
      2.3380        13.23
      2.3390        13.35
      2.3400        13.47
      2.3410        13.33
      2.3420        13.50
      2.3430        13.62
      2.3440        13.72
      2.3450        13.80
      2.3460        13.91
      2.3470        13.90
      2.3480        14.06
      2.3490        14.22
      2.3500        14.02
      2.3510        14.16
      2.3520        14.21
      2.3530        14.34
      2.3540        14.31
      2.3550        14.56
      2.3560        14.48
      2.3570        14.30
      2.3580        14.19
      2.3590        14.09
      2.3600        13.97
      2.3610        14.01
      2.3620        13.75
      2.3630        13.59
      2.3640        13.43
      2.3650        13.33
      2.3660        13.37
      2.3670        13.45
      2.3680        13.32
      2.3690        13.23
      2.3700        13.16
      2.3710        13.09
      2.3720        12.79
      2.3730        12.65
      2.3740        12.59
      2.3750        12.51
      2.3760        12.67
      2.3770        12.70
      2.3780        12.77
      2.3790        12.59
      2.3800        12.60
      2.3810        12.54
      2.3820        12.66
      2.3830        12.70
      2.3840        12.72
      2.3850        12.68
      2.3860        12.55
      2.3870        12.47
      2.3880        12.48
      2.3890        12.51
      2.3900        12.48
      2.3910        12.41
      2.3920        12.49
      2.3930        12.46
      2.3940        12.46
      2.3950        12.38
      2.3960        12.17
      2.3970        12.07
      2.3980        11.84
      2.3990        12.10
      2.4000        12.22
      2.4010        12.12
      2.4020        11.98
      2.4030        11.87
      2.4040        11.79
      2.4050        11.67
      2.4060        11.45
      2.4070        11.29
      2.4080        11.21
      2.4090        11.05
      2.4100        10.97
      2.4110        10.90
      2.4120        10.71
      2.4130        10.51
      2.4140        10.37
      2.4150        10.27
      2.4160        10.27
      2.4170        10.35
      2.4180        10.47
      2.4190        10.31
      2.4200        10.16
      2.4210        10.26
      2.4220        10.28
      2.4230        10.40
      2.4240        10.48
      2.4250        10.62
      2.4260        10.86
      2.4270        10.93
      2.4280        10.91
      2.4290        10.85
      2.4300        10.96
      2.4310        10.99
      2.4320        11.15
      2.4330        11.27
      2.4340        11.30
      2.4350        11.28
      2.4360        11.29
      2.4370        11.20
      2.4380        11.11
      2.4390        10.90
      2.4400        10.86
      2.4410        10.64
      2.4420        10.46
      2.4430        10.40
      2.4440        10.16
      2.4450        10.09
      2.4460         9.93
      2.4470         9.83
      2.4480         9.80
      2.4490         9.72
      2.4500         9.65
      2.4510         9.59
      2.4520         9.45
      2.4530         9.19
      2.4540         9.19
      2.4550         9.26
      2.4560         9.23
      2.4570         9.14
      2.4580         9.08
      2.4590         9.12
      2.4600         8.91
      2.4610         9.02
      2.4620         9.03
      2.4630         8.83
      2.4640         8.78
      2.4650         8.61
      2.4660         8.73
      2.4670         8.70
      2.4680         8.74
      2.4690         8.70
      2.4700         8.66
      2.4710         8.65
      2.4720         8.60
      2.4730         8.72
      2.4740         8.73
      2.4750         8.62
      2.4760         8.38
      2.4770         8.30
      2.4780         8.35
      2.4790         8.29
      2.4800         8.34
      2.4810         8.27
      2.4820         8.23
      2.4830         8.33
      2.4840         8.38
      2.4850         8.34
      2.4860         8.15
      2.4870         8.00
      2.4880         7.80
      2.4890         7.81
      2.4900         7.84
      2.4910         7.82
      2.4920         7.90
      2.4930         7.99
      2.4940         7.79
      2.4950         7.76
      2.4960         7.76
      2.4970         7.74
      2.4980         7.73
      2.4990         7.62
      2.5000         7.75
      2.5010         7.68
      2.5020         7.53
      2.5030         7.42
      2.5040         7.35
      2.5050         7.36
      2.5060         7.31
      2.5070         7.43
      2.5080         7.48
      2.5090         7.39
      2.5100         7.32
      2.5110         7.25
      2.5120         7.26
      2.5130         7.05
      2.5140         7.26
      2.5150         7.29
      2.5160         7.31
      2.5170         7.33
      2.5180         7.31
      2.5190         7.38
      2.5200         7.10
      2.5210         7.16
      2.5220         7.26
      2.5230         7.26
      2.5240         7.23
      2.5250         6.93
      2.5260         6.85
      2.5270         6.90
      2.5280         6.78
      2.5290         6.76
      2.5300         6.65
      2.5310         6.62
      2.5320         6.49
      2.5330         6.56
      2.5340         6.48
      2.5350         6.33
      2.5360         6.29
      2.5370         6.11
      2.5380         5.42
      2.5390         5.27
      2.5400         5.27
      2.5410         5.29
      2.5420         5.22
      2.5430         5.18
      2.5440         5.10
      2.5450         5.21
      2.5460         5.19
      2.5470         5.07
      2.5480         5.70
      2.5490         5.82
      2.5500         5.74
      2.5510         5.62
      2.5520         5.55
      2.5530         5.54
      2.5540         5.40
      2.5550         5.44
      2.5560         5.47
      2.5570         5.54
      2.5580         5.41
      2.5590         5.52
      2.5600         5.65
      2.5610         5.56
      2.5620         5.59
      2.5630         5.39
      2.5640         5.41
      2.5650         5.38
      2.5660         5.32
      2.5670         5.32
      2.5680         5.16
      2.5690         4.94
      2.5700         5.09
      2.5710         5.10
      2.5720         4.97
      2.5730         4.77
      2.5740         4.02
      2.5750         3.90
      2.5760         3.68
      2.5770         3.68
      2.5780         3.73
      2.5790         3.69
      2.5800         3.61
      2.5810         3.60
      2.5820         3.53
      2.5830         3.72
      2.5840         3.69
      2.5850         3.76
      2.5860         3.80
      2.5870         3.76
      2.5880         3.66
      2.5890         3.64
      2.5900         3.62
      2.5910         3.69
      2.5920         3.72
      2.5930         3.76
      2.5940         4.00
      2.5950         4.00
      2.5960         4.19
      2.5970         4.23
      2.5980         4.31
      2.5990         4.31
      2.6000         4.30
      2.6010         4.36
      2.6020         4.44
      2.6030         4.28
      2.6040         4.19
      2.6050         4.01
      2.6060         3.99
      2.6070         3.96
      2.6080         3.88
      2.6090         3.92
      2.6100         3.80
      2.6110         3.64
      2.6120         3.64
      2.6130         3.65
      2.6140         3.37
      2.6150         3.34
      2.6160         3.27
      2.6170         3.18
      2.6180         2.66
      2.6190         2.66
      2.6200         2.58
      2.6210         2.48
      2.6220         2.43
      2.6230         2.49
      2.6240         2.47
      2.6250         2.51
      2.6260         2.52
      2.6270         2.00
      2.6280         2.00
      2.6290         1.93
      2.6300         2.98
      2.6310         2.45
      2.6320         2.44
      2.6330         2.45
      2.6340         2.51
      2.6350         2.51
      2.6360         3.05
      2.6370         3.14
      2.6380         2.96
      2.6390         2.97
      2.6400         3.10
      2.6410         3.01
      2.6420         2.94
      2.6430         3.01
      2.6440         3.05
      2.6450         2.97
      2.6460         2.81
      2.6470         2.31
      2.6480         2.35
      2.6490         2.40
      2.6500         2.31
      2.6510         2.27
      2.6520         2.13
      2.6530         2.16
      2.6540         2.19
      2.6550         2.16
      2.6560         1.60
      2.6570         1.50
      2.6580         1.44
      2.6590         1.53
      2.6600         1.50
      2.6610         1.48
      2.6620         1.37
      2.6630         1.30
      2.6640         1.21
      2.6650         1.23
      2.6660         1.23
      2.6670         1.22
      2.6680         1.18
      2.6690         1.17
      2.6700         1.11
      2.6710         1.11
      2.6720         1.07
      2.6730         1.07
      2.6740         1.03
      2.6750         1.05
      2.6760         1.06
      2.6770         1.01
      2.6780         1.05
      2.6790         1.00
      2.6800         1.00
      2.6810         1.37
      2.6820         1.38
      2.6830         1.41
      2.6840         1.41
      2.6850         1.00
      2.6860         1.00
      2.6870         1.00
      2.6880         1.00
      2.6890         1.00
      2.6900         1.00
      2.6910         1.00
      2.6920         1.00
      2.6930         1.00
      2.6940         1.00
      2.6950         1.00
      2.6960         1.00
      2.6970         1.00
      2.6980         1.00
      2.6990         1.00
      2.7000         1.00
      2.7010         1.00
      2.7020         1.00
      2.7030         1.00
      2.7040         1.00
      2.7050         1.00
      2.7060         1.00
      2.7070         1.00
      2.7080         1.00
      2.7090         1.00
      2.7100         1.00
      2.7110         1.00
      2.7120         1.00
      2.7130         1.00
      2.7140         1.00
      2.7150         1.00
      2.7160         1.00
      2.7170         1.00
      2.7180         1.00
      2.7190         1.00
      2.7200         1.00
      2.7210         1.00
      2.7220         1.00
      2.7230         1.00
      2.7240         1.00
      2.7250         1.00
      2.7260         1.00
      2.7270         1.00
      2.7280         1.00
      2.7290         1.00
      2.7300         1.00
      2.7310         1.00
      2.7320         1.00
      2.7330         1.00
      2.7340         1.00
      2.7350         1.00
      2.7360         1.00
      2.7370         1.00
      2.7380         1.00
      2.7390         1.00
      2.7400         1.00
      2.7410         1.00
      2.7420         1.00
      2.7430         1.00
      2.7440         1.00
      2.7450         1.00
      2.7460         1.00
      2.7470         1.00
      2.7480         1.00
      2.7490         1.00
      2.7500         1.00
      2.7510         1.00
      2.7520         1.00
      2.7530         1.00
      2.7540         1.00
      2.7550         1.00
      2.7560         1.00
      2.7570         1.00
      2.7580         1.00
      2.7590         1.00
      2.7600         1.00
      2.7610         1.00
      2.7620         1.00
      2.7630         1.00
      2.7640         1.00
      2.7650         1.00
      2.7660         1.00
      2.7670         1.00
      2.7680         1.00
      2.7690         1.00
      2.7700         1.00
      2.7710         1.00
      2.7720         1.00
      2.7730         1.00
      2.7740         1.00
      2.7750         1.00
      2.7760         1.00
      2.7770         1.00
      2.7780         1.00
      2.7790         1.00
      2.7800         1.00
      2.7810         1.00
      2.7820         1.00
      2.7830         1.00
      2.7840         1.00
      2.7850         1.00
      2.7860         1.00
      2.7870         1.00
      2.7880         1.00
      2.7890         1.00
      2.7900         1.00
      2.7910         1.00
      2.7920         1.00
      2.7930         1.00
      2.7940         1.00
      2.7950         1.00
      2.7960         1.00
      2.7970         1.00
      2.7980         1.00
      2.7990         1.00
      2.8000         1.00
      2.8010         1.00
      2.8020         1.00
      2.8030         1.00
      2.8040         1.00
      2.8050         1.00
      2.8060         1.00
      2.8070         1.00
      2.8080         1.00
      2.8090         1.00
      2.8100         1.00
      2.8110         1.00
      2.8120         1.00
      2.8130         1.00
      2.8140         1.00
      2.8150         1.00
      2.8160         1.00
      2.8170         1.00
      2.8180         1.00
      2.8190         1.00
      2.8200         1.00
      2.8210         1.00
      2.8220         1.00
      2.8230         1.00
      2.8240         1.00
      2.8250         1.00
      2.8260         1.00
      2.8270         1.00
      2.8280         1.00
      2.8290         1.00
      2.8300         1.00
      2.8310         1.00
      2.8320         1.00
      2.8330         1.00
      2.8340         1.00
      2.8350         1.00
      2.8360         1.00
      2.8370         1.00
      2.8380         1.00
      2.8390         1.00
      2.8400         1.00
      2.8410         1.00
      2.8420         1.00
      2.8430         1.00
      2.8440         1.00
      2.8450         1.00
      2.8460         1.00
      2.8470         1.00
      2.8480         1.00
      2.8490         1.00
      2.8500         1.00
      2.8510         1.00
      2.8520         1.00
      2.8530         1.00
      2.8540         1.00
      2.8550         1.00
      2.8560         1.00
      2.8570         1.00
      2.8580         1.00
      2.8590         1.00
      2.8600         1.00
      2.8610         1.00
      2.8620         1.00
      2.8630         1.00
      2.8640         1.00
      2.8650         1.00
      2.8660         1.00
      2.8670         1.00
      2.8680         1.00
      2.8690         1.00
      2.8700         1.00
      2.8710         1.00
      2.8720         1.00
      2.8730         1.00
      2.8740         1.00
      2.8750         1.00
      2.8760         1.00
      2.8770         1.00
      2.8780         1.00
      2.8790         1.00
      2.8800         1.00
      2.8810         1.00
      2.8820         1.00
      2.8830         1.00
      2.8840         1.00
      2.8850         1.00
      2.8860         1.00
      2.8870         1.00
      2.8880         1.00
      2.8890         1.00
      2.8900         1.00
      2.8910         1.00
      2.8920         1.00
      2.8930         1.00
      2.8940         1.00
      2.8950         1.00
      2.8960         1.00
      2.8970         1.00
      2.8980         1.00
      2.8990         1.00
      2.9000         1.00
      2.9010         1.00
      2.9020         1.00
      2.9030         1.00
      2.9040         1.00
      2.9050         1.00
      2.9060         1.00
      2.9070         1.00
      2.9080         1.00
      2.9090         1.00
      2.9100         1.00
      2.9110         1.00
      2.9120         1.00
      2.9130         1.00
      2.9140         1.00
      2.9150         1.00
      2.9160         1.00
      2.9170         1.00
      2.9180         1.00
      2.9190         1.00
      2.9200         1.00
      2.9210         1.00
      2.9220         1.00
      2.9230         1.00
      2.9240         1.00
      2.9250         1.00
      2.9260         1.00
      2.9270         1.00
      2.9280         1.00
      2.9290         1.00
      2.9300         1.00
      2.9310         1.00
      2.9320         1.00
      2.9330         1.00
      2.9340         1.00
      2.9350         1.00
      2.9360         1.00
      2.9370         1.00
      2.9380         1.00
      2.9390         1.00
      2.9400         1.00
      2.9410         1.00
      2.9420         1.00
      2.9430         1.00
      2.9440         1.00
      2.9450         1.00
      2.9460         1.00
      2.9470         1.00
      2.9480         1.00
      2.9490         1.00
      2.9500         1.00
      2.9510         1.00
      2.9520         1.00
      2.9530         1.00
      2.9540         1.00
      2.9550         1.00
      2.9560         1.00
      2.9570         1.00
      2.9580         1.00
      2.9590         1.00
      2.9600         1.00
      2.9610         1.00
      2.9620         1.00
      2.9630         1.00
      2.9640         1.00
      2.9650         1.00
      2.9660         1.00
      2.9670         1.00
      2.9680         1.00
      2.9690         1.00
      2.9700         1.00
      2.9710         1.00
      2.9720         1.00
      2.9730         1.00
      2.9740         1.00
      2.9750         1.00
      2.9760         1.00
      2.9770         1.00
      2.9780         1.00
      2.9790         1.00
      2.9800         1.00
      2.9810         1.00
      2.9820         1.00
      2.9830         1.00
      2.9840         1.00
      2.9850         1.00
      2.9860         1.00
      2.9870         1.00
      2.9880         1.00
      2.9890         1.00
      2.9900         1.00
      2.9910         1.00
      2.9920         1.00
      2.9930         1.00
      2.9940         1.00
      2.9950         1.00
      2.9960         1.00
      2.9970         1.00
      2.9980         1.00
      2.9990         1.00
