        Time   Palpation Force
      0.0000         1.00
      0.0010         1.00
      0.0020         1.00
      0.0030         1.00
      0.0040         1.00
      0.0050         1.00
      0.0060         1.00
      0.0070         1.00
      0.0080         1.00
      0.0090         1.00
      0.0100         1.00
      0.0110         1.00
      0.0120         1.00
      0.0130         1.00
      0.0140         1.00
      0.0150         1.00
      0.0160         1.00
      0.0170         1.00
      0.0180         1.00
      0.0190         1.00
      0.0200         1.00
      0.0210         1.00
      0.0220         1.00
      0.0230         1.00
      0.0240         1.00
      0.0250         1.00
      0.0260         1.00
      0.0270         1.00
      0.0280         1.00
      0.0290         1.00
      0.0300         1.00
      0.0310         1.00
      0.0320         1.00
      0.0330         1.20
      0.0340         1.00
      0.0350         1.00
      0.0360         1.00
      0.0370         1.00
      0.0380         1.00
      0.0390         1.00
      0.0400         1.00
      0.0410         1.00
      0.0420         1.00
      0.0430         1.00
      0.0440         1.00
      0.0450         1.00
      0.0460         1.00
      0.0470         1.00
      0.0480         1.00
      0.0490         1.00
      0.0500         1.00
      0.0510         1.00
      0.0520         1.00
      0.0530         1.00
      0.0540         1.00
      0.0550         1.00
      0.0560         1.00
      0.0570         1.00
      0.0580         1.00
      0.0590         1.00
      0.0600         1.00
      0.0610         1.00
      0.0620         1.00
      0.0630         1.00
      0.0640         1.00
      0.0650         1.00
      0.0660         1.00
      0.0670         1.00
      0.0680         1.00
      0.0690         1.00
      0.0700         1.00
      0.0710         1.00
      0.0720         1.00
      0.0730         1.00
      0.0740         1.00
      0.0750         1.00
      0.0760         1.00
      0.0770         1.00
      0.0780         1.00
      0.0790         1.00
      0.0800         1.00
      0.0810         1.00
      0.0820         1.00
      0.0830         1.00
      0.0840         1.00
      0.0850         1.00
      0.0860         1.00
      0.0870         1.00
      0.0880         1.00
      0.0890         1.00
      0.0900         1.00
      0.0910         1.00
      0.0920         1.00
      0.0930         1.00
      0.0940         1.00
      0.0950         1.00
      0.0960         1.00
      0.0970         1.00
      0.0980         1.00
      0.0990         1.00
      0.1000         1.00
      0.1010         1.00
      0.1020         1.00
      0.1030         1.00
      0.1040         1.00
      0.1050         1.00
      0.1060         1.00
      0.1070         1.00
      0.1080         1.00
      0.1090         1.00
      0.1100         1.00
      0.1110         1.00
      0.1120         1.00
      0.1130         1.00
      0.1140         1.00
      0.1150         1.00
      0.1160         1.00
      0.1170         1.00
      0.1180         1.00
      0.1190         1.00
      0.1200         1.00
      0.1210         1.00
      0.1220         1.00
      0.1230         1.00
      0.1240         1.00
      0.1250         1.00
      0.1260         1.00
      0.1270         1.00
      0.1280         1.00
      0.1290         1.00
      0.1300         1.00
      0.1310         1.00
      0.1320         1.00
      0.1330         1.00
      0.1340         1.00
      0.1350         1.00
      0.1360         1.00
      0.1370         1.00
      0.1380         1.00
      0.1390         1.00
      0.1400         1.00
      0.1410         1.00
      0.1420         1.00
      0.1430         1.00
      0.1440         1.00
      0.1450         1.00
      0.1460         1.00
      0.1470         1.00
      0.1480         1.00
      0.1490         1.00
      0.1500         1.00
      0.1510         1.00
      0.1520         1.00
      0.1530         1.00
      0.1540         1.00
      0.1550         1.00
      0.1560         1.00
      0.1570         1.00
      0.1580         1.00
      0.1590         1.00
      0.1600         1.00
      0.1610         1.00
      0.1620         1.00
      0.1630         1.00
      0.1640         1.00
      0.1650         1.00
      0.1660         1.00
      0.1670         1.00
      0.1680         1.00
      0.1690         1.00
      0.1700         1.00
      0.1710         1.00
      0.1720         1.00
      0.1730         1.00
      0.1740         1.00
      0.1750         1.00
      0.1760         1.00
      0.1770         1.00
      0.1780         1.00
      0.1790         1.00
      0.1800         1.00
      0.1810         1.00
      0.1820         1.00
      0.1830         1.00
      0.1840         1.00
      0.1850         1.00
      0.1860         1.00
      0.1870         1.00
      0.1880         1.00
      0.1890         1.00
      0.1900         1.00
      0.1910         1.00
      0.1920         1.00
      0.1930         1.00
      0.1940         1.00
      0.1950         1.00
      0.1960         1.00
      0.1970         1.00
      0.1980         1.00
      0.1990         1.09
      0.2000         1.00
      0.2010         1.02
      0.2020         1.15
      0.2030         1.10
      0.2040         1.09
      0.2050         1.12
      0.2060         1.08
      0.2070         1.00
      0.2080         1.00
      0.2090         1.00
      0.2100         1.00
      0.2110         1.00
      0.2120         1.00
      0.2130         1.00
      0.2140         1.00
      0.2150         1.00
      0.2160         1.00
      0.2170         1.00
      0.2180         1.00
      0.2190         1.00
      0.2200         1.00
      0.2210         1.00
      0.2220         1.00
      0.2230         1.00
      0.2240         1.00
      0.2250         1.00
      0.2260         1.00
      0.2270         1.00
      0.2280         1.00
      0.2290         1.00
      0.2300         1.00
      0.2310         1.00
      0.2320         1.00
      0.2330         1.00
      0.2340         1.00
      0.2350         1.00
      0.2360         1.00
      0.2370         1.00
      0.2380         1.00
      0.2390         1.00
      0.2400         1.00
      0.2410         1.00
      0.2420         1.00
      0.2430         1.00
      0.2440         1.00
      0.2450         1.00
      0.2460         1.00
      0.2470         1.00
      0.2480         1.00
      0.2490         1.00
      0.2500         1.00
      0.2510         1.00
      0.2520         1.00
      0.2530         1.00
      0.2540         1.00
      0.2550         1.00
      0.2560         1.00
      0.2570         1.00
      0.2580         1.00
      0.2590         1.00
      0.2600         1.00
      0.2610         1.00
      0.2620         1.00
      0.2630         1.00
      0.2640         1.00
      0.2650         1.00
      0.2660         1.00
      0.2670         1.00
      0.2680         1.00
      0.2690         1.00
      0.2700         1.00
      0.2710         1.00
      0.2720         1.00
      0.2730         1.00
      0.2740         1.00
      0.2750         1.00
      0.2760         1.00
      0.2770         1.00
      0.2780         1.00
      0.2790         1.00
      0.2800         1.00
      0.2810         1.00
      0.2820         1.08
      0.2830         1.13
      0.2840         1.19
      0.2850         1.00
      0.2860         1.00
      0.2870         1.00
      0.2880         1.00
      0.2890         1.00
      0.2900         1.00
      0.2910         1.00
      0.2920         1.00
      0.2930         1.00
      0.2940         1.00
      0.2950         1.00
      0.2960         1.00
      0.2970         1.00
      0.2980         1.00
      0.2990         1.00
      0.3000         1.00
      0.3010         1.00
      0.3020         1.00
      0.3030         1.00
      0.3040         1.00
      0.3050         1.00
      0.3060         1.00
      0.3070         1.00
      0.3080         1.00
      0.3090         1.00
      0.3100         1.00
      0.3110         1.00
      0.3120         1.00
      0.3130         1.00
      0.3140         1.00
      0.3150         1.00
      0.3160         1.00
      0.3170         1.00
      0.3180         1.00
      0.3190         1.00
      0.3200         1.00
      0.3210         1.00
      0.3220         1.00
      0.3230         1.00
      0.3240         1.00
      0.3250         1.00
      0.3260         1.00
      0.3270         1.00
      0.3280         1.00
      0.3290         1.00
      0.3300         1.00
      0.3310         1.00
      0.3320         1.00
      0.3330         1.00
      0.3340         1.00
      0.3350         1.00
      0.3360         1.00
      0.3370         1.00
      0.3380         1.00
      0.3390         1.00
      0.3400         1.00
      0.3410         1.00
      0.3420         1.00
      0.3430         1.00
      0.3440         1.00
      0.3450         1.00
      0.3460         1.00
      0.3470         1.00
      0.3480         1.00
      0.3490         1.00
      0.3500         1.00
      0.3510         1.00
      0.3520         1.00
      0.3530         1.00
      0.3540         1.00
      0.3550         1.00
      0.3560         1.00
      0.3570         1.00
      0.3580         1.00
      0.3590         1.00
      0.3600         1.00
      0.3610         1.00
      0.3620         1.00
      0.3630         1.04
      0.3640         1.00
      0.3650         1.00
      0.3660         1.04
      0.3670         1.00
      0.3680         1.00
      0.3690         1.00
      0.3700         1.00
      0.3710         1.00
      0.3720         1.00
      0.3730         1.00
      0.3740         1.00
      0.3750         1.00
      0.3760         1.00
      0.3770         1.00
      0.3780         1.00
      0.3790         1.00
      0.3800         1.00
      0.3810         1.00
      0.3820         1.00
      0.3830         1.00
      0.3840         1.00
      0.3850         1.00
      0.3860         1.00
      0.3870         1.00
      0.3880         1.00
      0.3890         1.00
      0.3900         1.00
      0.3910         1.00
      0.3920         1.00
      0.3930         1.00
      0.3940         1.00
      0.3950         1.00
      0.3960         1.00
      0.3970         1.00
      0.3980         1.00
      0.3990         1.00
      0.4000         1.00
      0.4010         1.00
      0.4020         1.00
      0.4030         1.00
      0.4040         1.00
      0.4050         1.00
      0.4060         1.00
      0.4070         1.00
      0.4080         1.00
      0.4090         1.00
      0.4100         1.00
      0.4110         1.00
      0.4120         1.00
      0.4130         1.00
      0.4140         1.00
      0.4150         1.00
      0.4160         1.00
      0.4170         1.00
      0.4180         1.00
      0.4190         1.00
      0.4200         1.00
      0.4210         1.00
      0.4220         1.00
      0.4230         1.00
      0.4240         1.00
      0.4250         1.00
      0.4260         1.00
      0.4270         1.00
      0.4280         1.00
      0.4290         1.00
      0.4300         1.00
      0.4310         1.00
      0.4320         1.00
      0.4330         1.00
      0.4340         1.00
      0.4350         1.00
      0.4360         1.00
      0.4370         1.00
      0.4380         1.00
      0.4390         1.00
      0.4400         1.00
      0.4410         1.00
      0.4420         1.00
      0.4430         1.00
      0.4440         1.00
      0.4450         1.00
      0.4460         1.00
      0.4470         1.00
      0.4480         1.00
      0.4490         1.00
      0.4500         1.00
      0.4510         1.00
      0.4520         1.00
      0.4530         1.00
      0.4540         1.00
      0.4550         1.00
      0.4560         1.00
      0.4570         1.00
      0.4580         1.00
      0.4590         1.00
      0.4600         1.00
      0.4610         1.00
      0.4620         1.00
      0.4630         1.00
      0.4640         1.00
      0.4650         1.00
      0.4660         1.00
      0.4670         1.00
      0.4680         1.00
      0.4690         1.00
      0.4700         1.00
      0.4710         1.00
      0.4720         1.00
      0.4730         1.00
      0.4740         1.00
      0.4750         1.00
      0.4760         1.00
      0.4770         1.00
      0.4780         1.00
      0.4790         1.00
      0.4800         1.00
      0.4810         1.00
      0.4820         1.00
      0.4830         1.00
      0.4840         1.00
      0.4850         1.00
      0.4860         1.00
      0.4870         1.00
      0.4880         1.00
      0.4890         1.00
      0.4900         1.00
      0.4910         1.00
      0.4920         1.00
      0.4930         1.00
      0.4940         1.00
      0.4950         1.00
      0.4960         1.00
      0.4970         1.00
      0.4980         1.00
      0.4990         1.00
      0.5000         1.00
      0.5010         1.00
      0.5020         1.00
      0.5030         1.00
      0.5040         1.00
      0.5050         1.00
      0.5060         1.00
      0.5070         1.00
      0.5080         1.00
      0.5090         1.00
      0.5100         1.00
      0.5110         1.00
      0.5120         1.00
      0.5130         1.00
      0.5140         1.00
      0.5150         1.00
      0.5160         1.00
      0.5170         1.00
      0.5180         1.00
      0.5190         1.00
      0.5200         1.00
      0.5210         1.00
      0.5220         1.00
      0.5230         1.00
      0.5240         1.00
      0.5250         1.00
      0.5260         1.00
      0.5270         1.00
      0.5280         1.00
      0.5290         1.00
      0.5300         1.00
      0.5310         1.00
      0.5320         1.00
      0.5330         1.00
      0.5340         1.00
      0.5350         1.00
      0.5360         1.00
      0.5370         1.00
      0.5380         1.00
      0.5390         1.00
      0.5400         1.00
      0.5410         1.00
      0.5420         1.00
      0.5430         1.00
      0.5440         1.00
      0.5450         1.00
      0.5460         1.00
      0.5470         1.00
      0.5480         1.00
      0.5490         1.00
      0.5500         1.00
      0.5510         1.00
      0.5520         1.00
      0.5530         1.00
      0.5540         1.00
      0.5550         1.00
      0.5560         1.00
      0.5570         1.00
      0.5580         1.00
      0.5590         1.00
      0.5600         1.00
      0.5610         1.00
      0.5620         1.00
      0.5630         1.00
      0.5640         1.00
      0.5650         1.00
      0.5660         1.00
      0.5670         1.00
      0.5680         1.00
      0.5690         1.00
      0.5700         1.00
      0.5710         1.00
      0.5720         1.00
      0.5730         1.00
      0.5740         1.00
      0.5750         1.00
      0.5760         1.00
      0.5770         1.00
      0.5780         1.00
      0.5790         1.00
      0.5800         1.00
      0.5810         1.00
      0.5820         1.00
      0.5830         1.00
      0.5840         1.00
      0.5850         1.00
      0.5860         1.00
      0.5870         1.00
      0.5880         1.00
      0.5890         1.00
      0.5900         1.00
      0.5910         1.00
      0.5920         1.00
      0.5930         1.00
      0.5940         1.00
      0.5950         1.00
      0.5960         1.00
      0.5970         1.00
      0.5980         1.00
      0.5990         1.00
      0.6000         1.00
      0.6010         1.00
      0.6020         1.00
      0.6030         1.00
      0.6040         1.00
      0.6050         1.00
      0.6060         1.00
      0.6070         1.00
      0.6080         1.00
      0.6090         1.00
      0.6100         1.00
      0.6110         1.00
      0.6120         1.00
      0.6130         1.00
      0.6140         1.00
      0.6150         1.00
      0.6160         1.00
      0.6170         1.00
      0.6180         1.00
      0.6190         1.00
      0.6200         1.00
      0.6210         1.00
      0.6220         1.00
      0.6230         1.00
      0.6240         1.00
      0.6250         1.00
      0.6260         1.00
      0.6270         1.00
      0.6280         1.00
      0.6290         1.00
      0.6300         1.00
      0.6310         1.00
      0.6320         1.00
      0.6330         1.00
      0.6340         1.00
      0.6350         1.00
      0.6360         1.00
      0.6370         1.00
      0.6380         1.00
      0.6390         1.00
      0.6400         1.00
      0.6410         1.00
      0.6420         1.00
      0.6430         1.00
      0.6440         1.00
      0.6450         1.00
      0.6460         1.00
      0.6470         1.00
      0.6480         1.00
      0.6490         1.13
      0.6500         1.09
      0.6510         1.00
      0.6520         1.28
      0.6530         1.39
      0.6540         1.45
      0.6550         1.46
      0.6560         1.49
      0.6570         1.54
      0.6580         1.62
      0.6590         1.64
      0.6600         1.61
      0.6610         1.64
      0.6620         1.54
      0.6630         1.54
      0.6640         1.56
      0.6650         1.62
      0.6660         1.62
      0.6670         1.66
      0.6680         1.69
      0.6690         1.58
      0.6700         1.60
      0.6710         1.53
      0.6720         1.42
      0.6730         1.51
      0.6740         1.47
      0.6750         1.42
      0.6760         1.36
      0.6770         1.32
      0.6780         1.35
      0.6790         1.35
      0.6800         1.47
      0.6810         1.49
      0.6820         1.66
      0.6830         1.66
      0.6840         2.25
      0.6850         2.24
      0.6860         2.29
      0.6870         2.40
      0.6880         2.45
      0.6890         2.53
      0.6900         2.65
      0.6910         2.63
      0.6920         2.71
      0.6930         2.68
      0.6940         2.67
      0.6950         2.71
      0.6960         2.86
      0.6970         2.95
      0.6980         2.86
      0.6990         2.96
      0.7000         2.95
      0.7010         2.94
      0.7020         2.71
      0.7030         2.70
      0.7040         2.72
      0.7050         2.67
      0.7060         2.62
      0.7070         2.45
      0.7080         1.92
      0.7090         1.98
      0.7100         1.89
      0.7110         2.03
      0.7120         1.99
      0.7130         1.90
      0.7140         1.98
      0.7150         1.99
      0.7160         1.91
      0.7170         1.94
      0.7180         1.99
      0.7190         2.05
      0.7200         1.95
      0.7210         2.01
      0.7220         2.16
      0.7230         2.20
      0.7240         2.25
      0.7250         2.31
      0.7260         2.83
      0.7270         3.11
      0.7280         3.16
      0.7290         3.29
      0.7300         3.51
      0.7310         3.39
      0.7320         3.46
      0.7330         3.62
      0.7340         3.63
      0.7350         3.70
      0.7360         3.74
      0.7370         3.77
      0.7380         3.81
      0.7390         3.78
      0.7400         3.90
      0.7410         3.86
      0.7420         4.04
      0.7430         4.02
      0.7440         3.98
      0.7450         4.10
      0.7460         4.16
      0.7470         4.04
      0.7480         4.07
      0.7490         4.04
      0.7500         3.96
      0.7510         3.97
      0.7520         3.89
      0.7530         3.72
      0.7540         3.76
      0.7550         3.88
      0.7560         3.85
      0.7570         3.38
      0.7580         3.44
      0.7590         3.58
      0.7600         3.62
      0.7610         3.81
      0.7620         3.77
      0.7630         3.77
      0.7640         3.91
      0.7650         3.85
      0.7660         3.87
      0.7670         4.59
      0.7680         4.71
      0.7690         4.76
      0.7700         4.88
      0.7710         5.01
      0.7720         5.20
      0.7730         5.36
      0.7740         5.46
      0.7750         5.51
      0.7760         5.65
      0.7770         5.79
      0.7780         5.87
      0.7790         5.81
      0.7800         5.93
      0.7810         5.81
      0.7820         5.76
      0.7830         5.89
      0.7840         5.92
      0.7850         5.87
      0.7860         5.84
      0.7870         5.67
      0.7880         5.57
      0.7890         5.72
      0.7900         5.75
      0.7910         5.69
      0.7920         5.61
      0.7930         5.60
      0.7940         5.50
      0.7950         5.50
      0.7960         5.48
      0.7970         5.60
      0.7980         5.56
      0.7990         5.56
      0.8000         5.42
      0.8010         5.58
      0.8020         5.60
      0.8030         5.51
      0.8040         5.59
      0.8050         5.74
      0.8060         5.87
      0.8070         5.94
      0.8080         6.24
      0.8090         6.23
      0.8100         6.20
      0.8110         6.34
      0.8120         6.49
      0.8130         6.56
      0.8140         6.81
      0.8150         7.42
      0.8160         6.99
      0.8170         6.96
      0.8180         7.60
      0.8190         7.62
      0.8200         7.78
      0.8210         7.76
      0.8220         7.28
      0.8230         7.84
      0.8240         7.49
      0.8250         7.41
      0.8260         7.43
      0.8270         7.55
      0.8280         7.46
      0.8290         7.33
      0.8300         7.39
      0.8310         7.42
      0.8320         7.54
      0.8330         7.61
      0.8340         7.46
      0.8350         7.44
      0.8360         7.50
      0.8370         7.53
      0.8380         7.52
      0.8390         7.54
      0.8400         8.06
      0.8410         8.16
      0.8420         8.25
      0.8430         8.21
      0.8440         8.21
      0.8450         8.29
      0.8460         8.39
      0.8470         8.47
      0.8480         8.54
      0.8490         8.70
      0.8500         8.72
      0.8510         8.68
      0.8520         8.63
      0.8530         8.75
      0.8540         8.90
      0.8550         8.94
      0.8560         9.09
      0.8570         9.12
      0.8580         9.20
      0.8590         9.51
      0.8600         9.56
      0.8610         8.95
      0.8620         9.52
      0.8630         9.56
      0.8640         9.61
      0.8650         9.84
      0.8660         9.80
      0.8670         9.76
      0.8680         9.76
      0.8690         9.14
      0.8700         9.15
      0.8710         9.69
      0.8720         9.61
      0.8730         9.59
      0.8740         9.55
      0.8750         9.52
      0.8760         8.87
      0.8770         9.28
      0.8780         8.84
      0.8790         8.71
      0.8800         8.74
      0.8810         8.83
      0.8820         8.88
      0.8830         8.91
      0.8840         8.90
      0.8850         8.78
      0.8860         8.89
      0.8870         9.02
      0.8880         9.05
      0.8890         9.35
      0.8900         9.47
      0.8910         9.64
      0.8920         9.82
      0.8930        10.06
      0.8940        10.20
      0.8950        10.20
      0.8960        10.30
      0.8970        10.64
      0.8980        10.70
      0.8990        10.83
      0.9000        10.90
      0.9010        10.90
      0.9020        11.05
      0.9030        11.14
      0.9040        11.26
      0.9050        11.41
      0.9060        11.37
      0.9070        11.34
      0.9080        11.50
      0.9090        11.26
      0.9100        11.32
      0.9110        11.37
      0.9120        11.40
      0.9130        11.06
      0.9140        11.05
      0.9150        11.12
      0.9160        11.18
      0.9170        11.01
      0.9180        11.03
      0.9190        10.93
      0.9200        10.90
      0.9210        10.93
      0.9220        10.81
      0.9230        10.82
      0.9240        10.88
      0.9250        11.55
      0.9260        11.61
      0.9270        11.72
      0.9280        11.58
      0.9290        11.74
      0.9300        11.89
      0.9310        11.82
      0.9320        11.91
      0.9330        12.09
      0.9340        12.25
      0.9350        12.34
      0.9360        12.39
      0.9370        11.83
      0.9380        11.97
      0.9390        12.62
      0.9400        12.60
      0.9410        12.71
      0.9420        12.76
      0.9430        12.91
      0.9440        12.97
      0.9450        12.37
      0.9460        12.32
      0.9470        12.27
      0.9480        12.30
      0.9490        12.27
      0.9500        12.16
      0.9510        12.22
      0.9520        12.12
      0.9530        12.16
      0.9540        12.14
      0.9550        12.11
      0.9560        11.95
      0.9570        11.95
      0.9580        11.84
      0.9590        11.89
      0.9600        11.98
      0.9610        11.95
      0.9620        12.01
      0.9630        11.90
      0.9640        11.93
      0.9650        11.88
      0.9660        11.94
      0.9670        12.05
      0.9680        12.11
      0.9690        12.23
      0.9700        12.31
      0.9710        12.89
      0.9720        13.11
      0.9730        13.11
      0.9740        13.16
      0.9750        13.19
      0.9760        13.35
      0.9770        12.85
      0.9780        12.86
      0.9790        12.86
      0.9800        12.93
      0.9810        12.96
      0.9820        13.01
      0.9830        13.54
      0.9840        13.17
      0.9850        13.69
      0.9860        13.74
      0.9870        13.16
      0.9880        13.16
      0.9890        13.17
      0.9900        13.11
      0.9910        13.08
      0.9920        12.90
      0.9930        12.92
      0.9940        12.86
      0.9950        12.90
      0.9960        12.97
      0.9970        12.96
      0.9980        13.01
      0.9990        13.09
      1.0000        13.01
      1.0010        13.10
      1.0020        13.02
      1.0030        13.03
      1.0040        12.89
      1.0050        13.03
      1.0060        12.94
      1.0070        13.03
      1.0080        13.15
      1.0090        13.17
      1.0100        13.19
      1.0110        13.29
      1.0120        13.25
      1.0130        13.32
      1.0140        13.34
      1.0150        13.30
      1.0160        13.36
      1.0170        13.56
      1.0180        13.64
      1.0190        14.14
      1.0200        13.74
      1.0210        13.74
      1.0220        13.87
      1.0230        14.00
      1.0240        14.53
      1.0250        14.61
      1.0260        14.84
      1.0270        14.84
      1.0280        14.70
      1.0290        14.70
      1.0300        14.60
      1.0310        14.15
      1.0320        14.24
      1.0330        14.29
      1.0340        14.25
      1.0350        14.25
      1.0360        14.05
      1.0370        13.99
      1.0380        13.83
      1.0390        13.71
      1.0400        13.61
      1.0410        13.59
      1.0420        13.51
      1.0430        13.48
      1.0440        13.55
      1.0450        13.45
      1.0460        13.32
      1.0470        13.41
      1.0480        13.51
      1.0490        13.51
      1.0500        13.74
      1.0510        14.15
      1.0520        14.36
      1.0530        14.35
      1.0540        14.52
      1.0550        14.65
      1.0560        14.99
      1.0570        15.10
      1.0580        15.31
      1.0590        15.56
      1.0600        15.83
      1.0610        15.85
      1.0620        16.06
      1.0630        16.07
      1.0640        16.10
      1.0650        16.10
      1.0660        16.22
      1.0670        16.28
      1.0680        16.17
      1.0690        16.19
      1.0700        16.18
      1.0710        16.13
      1.0720        16.05
      1.0730        16.11
      1.0740        16.06
      1.0750        16.07
      1.0760        15.84
      1.0770        15.86
      1.0780        15.70
      1.0790        15.71
      1.0800        15.51
      1.0810        15.41
      1.0820        15.44
      1.0830        15.37
      1.0840        15.52
      1.0850        15.60
      1.0860        15.51
      1.0870        15.51
      1.0880        15.45
      1.0890        15.39
      1.0900        15.32
      1.0910        15.36
      1.0920        15.43
      1.0930        15.38
      1.0940        15.58
      1.0950        15.59
      1.0960        15.75
      1.0970        15.80
      1.0980        15.99
      1.0990        16.09
      1.1000        16.06
      1.1010        16.28
      1.1020        16.18
      1.1030        16.25
      1.1040        16.13
      1.1050        16.20
      1.1060        16.20
      1.1070        16.09
      1.1080        15.64
      1.1090        16.21
      1.1100        16.22
      1.1110        16.29
      1.1120        16.12
      1.1130        15.97
      1.1140        15.92
      1.1150        15.93
      1.1160        15.79
      1.1170        15.84
      1.1180        15.73
      1.1190        15.67
      1.1200        15.72
      1.1210        15.51
      1.1220        15.42
      1.1230        15.42
      1.1240        15.35
      1.1250        15.33
      1.1260        15.41
      1.1270        15.42
      1.1280        15.46
      1.1290        14.91
      1.1300        14.99
      1.1310        14.97
      1.1320        15.06
      1.1330        15.26
      1.1340        15.34
      1.1350        15.41
      1.1360        15.50
      1.1370        15.48
      1.1380        15.54
      1.1390        15.58
      1.1400        15.56
      1.1410        15.71
      1.1420        15.84
      1.1430        15.79
      1.1440        16.31
      1.1450        16.39
      1.1460        16.49
      1.1470        16.59
      1.1480        16.58
      1.1490        16.77
      1.1500        16.82
      1.1510        16.88
      1.1520        16.86
      1.1530        16.74
      1.1540        16.62
      1.1550        16.54
      1.1560        16.67
      1.1570        16.48
      1.1580        16.28
      1.1590        16.28
      1.1600        15.66
      1.1610        15.40
      1.1620        15.42
      1.1630        15.51
      1.1640        15.65
      1.1650        15.55
      1.1660        15.49
      1.1670        15.48
      1.1680        15.50
      1.1690        15.42
      1.1700        15.37
      1.1710        15.36
      1.1720        15.44
      1.1730        15.56
      1.1740        15.61
      1.1750        16.24
      1.1760        16.20
      1.1770        16.28
      1.1780        16.40
      1.1790        16.40
      1.1800        16.64
      1.1810        16.78
      1.1820        16.89
      1.1830        16.79
      1.1840        16.85
      1.1850        16.92
      1.1860        16.93
      1.1870        16.97
      1.1880        16.97
      1.1890        17.09
      1.1900        17.17
      1.1910        17.30
      1.1920        17.30
      1.1930        17.28
      1.1940        17.22
      1.1950        17.17
      1.1960        17.22
      1.1970        17.25
      1.1980        17.18
      1.1990        17.21
      1.2000        17.03
      1.2010        17.10
      1.2020        16.94
      1.2030        17.03
      1.2040        16.88
      1.2050        16.90
      1.2060        16.94
      1.2070        16.99
      1.2080        17.01
      1.2090        16.82
      1.2100        16.82
      1.2110        16.75
      1.2120        16.79
      1.2130        16.74
      1.2140        16.75
      1.2150        16.67
      1.2160        16.69
      1.2170        16.71
      1.2180        16.81
      1.2190        16.81
      1.2200        16.97
      1.2210        17.05
      1.2220        17.13
      1.2230        17.22
      1.2240        17.27
      1.2250        17.32
      1.2260        17.09
      1.2270        17.10
      1.2280        17.01
      1.2290        17.27
      1.2300        17.33
      1.2310        17.29
      1.2320        17.25
      1.2330        17.28
      1.2340        17.39
      1.2350        17.49
      1.2360        17.35
      1.2370        17.33
      1.2380        16.85
      1.2390        17.07
      1.2400        16.99
      1.2410        16.90
      1.2420        16.91
      1.2430        16.94
      1.2440        16.79
      1.2450        16.66
      1.2460        16.75
      1.2470        16.71
      1.2480        16.73
      1.2490        16.54
      1.2500        16.38
      1.2510        16.27
      1.2520        16.17
      1.2530        16.03
      1.2540        15.95
      1.2550        16.10
      1.2560        16.21
      1.2570        16.07
      1.2580        16.10
      1.2590        15.97
      1.2600        16.71
      1.2610        16.85
      1.2620        16.98
      1.2630        17.02
      1.2640        17.24
      1.2650        17.41
      1.2660        17.44
      1.2670        17.58
      1.2680        17.48
      1.2690        17.68
      1.2700        17.80
      1.2710        17.88
      1.2720        17.94
      1.2730        17.95
      1.2740        18.00
      1.2750        17.88
      1.2760        17.82
      1.2770        17.83
      1.2780        17.75
      1.2790        17.73
      1.2800        17.54
      1.2810        17.62
      1.2820        17.60
      1.2830        17.50
      1.2840        17.45
      1.2850        17.35
      1.2860        16.84
      1.2870        16.61
      1.2880        17.25
      1.2890        17.19
      1.2900        17.19
      1.2910        16.65
      1.2920        17.21
      1.2930        17.23
      1.2940        17.33
      1.2950        17.29
      1.2960        17.27
      1.2970        17.41
      1.2980        17.54
      1.2990        17.65
      1.3000        17.68
      1.3010        17.73
      1.3020        17.68
      1.3030        17.92
      1.3040        17.92
      1.3050        17.90
      1.3060        17.98
      1.3070        18.07
      1.3080        17.98
      1.3090        17.95
      1.3100        17.96
      1.3110        18.01
      1.3120        17.96
      1.3130        18.05
      1.3140        18.08
      1.3150        18.09
      1.3160        18.07
      1.3170        18.04
      1.3180        17.92
      1.3190        17.37
      1.3200        17.85
      1.3210        17.71
      1.3220        17.22
      1.3230        17.14
      1.3240        17.08
      1.3250        17.01
      1.3260        17.40
      1.3270        17.34
      1.3280        17.32
      1.3290        17.38
      1.3300        17.39
      1.3310        17.38
      1.3320        16.89
      1.3330        16.84
      1.3340        17.12
      1.3350        17.16
      1.3360        17.26
      1.3370        17.16
      1.3380        17.30
      1.3390        17.39
      1.3400        17.42
      1.3410        17.46
      1.3420        17.46
      1.3430        17.37
      1.3440        17.46
      1.3450        17.51
      1.3460        17.64
      1.3470        17.70
      1.3480        17.71
      1.3490        17.08
      1.3500        17.21
      1.3510        17.07
      1.3520        17.62
      1.3530        17.07
      1.3540        17.14
      1.3550        17.07
      1.3560        17.21
      1.3570        17.26
      1.3580        17.15
      1.3590        16.96
      1.3600        16.78
      1.3610        16.82
      1.3620        16.77
      1.3630        16.79
      1.3640        16.66
      1.3650        16.55
      1.3660        16.60
      1.3670        16.63
      1.3680        16.72
      1.3690        16.87
      1.3700        16.72
      1.3710        16.80
      1.3720        16.67
      1.3730        16.60
      1.3740        16.53
      1.3750        17.03
      1.3760        16.90
      1.3770        16.79
      1.3780        16.84
      1.3790        16.84
      1.3800        16.91
      1.3810        16.85
      1.3820        16.97
      1.3830        17.06
      1.3840        17.10
      1.3850        17.31
      1.3860        17.27
      1.3870        17.29
      1.3880        17.30
      1.3890        17.16
      1.3900        17.32
      1.3910        17.34
      1.3920        17.43
      1.3930        17.47
      1.3940        17.51
      1.3950        17.64
      1.3960        17.62
      1.3970        17.64
      1.3980        17.54
      1.3990        17.62
      1.4000        17.62
      1.4010        17.09
      1.4020        16.89
      1.4030        16.75
      1.4040        16.63
      1.4050        16.57
      1.4060        16.55
      1.4070        16.40
      1.4080        16.42
      1.4090        16.34
      1.4100        16.22
      1.4110        16.27
      1.4120        16.19
      1.4130        16.25
      1.4140        16.34
      1.4150        16.26
      1.4160        16.20
      1.4170        16.21
      1.4180        16.24
      1.4190        16.21
      1.4200        16.25
      1.4210        16.24
      1.4220        16.32
      1.4230        16.44
      1.4240        16.51
      1.4250        16.59
      1.4260        16.55
      1.4270        16.75
      1.4280        16.63
      1.4290        17.20
      1.4300        16.80
      1.4310        16.76
      1.4320        16.88
      1.4330        16.94
      1.4340        16.87
      1.4350        16.97
      1.4360        16.93
      1.4370        17.49
      1.4380        17.46
      1.4390        17.43
      1.4400        17.46
      1.4410        17.65
      1.4420        17.59
      1.4430        17.65
      1.4440        17.63
      1.4450        17.55
      1.4460        17.45
      1.4470        17.26
      1.4480        17.28
      1.4490        17.11
      1.4500        16.99
      1.4510        17.04
      1.4520        16.89
      1.4530        16.87
      1.4540        16.88
      1.4550        16.89
      1.4560        16.93
      1.4570        16.67
      1.4580        16.77
      1.4590        16.64
      1.4600        16.53
      1.4610        16.37
      1.4620        16.48
      1.4630        16.47
      1.4640        16.65
      1.4650        16.63
      1.4660        16.86
      1.4670        16.84
      1.4680        16.84
      1.4690        17.10
      1.4700        17.15
      1.4710        17.10
      1.4720        17.29
      1.4730        17.30
      1.4740        17.23
      1.4750        17.06
      1.4760        17.08
      1.4770        17.18
      1.4780        17.08
      1.4790        17.18
      1.4800        17.23
      1.4810        16.74
      1.4820        16.69
      1.4830        16.50
      1.4840        16.27
      1.4850        16.24
      1.4860        16.40
      1.4870        16.31
      1.4880        16.27
      1.4890        16.04
      1.4900        15.92
      1.4910        15.92
      1.4920        15.77
      1.4930        15.76
      1.4940        15.76
      1.4950        15.70
      1.4960        15.67
      1.4970        15.61
      1.4980        15.55
      1.4990        15.36
      1.5000        15.31
      1.5010        15.31
      1.5020        15.36
      1.5030        15.50
      1.5040        15.50
      1.5050        15.47
      1.5060        15.29
      1.5070        15.43
      1.5080        15.93
      1.5090        15.60
      1.5100        16.25
      1.5110        16.32
      1.5120        16.42
      1.5130        16.51
      1.5140        16.33
      1.5150        16.44
      1.5160        16.44
      1.5170        15.99
      1.5180        16.66
      1.5190        16.80
      1.5200        16.73
      1.5210        16.78
      1.5220        16.95
      1.5230        16.82
      1.5240        16.74
      1.5250        16.94
      1.5260        16.81
      1.5270        16.66
      1.5280        16.23
      1.5290        16.06
      1.5300        16.00
      1.5310        15.98
      1.5320        15.85
      1.5330        16.40
      1.5340        16.66
      1.5350        16.64
      1.5360        16.63
      1.5370        16.66
      1.5380        16.48
      1.5390        16.48
      1.5400        16.45
      1.5410        16.44
      1.5420        15.69
      1.5430        15.71
      1.5440        16.32
      1.5450        15.92
      1.5460        16.00
      1.5470        16.58
      1.5480        16.67
      1.5490        16.77
      1.5500        16.81
      1.5510        16.84
      1.5520        16.89
      1.5530        16.84
      1.5540        16.86
      1.5550        16.96
      1.5560        16.81
      1.5570        16.38
      1.5580        16.31
      1.5590        16.34
      1.5600        16.34
      1.5610        16.38
      1.5620        16.34
      1.5630        16.43
      1.5640        16.27
      1.5650        16.07
      1.5660        16.02
      1.5670        15.96
      1.5680        16.05
      1.5690        16.07
      1.5700        16.03
      1.5710        15.96
      1.5720        15.85
      1.5730        15.75
      1.5740        15.66
      1.5750        15.48
      1.5760        15.37
      1.5770        15.32
      1.5780        15.28
      1.5790        15.29
      1.5800        15.25
      1.5810        15.10
      1.5820        15.11
      1.5830        14.92
      1.5840        15.01
      1.5850        15.02
      1.5860        14.98
      1.5870        14.98
      1.5880        14.80
      1.5890        14.83
      1.5900        14.82
      1.5910        14.72
      1.5920        14.83
      1.5930        15.33
      1.5940        15.33
      1.5950        15.32
      1.5960        15.55
      1.5970        15.61
      1.5980        15.69
      1.5990        15.65
      1.6000        15.81
      1.6010        15.90
      1.6020        15.96
      1.6030        16.03
      1.6040        16.11
      1.6050        16.18
      1.6060        16.27
      1.6070        16.22
      1.6080        16.31
      1.6090        16.24
      1.6100        16.11
      1.6110        16.12
      1.6120        16.09
      1.6130        16.06
      1.6140        16.06
      1.6150        16.04
      1.6160        15.82
      1.6170        15.76
      1.6180        15.65
      1.6190        15.58
      1.6200        14.93
      1.6210        14.85
      1.6220        14.77
      1.6230        14.80
      1.6240        14.76
      1.6250        14.73
      1.6260        14.53
      1.6270        14.55
      1.6280        14.59
      1.6290        14.52
      1.6300        14.59
      1.6310        14.76
      1.6320        15.17
      1.6330        15.21
      1.6340        15.27
      1.6350        15.32
      1.6360        15.32
      1.6370        15.41
      1.6380        15.48
      1.6390        15.60
      1.6400        15.74
      1.6410        15.84
      1.6420        16.01
      1.6430        15.94
      1.6440        15.93
      1.6450        15.80
      1.6460        16.01
      1.6470        15.89
      1.6480        15.45
      1.6490        15.40
      1.6500        15.38
      1.6510        15.24
      1.6520        15.34
      1.6530        15.35
      1.6540        15.35
      1.6550        15.24
      1.6560        15.23
      1.6570        15.09
      1.6580        14.99
      1.6590        15.07
      1.6600        14.92
      1.6610        14.76
      1.6620        14.61
      1.6630        14.56
      1.6640        14.56
      1.6650        14.49
      1.6660        14.34
      1.6670        14.26
      1.6680        14.14
      1.6690        14.18
      1.6700        14.33
      1.6710        14.30
      1.6720        14.22
      1.6730        14.22
      1.6740        14.36
      1.6750        14.53
      1.6760        14.53
      1.6770        14.54
      1.6780        15.18
      1.6790        14.54
      1.6800        15.21
      1.6810        15.17
      1.6820        15.17
      1.6830        15.12
      1.6840        15.11
      1.6850        15.41
      1.6860        15.53
      1.6870        15.62
      1.6880        15.65
      1.6890        15.53
      1.6900        15.34
      1.6910        15.24
      1.6920        15.26
      1.6930        15.11
      1.6940        14.45
      1.6950        14.34
      1.6960        14.38
      1.6970        14.37
      1.6980        14.26
      1.6990        14.19
      1.7000        14.17
      1.7010        14.18
      1.7020        14.22
      1.7030        14.20
      1.7040        14.24
      1.7050        14.27
      1.7060        14.26
      1.7070        14.24
      1.7080        14.24
      1.7090        14.40
      1.7100        14.43
      1.7110        14.53
      1.7120        14.35
      1.7130        14.53
      1.7140        14.56
      1.7150        14.56
      1.7160        14.66
      1.7170        15.31
      1.7180        15.36
      1.7190        15.32
      1.7200        15.32
      1.7210        15.31
      1.7220        14.77
      1.7230        14.84
      1.7240        14.80
      1.7250        14.65
      1.7260        14.64
      1.7270        14.58
      1.7280        14.54
      1.7290        14.46
      1.7300        14.41
      1.7310        14.42
      1.7320        14.66
      1.7330        14.50
      1.7340        14.42
      1.7350        14.44
      1.7360        14.33
      1.7370        14.19
      1.7380        14.27
      1.7390        14.37
      1.7400        14.34
      1.7410        14.40
      1.7420        14.43
      1.7430        14.43
      1.7440        14.40
      1.7450        14.40
      1.7460        14.32
      1.7470        14.25
      1.7480        14.29
      1.7490        14.28
      1.7500        14.31
      1.7510        14.30
      1.7520        14.34
      1.7530        14.43
      1.7540        14.53
      1.7550        14.57
      1.7560        14.53
      1.7570        14.60
      1.7580        14.57
      1.7590        14.65
      1.7600        14.80
      1.7610        15.23
      1.7620        15.28
      1.7630        15.23
      1.7640        15.27
      1.7650        15.42
      1.7660        15.47
      1.7670        15.70
      1.7680        15.81
      1.7690        15.73
      1.7700        15.83
      1.7710        15.90
      1.7720        15.63
      1.7730        15.50
      1.7740        15.34
      1.7750        15.29
      1.7760        15.44
      1.7770        15.22
      1.7780        15.19
      1.7790        15.11
      1.7800        14.58
      1.7810        14.74
      1.7820        14.62
      1.7830        14.53
      1.7840        14.52
      1.7850        14.46
      1.7860        14.99
      1.7870        14.39
      1.7880        14.34
      1.7890        14.25
      1.7900        14.10
      1.7910        13.98
      1.7920        14.12
      1.7930        14.16
      1.7940        14.24
      1.7950        14.17
      1.7960        14.11
      1.7970        14.28
      1.7980        14.44
      1.7990        14.41
      1.8000        14.92
      1.8010        14.92
      1.8020        15.03
      1.8030        15.16
      1.8040        15.26
      1.8050        15.32
      1.8060        15.21
      1.8070        15.33
      1.8080        15.28
      1.8090        15.35
      1.8100        15.48
      1.8110        15.51
      1.8120        15.58
      1.8130        15.55
      1.8140        15.52
      1.8150        15.47
      1.8160        15.32
      1.8170        15.25
      1.8180        15.01
      1.8190        14.88
      1.8200        14.35
      1.8210        14.24
      1.8220        14.12
      1.8230        14.15
      1.8240        14.15
      1.8250        14.19
      1.8260        14.19
      1.8270        14.14
      1.8280        14.15
      1.8290        14.20
      1.8300        14.19
      1.8310        14.12
      1.8320        13.88
      1.8330        14.06
      1.8340        14.07
      1.8350        14.02
      1.8360        14.10
      1.8370        14.19
      1.8380        14.34
      1.8390        14.34
      1.8400        14.36
      1.8410        14.52
      1.8420        14.69
      1.8430        15.27
      1.8440        14.70
      1.8450        14.75
      1.8460        14.87
      1.8470        15.39
      1.8480        15.05
      1.8490        15.00
      1.8500        14.97
      1.8510        15.05
      1.8520        15.17
      1.8530        15.02
      1.8540        15.01
      1.8550        15.17
      1.8560        15.22
      1.8570        15.13
      1.8580        15.06
      1.8590        15.13
      1.8600        15.03
      1.8610        15.02
      1.8620        15.01
      1.8630        14.90
      1.8640        14.91
      1.8650        14.78
      1.8660        14.54
      1.8670        14.42
      1.8680        14.36
      1.8690        14.81
      1.8700        14.19
      1.8710        14.17
      1.8720        14.19
      1.8730        14.27
      1.8740        14.26
      1.8750        14.09
      1.8760        14.04
      1.8770        14.12
      1.8780        14.15
      1.8790        14.24
      1.8800        14.38
      1.8810        14.27
      1.8820        14.30
      1.8830        14.38
      1.8840        14.48
      1.8850        14.65
      1.8860        14.77
      1.8870        15.01
      1.8880        14.97
      1.8890        15.08
      1.8900        15.12
      1.8910        14.98
      1.8920        15.11
      1.8930        15.00
      1.8940        15.01
      1.8950        15.15
      1.8960        15.12
      1.8970        15.20
      1.8980        15.23
      1.8990        15.13
      1.9000        15.09
      1.9010        15.08
      1.9020        14.99
      1.9030        14.97
      1.9040        15.04
      1.9050        14.97
      1.9060        15.14
      1.9070        15.14
      1.9080        15.06
      1.9090        15.05
      1.9100        15.05
      1.9110        15.17
      1.9120        15.13
      1.9130        15.16
      1.9140        15.02
      1.9150        15.55
      1.9160        15.64
      1.9170        15.59
      1.9180        15.62
      1.9190        15.44
      1.9200        15.47
      1.9210        15.56
      1.9220        15.80
      1.9230        15.95
      1.9240        15.90
      1.9250        15.86
      1.9260        15.79
      1.9270        15.74
      1.9280        16.04
      1.9290        16.02
      1.9300        15.97
      1.9310        15.82
      1.9320        15.87
      1.9330        15.97
      1.9340        16.25
      1.9350        16.17
      1.9360        16.06
      1.9370        16.12
      1.9380        16.08
      1.9390        16.17
      1.9400        16.09
      1.9410        16.03
      1.9420        15.87
      1.9430        15.67
      1.9440        15.56
      1.9450        15.58
      1.9460        15.39
      1.9470        14.73
      1.9480        14.59
      1.9490        14.58
      1.9500        14.67
      1.9510        14.74
      1.9520        14.62
      1.9530        14.70
      1.9540        14.62
      1.9550        14.59
      1.9560        14.62
      1.9570        14.58
      1.9580        14.54
      1.9590        14.58
      1.9600        14.61
      1.9610        14.65
      1.9620        14.79
      1.9630        14.85
      1.9640        14.83
      1.9650        14.87
      1.9660        15.04
      1.9670        15.23
      1.9680        15.25
      1.9690        15.34
      1.9700        15.46
      1.9710        15.47
      1.9720        16.08
      1.9730        16.04
      1.9740        16.10
      1.9750        15.96
      1.9760        16.16
      1.9770        16.20
      1.9780        16.22
      1.9790        16.38
      1.9800        16.44
      1.9810        16.02
      1.9820        15.92
      1.9830        16.51
      1.9840        16.54
      1.9850        16.42
      1.9860        16.28
      1.9870        16.23
      1.9880        16.12
      1.9890        16.03
      1.9900        15.76
      1.9910        15.51
      1.9920        14.96
      1.9930        14.91
      1.9940        14.92
      1.9950        15.08
      1.9960        15.04
      1.9970        15.06
      1.9980        14.99
      1.9990        14.94
      2.0000        15.52
      2.0010        15.64
      2.0020        15.60
      2.0030        15.59
      2.0040        15.08
      2.0050        15.58
      2.0060        15.25
      2.0070        15.30
      2.0080        15.35
      2.0090        15.38
      2.0100        15.95
      2.0110        16.35
      2.0120        16.47
      2.0130        16.61
      2.0140        16.62
      2.0150        16.62
      2.0160        16.60
      2.0170        16.47
      2.0180        16.49
      2.0190        16.37
      2.0200        16.31
      2.0210        15.75
      2.0220        16.09
      2.0230        15.60
      2.0240        15.59
      2.0250        15.62
      2.0260        15.55
      2.0270        15.48
      2.0280        15.51
      2.0290        15.47
      2.0300        15.51
      2.0310        15.33
      2.0320        15.30
      2.0330        15.35
      2.0340        15.24
      2.0350        15.13
      2.0360        15.22
      2.0370        15.27
      2.0380        15.30
      2.0390        15.38
      2.0400        15.29
      2.0410        15.23
      2.0420        15.27
      2.0430        15.22
      2.0440        15.19
      2.0450        15.17
      2.0460        15.14
      2.0470        15.21
      2.0480        15.21
      2.0490        15.22
      2.0500        15.29
      2.0510        15.85
      2.0520        15.90
      2.0530        15.86
      2.0540        15.88
      2.0550        16.07
      2.0560        15.93
      2.0570        16.03
      2.0580        16.10
      2.0590        16.23
      2.0600        16.27
      2.0610        16.25
      2.0620        16.19
      2.0630        16.16
      2.0640        16.15
      2.0650        16.28
      2.0660        16.31
      2.0670        16.35
      2.0680        16.51
      2.0690        16.51
      2.0700        16.31
      2.0710        16.31
      2.0720        16.28
      2.0730        15.72
      2.0740        15.82
      2.0750        15.79
      2.0760        15.75
      2.0770        15.78
      2.0780        15.66
      2.0790        15.48
      2.0800        15.48
      2.0810        15.54
      2.0820        15.69
      2.0830        15.77
      2.0840        16.32
      2.0850        15.79
      2.0860        15.80
      2.0870        15.73
      2.0880        15.69
      2.0890        15.70
      2.0900        16.30
      2.0910        16.34
      2.0920        16.24
      2.0930        16.28
      2.0940        16.23
      2.0950        16.32
      2.0960        16.63
      2.0970        16.53
      2.0980        16.62
      2.0990        16.67
      2.1000        16.61
      2.1010        16.61
      2.1020        16.49
      2.1030        16.41
      2.1040        15.85
      2.1050        16.26
      2.1060        16.35
      2.1070        16.42
      2.1080        16.36
      2.1090        16.22
      2.1100        16.12
      2.1110        16.10
      2.1120        16.23
      2.1130        16.19
      2.1140        16.26
      2.1150        16.27
      2.1160        16.16
      2.1170        16.10
      2.1180        16.07
      2.1190        16.07
      2.1200        16.12
      2.1210        16.16
      2.1220        16.11
      2.1230        16.17
      2.1240        16.25
      2.1250        16.24
      2.1260        16.35
      2.1270        16.43
      2.1280        16.33
      2.1290        16.39
      2.1300        16.35
      2.1310        16.31
      2.1320        16.31
      2.1330        16.40
      2.1340        16.54
      2.1350        16.46
      2.1360        16.50
      2.1370        16.55
      2.1380        16.51
      2.1390        16.59
      2.1400        16.67
      2.1410        16.60
      2.1420        16.62
      2.1430        16.62
      2.1440        16.60
      2.1450        16.54
      2.1460        16.51
      2.1470        16.37
      2.1480        16.45
      2.1490        16.41
      2.1500        16.46
      2.1510        16.52
      2.1520        16.48
      2.1530        16.54
      2.1540        16.41
      2.1550        16.37
      2.1560        16.25
      2.1570        16.29
      2.1580        16.35
      2.1590        16.24
      2.1600        16.13
      2.1610        16.13
      2.1620        16.11
      2.1630        16.00
      2.1640        16.00
      2.1650        16.12
      2.1660        15.96
      2.1670        15.38
      2.1680        15.46
      2.1690        16.10
      2.1700        16.23
      2.1710        16.22
      2.1720        16.24
      2.1730        16.23
      2.1740        15.76
      2.1750        15.83
      2.1760        15.91
      2.1770        16.44
      2.1780        16.53
      2.1790        16.50
      2.1800        16.55
      2.1810        16.63
      2.1820        16.73
      2.1830        16.71
      2.1840        16.63
      2.1850        16.72
      2.1860        16.81
      2.1870        17.00
      2.1880        16.79
      2.1890        16.71
      2.1900        16.52
      2.1910        16.39
      2.1920        16.37
      2.1930        16.18
      2.1940        16.23
      2.1950        16.10
      2.1960        16.16
      2.1970        16.14
      2.1980        15.44
      2.1990        16.02
      2.2000        15.52
      2.2010        15.45
      2.2020        15.47
      2.2030        15.47
      2.2040        15.38
      2.2050        15.32
      2.2060        15.28
      2.2070        15.38
      2.2080        15.49
      2.2090        15.34
      2.2100        15.33
      2.2110        15.33
      2.2120        15.38
      2.2130        15.49
      2.2140        16.04
      2.2150        16.18
      2.2160        16.10
      2.2170        15.57
      2.2180        16.09
      2.2190        15.56
      2.2200        15.57
      2.2210        16.13
      2.2220        16.24
      2.2230        16.29
      2.2240        16.49
      2.2250        16.33
      2.2260        16.48
      2.2270        16.31
      2.2280        16.31
      2.2290        16.49
      2.2300        16.43
      2.2310        16.07
      2.2320        15.93
      2.2330        15.93
      2.2340        15.80
      2.2350        15.68
      2.2360        15.60
      2.2370        16.11
      2.2380        16.10
      2.2390        16.19
      2.2400        16.19
      2.2410        16.15
      2.2420        15.97
      2.2430        16.00
      2.2440        15.90
      2.2450        16.11
      2.2460        15.99
      2.2470        16.11
      2.2480        15.99
      2.2490        16.01
      2.2500        16.21
      2.2510        16.13
      2.2520        16.27
      2.2530        16.28
      2.2540        16.40
      2.2550        16.61
      2.2560        16.65
      2.2570        16.66
      2.2580        16.74
      2.2590        16.66
      2.2600        16.78
      2.2610        16.99
      2.2620        17.20
      2.2630        17.18
      2.2640        17.18
      2.2650        17.11
      2.2660        17.12
      2.2670        17.23
      2.2680        17.28
      2.2690        17.21
      2.2700        17.07
      2.2710        17.09
      2.2720        17.12
      2.2730        17.05
      2.2740        16.80
      2.2750        16.19
      2.2760        16.66
      2.2770        16.68
      2.2780        16.56
      2.2790        16.48
      2.2800        16.46
      2.2810        16.33
      2.2820        16.28
      2.2830        16.21
      2.2840        15.87
      2.2850        15.86
      2.2860        15.95
      2.2870        15.98
      2.2880        15.99
      2.2890        15.97
      2.2900        15.95
      2.2910        15.90
      2.2920        15.94
      2.2930        15.95
      2.2940        16.20
      2.2950        16.29
      2.2960        16.42
      2.2970        16.46
      2.2980        16.66
      2.2990        16.86
      2.3000        16.95
      2.3010        17.01
      2.3020        17.12
      2.3030        17.23
      2.3040        17.29
      2.3050        17.42
      2.3060        17.54
      2.3070        17.46
      2.3080        17.54
      2.3090        17.54
      2.3100        17.57
      2.3110        17.72
      2.3120        17.69
      2.3130        17.85
      2.3140        17.74
      2.3150        17.60
      2.3160        17.56
      2.3170        17.41
      2.3180        17.41
      2.3190        17.42
      2.3200        17.45
      2.3210        17.37
      2.3220        17.22
      2.3230        17.09
      2.3240        17.02
      2.3250        17.53
      2.3260        16.95
      2.3270        17.53
      2.3280        17.00
      2.3290        17.11
      2.3300        17.24
      2.3310        17.27
      2.3320        17.42
      2.3330        17.34
      2.3340        17.52
      2.3350        17.70
      2.3360        17.81
      2.3370        17.97
      2.3380        17.97
      2.3390        17.89
      2.3400        18.53
      2.3410        18.61
      2.3420        18.78
      2.3430        18.97
      2.3440        18.99
      2.3450        19.05
      2.3460        19.12
      2.3470        19.23
      2.3480        19.26
      2.3490        19.43
      2.3500        19.49
      2.3510        19.45
      2.3520        19.38
      2.3530        19.42
      2.3540        19.40
      2.3550        19.32
      2.3560        19.28
      2.3570        19.31
      2.3580        19.27
      2.3590        19.31
      2.3600        19.12
      2.3610        19.20
      2.3620        19.22
      2.3630        19.14
      2.3640        19.02
      2.3650        18.88
      2.3660        18.86
      2.3670        18.76
      2.3680        18.76
      2.3690        18.62
      2.3700        18.62
      2.3710        18.51
      2.3720        18.66
      2.3730        18.67
      2.3740        18.63
      2.3750        18.69
      2.3760        18.89
      2.3770        19.00
      2.3780        19.14
      2.3790        19.20
      2.3800        19.23
      2.3810        18.82
      2.3820        19.39
      2.3830        19.57
      2.3840        19.78
      2.3850        19.99
      2.3860        20.10
      2.3870        20.27
      2.3880        20.40
      2.3890        20.60
      2.3900        20.72
      2.3910        20.97
      2.3920        21.02
      2.3930        21.04
      2.3940        21.04
      2.3950        21.01
      2.3960        20.94
      2.3970        20.82
      2.3980        20.77
      2.3990        20.85
      2.4000        20.94
      2.4010        20.88
      2.4020        20.80
      2.4030        20.70
      2.4040        20.60
      2.4050        20.56
      2.4060        20.50
      2.4070        20.42
      2.4080        20.47
      2.4090        20.41
      2.4100        20.48
      2.4110        20.44
      2.4120        20.34
      2.4130        20.45
      2.4140        20.60
      2.4150        20.77
      2.4160        20.88
      2.4170        20.99
      2.4180        21.06
      2.4190        21.19
      2.4200        21.22
      2.4210        21.32
      2.4220        21.45
      2.4230        21.51
      2.4240        21.67
      2.4250        21.82
      2.4260        21.82
      2.4270        21.91
      2.4280        22.00
      2.4290        22.13
      2.4300        22.13
      2.4310        22.13
      2.4320        22.33
      2.4330        22.25
      2.4340        22.19
      2.4350        21.92
      2.4360        21.85
      2.4370        21.82
      2.4380        21.78
      2.4390        21.74
      2.4400        21.66
      2.4410        21.81
      2.4420        21.92
      2.4430        21.87
      2.4440        21.81
      2.4450        21.65
      2.4460        21.84
      2.4470        21.75
      2.4480        21.59
      2.4490        21.45
      2.4500        21.43
      2.4510        21.42
      2.4520        21.39
      2.4530        21.42
      2.4540        21.52
      2.4550        21.95
      2.4560        21.90
      2.4570        21.92
      2.4580        22.11
      2.4590        22.24
      2.4600        22.63
      2.4610        22.56
      2.4620        22.53
      2.4630        22.72
      2.4640        22.82
      2.4650        22.87
      2.4660        22.87
      2.4670        23.09
      2.4680        23.34
      2.4690        23.56
      2.4700        23.52
      2.4710        23.60
      2.4720        23.64
      2.4730        23.83
      2.4740        23.88
      2.4750        23.76
      2.4760        23.87
      2.4770        23.99
      2.4780        23.84
      2.4790        23.79
      2.4800        23.67
      2.4810        23.57
      2.4820        23.60
      2.4830        23.49
      2.4840        23.39
      2.4850        23.49
      2.4860        23.51
      2.4870        23.45
      2.4880        23.32
      2.4890        23.18
      2.4900        23.33
      2.4910        23.32
      2.4920        23.21
      2.4930        23.04
      2.4940        23.05
      2.4950        23.08
      2.4960        23.17
      2.4970        23.23
      2.4980        23.44
      2.4990        23.32
      2.5000        23.31
      2.5010        23.40
      2.5020        23.46
      2.5030        23.48
      2.5040        23.54
      2.5050        23.63
      2.5060        23.78
      2.5070        23.93
      2.5080        23.97
      2.5090        23.94
      2.5100        24.01
      2.5110        24.04
      2.5120        24.12
      2.5130        24.14
      2.5140        24.09
      2.5150        24.11
      2.5160        24.02
      2.5170        23.78
      2.5180        23.74
      2.5190        23.75
      2.5200        23.74
      2.5210        23.96
      2.5220        23.75
      2.5230        23.81
      2.5240        23.90
      2.5250        23.76
      2.5260        23.67
      2.5270        23.49
      2.5280        23.41
      2.5290        23.43
      2.5300        23.37
      2.5310        23.37
      2.5320        23.38
      2.5330        23.46
      2.5340        23.53
      2.5350        23.51
      2.5360        23.48
      2.5370        23.76
      2.5380        23.78
      2.5390        23.89
      2.5400        23.95
      2.5410        23.70
      2.5420        23.93
      2.5430        24.03
      2.5440        24.08
      2.5450        24.27
      2.5460        24.28
      2.5470        24.37
      2.5480        24.51
      2.5490        24.60
      2.5500        24.56
      2.5510        24.73
      2.5520        24.82
      2.5530        24.70
      2.5540        24.64
      2.5550        24.58
      2.5560        24.67
      2.5570        24.62
      2.5580        24.56
      2.5590        24.49
      2.5600        24.39
      2.5610        24.40
      2.5620        24.32
      2.5630        24.28
      2.5640        24.20
      2.5650        24.15
      2.5660        24.00
      2.5670        23.87
      2.5680        23.98
      2.5690        24.00
      2.5700        24.04
      2.5710        23.76
      2.5720        23.74
      2.5730        23.70
      2.5740        23.72
      2.5750        23.69
      2.5760        23.69
      2.5770        23.65
      2.5780        23.73
      2.5790        23.77
      2.5800        23.76
      2.5810        23.84
      2.5820        23.81
      2.5830        23.71
      2.5840        23.97
      2.5850        23.89
      2.5860        24.04
      2.5870        24.08
      2.5880        24.15
      2.5890        24.18
      2.5900        24.12
      2.5910        24.13
      2.5920        24.18
      2.5930        24.30
      2.5940        24.32
      2.5950        24.34
      2.5960        24.43
      2.5970        24.44
      2.5980        24.37
      2.5990        24.45
      2.6000        24.40
      2.6010        24.37
      2.6020        24.33
      2.6030        24.33
      2.6040        23.98
      2.6050        23.95
      2.6060        23.81
      2.6070        23.90
      2.6080        23.99
      2.6090        23.99
      2.6100        23.93
      2.6110        24.09
      2.6120        23.96
      2.6130        23.92
      2.6140        23.90
      2.6150        23.81
      2.6160        23.70
      2.6170        23.73
      2.6180        23.73
      2.6190        23.61
      2.6200        23.62
      2.6210        23.47
      2.6220        23.47
      2.6230        23.50
      2.6240        23.63
      2.6250        23.62
      2.6260        23.67
      2.6270        23.61
      2.6280        22.93
      2.6290        23.39
      2.6300        23.47
      2.6310        23.51
      2.6320        23.58
      2.6330        23.54
      2.6340        23.49
      2.6350        23.69
      2.6360        23.70
      2.6370        23.66
      2.6380        23.77
      2.6390        23.82
      2.6400        23.97
      2.6410        24.04
      2.6420        24.13
      2.6430        24.15
      2.6440        24.13
      2.6450        24.25
      2.6460        24.24
      2.6470        24.32
      2.6480        24.16
      2.6490        24.13
      2.6500        24.16
      2.6510        24.03
      2.6520        23.95
      2.6530        24.01
      2.6540        24.01
      2.6550        23.99
      2.6560        24.04
      2.6570        24.08
      2.6580        24.03
      2.6590        24.03
      2.6600        23.95
      2.6610        23.92
      2.6620        23.90
      2.6630        23.98
      2.6640        24.04
      2.6650        24.07
      2.6660        24.18
      2.6670        24.25
      2.6680        24.29
      2.6690        24.38
      2.6700        24.47
      2.6710        24.68
      2.6720        24.74
      2.6730        24.81
      2.6740        24.97
      2.6750        25.00
      2.6760        24.98
      2.6770        25.03
      2.6780        25.07
      2.6790        25.09
      2.6800        25.13
      2.6810        25.25
      2.6820        25.24
      2.6830        25.13
      2.6840        24.98
      2.6850        24.92
      2.6860        24.78
      2.6870        24.52
      2.6880        24.62
      2.6890        24.41
      2.6900        24.23
      2.6910        24.21
      2.6920        24.26
      2.6930        24.22
      2.6940        24.01
      2.6950        23.45
      2.6960        23.44
      2.6970        23.37
      2.6980        23.30
      2.6990        23.21
      2.7000        23.71
      2.7010        23.73
      2.7020        23.68
      2.7030        23.69
      2.7040        23.80
      2.7050        23.82
      2.7060        23.96
      2.7070        24.12
      2.7080        24.20
      2.7090        24.28
      2.7100        24.35
      2.7110        24.32
      2.7120        24.27
      2.7130        24.32
      2.7140        24.48
      2.7150        24.60
      2.7160        24.61
      2.7170        24.66
      2.7180        24.81
      2.7190        24.81
      2.7200        24.78
      2.7210        24.68
      2.7220        24.75
      2.7230        24.75
      2.7240        24.78
      2.7250        24.80
      2.7260        24.70
      2.7270        24.63
      2.7280        24.59
      2.7290        24.51
      2.7300        24.43
      2.7310        24.44
      2.7320        24.37
      2.7330        24.39
      2.7340        24.20
      2.7350        24.05
      2.7360        23.97
      2.7370        23.95
      2.7380        23.80
      2.7390        23.92
      2.7400        23.87
      2.7410        23.96
      2.7420        23.87
      2.7430        23.85
      2.7440        23.93
      2.7450        23.74
      2.7460        23.77
      2.7470        23.73
      2.7480        23.63
      2.7490        23.72
      2.7500        23.88
      2.7510        23.87
      2.7520        23.96
      2.7530        23.99
      2.7540        24.06
      2.7550        24.10
      2.7560        24.17
      2.7570        24.23
      2.7580        24.19
      2.7590        24.03
      2.7600        24.11
      2.7610        23.90
      2.7620        23.98
      2.7630        24.11
      2.7640        23.91
      2.7650        23.97
      2.7660        24.06
      2.7670        24.22
      2.7680        24.24
      2.7690        24.17
      2.7700        24.00
      2.7710        23.93
      2.7720        23.84
      2.7730        23.13
      2.7740        23.73
      2.7750        23.74
      2.7760        23.61
      2.7770        23.50
      2.7780        23.51
      2.7790        23.64
      2.7800        23.60
      2.7810        23.79
      2.7820        23.80
      2.7830        23.64
      2.7840        23.67
      2.7850        23.67
      2.7860        23.63
      2.7870        23.53
      2.7880        23.51
      2.7890        23.49
      2.7900        23.66
      2.7910        23.76
      2.7920        23.92
      2.7930        24.11
      2.7940        23.99
      2.7950        24.15
      2.7960        24.39
      2.7970        24.42
      2.7980        24.53
      2.7990        24.58
      2.8000        24.50
      2.8010        24.39
      2.8020        24.42
      2.8030        24.42
      2.8040        24.54
      2.8050        24.58
      2.8060        24.59
      2.8070        24.65
      2.8080        24.65
      2.8090        24.82
      2.8100        24.76
      2.8110        24.80
      2.8120        24.69
      2.8130        24.60
      2.8140        24.62
      2.8150        24.48
      2.8160        24.21
      2.8170        24.20
      2.8180        24.06
      2.8190        23.86
      2.8200        23.88
      2.8210        24.01
      2.8220        24.01
      2.8230        24.13
      2.8240        24.06
      2.8250        24.11
      2.8260        24.10
      2.8270        24.10
      2.8280        24.18
      2.8290        24.06
      2.8300        24.03
      2.8310        23.97
      2.8320        23.97
      2.8330        24.02
      2.8340        24.06
      2.8350        24.09
      2.8360        24.20
      2.8370        24.22
      2.8380        24.29
      2.8390        24.44
      2.8400        24.49
      2.8410        24.37
      2.8420        24.25
      2.8430        24.20
      2.8440        24.32
      2.8450        24.24
      2.8460        24.21
      2.8470        24.17
      2.8480        24.23
      2.8490        24.25
      2.8500        24.28
      2.8510        24.27
      2.8520        24.23
      2.8530        24.13
      2.8540        24.05
      2.8550        23.90
      2.8560        23.96
      2.8570        23.95
      2.8580        23.99
      2.8590        23.85
      2.8600        23.77
      2.8610        23.81
      2.8620        23.96
      2.8630        23.93
      2.8640        23.73
      2.8650        23.75
      2.8660        23.68
      2.8670        23.73
      2.8680        23.68
      2.8690        23.60
      2.8700        23.75
      2.8710        23.72
      2.8720        23.95
      2.8730        23.99
      2.8740        23.98
      2.8750        24.23
      2.8760        24.31
      2.8770        24.38
      2.8780        24.41
      2.8790        24.62
      2.8800        24.74
      2.8810        24.77
      2.8820        24.81
      2.8830        24.83
      2.8840        24.93
      2.8850        24.95
      2.8860        25.11
      2.8870        25.08
      2.8880        25.13
      2.8890        25.39
      2.8900        25.17
      2.8910        25.23
      2.8920        24.93
      2.8930        24.86
      2.8940        24.85
      2.8950        24.67
      2.8960        24.42
      2.8970        24.30
      2.8980        24.12
      2.8990        23.66
      2.9000        23.72
      2.9010        23.73
      2.9020        23.65
      2.9030        24.19
      2.9040        23.71
      2.9050        23.72
      2.9060        23.72
      2.9070        23.72
      2.9080        24.22
      2.9090        23.63
      2.9100        23.73
      2.9110        23.71
      2.9120        23.90
      2.9130        24.56
      2.9140        24.73
      2.9150        24.81
      2.9160        25.11
      2.9170        25.19
      2.9180        25.34
      2.9190        25.23
      2.9200        25.30
      2.9210        25.33
      2.9220        25.49
      2.9230        25.46
      2.9240        25.44
      2.9250        25.32
      2.9260        25.40
      2.9270        25.46
      2.9280        25.30
      2.9290        25.27
      2.9300        25.33
      2.9310        25.42
      2.9320        25.34
      2.9330        25.34
      2.9340        25.23
      2.9350        25.17
      2.9360        24.94
      2.9370        24.91
      2.9380        25.04
      2.9390        25.11
      2.9400        24.96
      2.9410        24.88
      2.9420        24.79
      2.9430        24.68
      2.9440        24.63
      2.9450        24.88
      2.9460        24.86
      2.9470        24.88
      2.9480        25.09
      2.9490        25.13
      2.9500        25.13
      2.9510        25.11
      2.9520        25.14
      2.9530        25.15
      2.9540        25.32
      2.9550        25.42
      2.9560        25.66
      2.9570        25.80
      2.9580        25.81
      2.9590        25.86
      2.9600        25.92
      2.9610        26.00
      2.9620        26.04
      2.9630        26.16
      2.9640        26.27
      2.9650        26.19
      2.9660        26.15
      2.9670        26.05
      2.9680        26.00
      2.9690        26.05
      2.9700        26.05
      2.9710        25.96
      2.9720        26.13
      2.9730        26.20
      2.9740        26.03
      2.9750        26.15
      2.9760        26.05
      2.9770        26.00
      2.9780        25.81
      2.9790        25.87
      2.9800        25.80
      2.9810        25.76
      2.9820        25.65
      2.9830        25.64
      2.9840        25.60
      2.9850        25.51
      2.9860        25.47
      2.9870        25.43
      2.9880        25.29
      2.9890        25.13
      2.9900        24.97
      2.9910        25.08
      2.9920        24.88
      2.9930        24.75
      2.9940        24.88
      2.9950        24.73
      2.9960        24.62
      2.9970        24.49
      2.9980        24.44
      2.9990        24.33
