        Time   Palpation Force
      0.0000         1.00
      0.0010         1.00
      0.0020         1.00
      0.0030         1.00
      0.0040         1.00
      0.0050         1.00
      0.0060         1.00
      0.0070         1.00
      0.0080         1.00
      0.0090         1.00
      0.0100         1.00
      0.0110         1.00
      0.0120         1.00
      0.0130         1.00
      0.0140         1.00
      0.0150         1.00
      0.0160         1.00
      0.0170         1.00
      0.0180         1.00
      0.0190         1.00
      0.0200         1.00
      0.0210         1.00
      0.0220         1.00
      0.0230         1.00
      0.0240         1.00
      0.0250         1.00
      0.0260         1.00
      0.0270         1.00
      0.0280         1.00
      0.0290         1.00
      0.0300         1.00
      0.0310         1.00
      0.0320         1.00
      0.0330         1.00
      0.0340         1.00
      0.0350         1.00
      0.0360         1.00
      0.0370         1.00
      0.0380         1.00
      0.0390         1.00
      0.0400         1.00
      0.0410         1.00
      0.0420         1.00
      0.0430         1.00
      0.0440         1.00
      0.0450         1.00
      0.0460         1.00
      0.0470         1.00
      0.0480         1.00
      0.0490         1.00
      0.0500         1.00
      0.0510         1.00
      0.0520         1.00
      0.0530         1.00
      0.0540         1.00
      0.0550         1.00
      0.0560         1.00
      0.0570         1.00
      0.0580         1.00
      0.0590         1.00
      0.0600         1.00
      0.0610         1.00
      0.0620         1.00
      0.0630         1.00
      0.0640         1.00
      0.0650         1.00
      0.0660         1.00
      0.0670         1.00
      0.0680         1.00
      0.0690         1.00
      0.0700         1.00
      0.0710         1.00
      0.0720         1.00
      0.0730         1.00
      0.0740         1.00
      0.0750         1.00
      0.0760         1.00
      0.0770         1.00
      0.0780         1.00
      0.0790         1.00
      0.0800         1.00
      0.0810         1.00
      0.0820         1.00
      0.0830         1.00
      0.0840         1.00
      0.0850         1.00
      0.0860         1.00
      0.0870         1.00
      0.0880         1.00
      0.0890         1.00
      0.0900         1.00
      0.0910         1.00
      0.0920         1.00
      0.0930         1.00
      0.0940         1.00
      0.0950         1.00
      0.0960         1.00
      0.0970         1.00
      0.0980         1.00
      0.0990         1.00
      0.1000         1.00
      0.1010         1.00
      0.1020         1.00
      0.1030         1.00
      0.1040         1.00
      0.1050         1.00
      0.1060         1.00
      0.1070         1.00
      0.1080         1.00
      0.1090         1.00
      0.1100         1.00
      0.1110         1.00
      0.1120         1.00
      0.1130         1.00
      0.1140         1.00
      0.1150         1.00
      0.1160         1.00
      0.1170         1.00
      0.1180         1.00
      0.1190         1.00
      0.1200         1.00
      0.1210         1.00
      0.1220         1.00
      0.1230         1.00
      0.1240         1.00
      0.1250         1.00
      0.1260         1.00
      0.1270         1.00
      0.1280         1.00
      0.1290         1.00
      0.1300         1.00
      0.1310         1.00
      0.1320         1.00
      0.1330         1.00
      0.1340         1.00
      0.1350         1.00
      0.1360         1.00
      0.1370         1.00
      0.1380         1.00
      0.1390         1.00
      0.1400         1.00
      0.1410         1.00
      0.1420         1.00
      0.1430         1.00
      0.1440         1.00
      0.1450         1.00
      0.1460         1.00
      0.1470         1.00
      0.1480         1.00
      0.1490         1.00
      0.1500         1.00
      0.1510         1.00
      0.1520         1.00
      0.1530         1.00
      0.1540         1.00
      0.1550         1.00
      0.1560         1.00
      0.1570         1.00
      0.1580         1.00
      0.1590         1.00
      0.1600         1.00
      0.1610         1.00
      0.1620         1.00
      0.1630         1.00
      0.1640         1.00
      0.1650         1.00
      0.1660         1.00
      0.1670         1.00
      0.1680         1.00
      0.1690         1.00
      0.1700         1.00
      0.1710         1.00
      0.1720         1.00
      0.1730         1.00
      0.1740         1.00
      0.1750         1.00
      0.1760         1.00
      0.1770         1.00
      0.1780         1.00
      0.1790         1.00
      0.1800         1.00
      0.1810         1.00
      0.1820         1.00
      0.1830         1.00
      0.1840         1.00
      0.1850         1.00
      0.1860         1.00
      0.1870         1.00
      0.1880         1.00
      0.1890         1.00
      0.1900         1.00
      0.1910         1.00
      0.1920         1.00
      0.1930         1.00
      0.1940         1.00
      0.1950         1.00
      0.1960         1.00
      0.1970         1.00
      0.1980         1.00
      0.1990         1.00
      0.2000         1.00
      0.2010         1.00
      0.2020         1.00
      0.2030         1.00
      0.2040         1.00
      0.2050         1.00
      0.2060         1.00
      0.2070         1.00
      0.2080         1.00
      0.2090         1.00
      0.2100         1.00
      0.2110         1.00
      0.2120         1.00
      0.2130         1.00
      0.2140         1.00
      0.2150         1.00
      0.2160         1.00
      0.2170         1.00
      0.2180         1.00
      0.2190         1.11
      0.2200         1.24
      0.2210         1.11
      0.2220         1.24
      0.2230         1.28
      0.2240         1.26
      0.2250         1.19
      0.2260         1.00
      0.2270         1.00
      0.2280         1.00
      0.2290         1.00
      0.2300         1.00
      0.2310         1.00
      0.2320         1.00
      0.2330         1.00
      0.2340         1.00
      0.2350         1.00
      0.2360         1.00
      0.2370         1.00
      0.2380         1.00
      0.2390         1.00
      0.2400         1.00
      0.2410         1.00
      0.2420         1.00
      0.2430         1.00
      0.2440         1.00
      0.2450         1.00
      0.2460         1.00
      0.2470         1.00
      0.2480         1.00
      0.2490         1.00
      0.2500         1.00
      0.2510         1.00
      0.2520         1.00
      0.2530         1.00
      0.2540         1.00
      0.2550         1.00
      0.2560         1.00
      0.2570         1.00
      0.2580         1.00
      0.2590         1.00
      0.2600         1.00
      0.2610         1.00
      0.2620         1.00
      0.2630         1.00
      0.2640         1.00
      0.2650         1.00
      0.2660         1.00
      0.2670         1.00
      0.2680         1.00
      0.2690         1.00
      0.2700         1.00
      0.2710         1.00
      0.2720         1.00
      0.2730         1.00
      0.2740         1.00
      0.2750         1.00
      0.2760         1.00
      0.2770         1.00
      0.2780         1.00
      0.2790         1.00
      0.2800         1.00
      0.2810         1.00
      0.2820         1.00
      0.2830         1.00
      0.2840         1.00
      0.2850         1.00
      0.2860         1.00
      0.2870         1.00
      0.2880         1.00
      0.2890         1.00
      0.2900         1.00
      0.2910         1.00
      0.2920         1.00
      0.2930         1.00
      0.2940         1.00
      0.2950         1.00
      0.2960         1.00
      0.2970         1.00
      0.2980         1.00
      0.2990         1.00
      0.3000         1.00
      0.3010         1.00
      0.3020         1.00
      0.3030         1.00
      0.3040         1.00
      0.3050         1.00
      0.3060         1.00
      0.3070         1.00
      0.3080         1.00
      0.3090         1.00
      0.3100         1.00
      0.3110         1.00
      0.3120         1.00
      0.3130         1.00
      0.3140         1.00
      0.3150         1.00
      0.3160         1.00
      0.3170         1.00
      0.3180         1.00
      0.3190         1.00
      0.3200         1.00
      0.3210         1.00
      0.3220         1.00
      0.3230         1.00
      0.3240         1.00
      0.3250         1.00
      0.3260         1.00
      0.3270         1.00
      0.3280         1.00
      0.3290         1.00
      0.3300         1.00
      0.3310         1.00
      0.3320         1.00
      0.3330         1.00
      0.3340         1.00
      0.3350         1.00
      0.3360         1.00
      0.3370         1.00
      0.3380         1.00
      0.3390         1.00
      0.3400         1.00
      0.3410         1.00
      0.3420         1.00
      0.3430         1.00
      0.3440         1.00
      0.3450         1.00
      0.3460         1.00
      0.3470         1.00
      0.3480         1.00
      0.3490         1.00
      0.3500         1.00
      0.3510         1.00
      0.3520         1.00
      0.3530         1.00
      0.3540         1.00
      0.3550         1.00
      0.3560         1.00
      0.3570         1.00
      0.3580         1.00
      0.3590         1.00
      0.3600         1.00
      0.3610         1.00
      0.3620         1.00
      0.3630         1.00
      0.3640         1.00
      0.3650         1.00
      0.3660         1.00
      0.3670         1.00
      0.3680         1.00
      0.3690         1.00
      0.3700         1.00
      0.3710         1.00
      0.3720         1.00
      0.3730         1.00
      0.3740         1.00
      0.3750         1.00
      0.3760         1.00
      0.3770         1.00
      0.3780         1.00
      0.3790         1.00
      0.3800         1.00
      0.3810         1.00
      0.3820         1.00
      0.3830         1.00
      0.3840         1.00
      0.3850         1.00
      0.3860         1.00
      0.3870         1.00
      0.3880         1.00
      0.3890         1.00
      0.3900         1.00
      0.3910         1.00
      0.3920         1.00
      0.3930         1.00
      0.3940         1.00
      0.3950         1.00
      0.3960         1.00
      0.3970         1.00
      0.3980         1.00
      0.3990         1.00
      0.4000         1.00
      0.4010         1.00
      0.4020         1.00
      0.4030         1.00
      0.4040         1.00
      0.4050         1.00
      0.4060         1.00
      0.4070         1.00
      0.4080         1.00
      0.4090         1.00
      0.4100         1.00
      0.4110         1.00
      0.4120         1.00
      0.4130         1.00
      0.4140         1.00
      0.4150         1.00
      0.4160         1.00
      0.4170         1.00
      0.4180         1.00
      0.4190         1.00
      0.4200         1.00
      0.4210         1.00
      0.4220         1.00
      0.4230         1.00
      0.4240         1.00
      0.4250         1.00
      0.4260         1.00
      0.4270         1.00
      0.4280         1.00
      0.4290         1.00
      0.4300         1.00
      0.4310         1.00
      0.4320         1.00
      0.4330         1.00
      0.4340         1.00
      0.4350         1.00
      0.4360         1.00
      0.4370         1.00
      0.4380         1.00
      0.4390         1.00
      0.4400         1.00
      0.4410         1.00
      0.4420         1.00
      0.4430         1.00
      0.4440         1.00
      0.4450         1.00
      0.4460         1.00
      0.4470         1.00
      0.4480         1.00
      0.4490         1.00
      0.4500         1.00
      0.4510         1.00
      0.4520         1.00
      0.4530         1.00
      0.4540         1.00
      0.4550         1.00
      0.4560         1.00
      0.4570         1.00
      0.4580         1.00
      0.4590         1.00
      0.4600         1.00
      0.4610         1.00
      0.4620         1.00
      0.4630         1.00
      0.4640         1.07
      0.4650         1.67
      0.4660         1.04
      0.4670         1.03
      0.4680         1.00
      0.4690         1.00
      0.4700         1.00
      0.4710         1.00
      0.4720         1.00
      0.4730         1.00
      0.4740         1.00
      0.4750         1.00
      0.4760         1.00
      0.4770         1.00
      0.4780         1.00
      0.4790         1.00
      0.4800         1.00
      0.4810         1.00
      0.4820         1.00
      0.4830         1.00
      0.4840         1.00
      0.4850         1.00
      0.4860         1.00
      0.4870         1.00
      0.4880         1.00
      0.4890         1.00
      0.4900         1.00
      0.4910         1.00
      0.4920         1.00
      0.4930         1.00
      0.4940         1.00
      0.4950         1.00
      0.4960         1.00
      0.4970         1.00
      0.4980         1.00
      0.4990         1.00
      0.5000         1.00
      0.5010         1.00
      0.5020         1.00
      0.5030         1.01
      0.5040         1.00
      0.5050         1.00
      0.5060         1.00
      0.5070         1.00
      0.5080         1.00
      0.5090         1.00
      0.5100         1.00
      0.5110         1.00
      0.5120         1.00
      0.5130         1.00
      0.5140         1.00
      0.5150         1.00
      0.5160         1.00
      0.5170         1.00
      0.5180         1.00
      0.5190         1.00
      0.5200         1.00
      0.5210         1.00
      0.5220         1.00
      0.5230         1.00
      0.5240         1.00
      0.5250         1.00
      0.5260         1.00
      0.5270         1.00
      0.5280         1.00
      0.5290         1.00
      0.5300         1.00
      0.5310         1.00
      0.5320         1.00
      0.5330         1.00
      0.5340         1.00
      0.5350         1.00
      0.5360         1.00
      0.5370         1.00
      0.5380         1.00
      0.5390         1.00
      0.5400         1.00
      0.5410         1.00
      0.5420         1.00
      0.5430         1.00
      0.5440         1.16
      0.5450         1.13
      0.5460         1.00
      0.5470         1.09
      0.5480         1.00
      0.5490         1.00
      0.5500         1.00
      0.5510         1.00
      0.5520         1.00
      0.5530         1.00
      0.5540         1.00
      0.5550         1.00
      0.5560         1.00
      0.5570         1.00
      0.5580         1.00
      0.5590         1.00
      0.5600         1.00
      0.5610         1.00
      0.5620         1.00
      0.5630         1.00
      0.5640         1.00
      0.5650         1.00
      0.5660         1.00
      0.5670         1.00
      0.5680         1.00
      0.5690         1.00
      0.5700         1.00
      0.5710         1.00
      0.5720         1.00
      0.5730         1.00
      0.5740         1.00
      0.5750         1.00
      0.5760         1.00
      0.5770         1.00
      0.5780         1.00
      0.5790         1.00
      0.5800         1.00
      0.5810         1.00
      0.5820         1.00
      0.5830         1.00
      0.5840         1.00
      0.5850         1.00
      0.5860         1.00
      0.5870         1.00
      0.5880         1.00
      0.5890         1.00
      0.5900         1.00
      0.5910         1.00
      0.5920         1.00
      0.5930         1.00
      0.5940         1.00
      0.5950         1.00
      0.5960         1.00
      0.5970         1.00
      0.5980         1.00
      0.5990         1.00
      0.6000         1.00
      0.6010         1.00
      0.6020         1.00
      0.6030         1.00
      0.6040         1.00
      0.6050         1.00
      0.6060         1.00
      0.6070         1.00
      0.6080         1.00
      0.6090         1.00
      0.6100         1.00
      0.6110         1.00
      0.6120         1.00
      0.6130         1.00
      0.6140         1.00
      0.6150         1.00
      0.6160         1.00
      0.6170         1.00
      0.6180         1.00
      0.6190         1.00
      0.6200         1.00
      0.6210         1.00
      0.6220         1.00
      0.6230         1.00
      0.6240         1.00
      0.6250         1.00
      0.6260         1.00
      0.6270         1.00
      0.6280         1.00
      0.6290         1.00
      0.6300         1.00
      0.6310         1.10
      0.6320         1.04
      0.6330         1.08
      0.6340         1.00
      0.6350         1.00
      0.6360         1.00
      0.6370         1.00
      0.6380         1.00
      0.6390         1.00
      0.6400         1.00
      0.6410         1.00
      0.6420         1.00
      0.6430         1.00
      0.6440         1.00
      0.6450         1.00
      0.6460         1.00
      0.6470         1.00
      0.6480         1.00
      0.6490         1.00
      0.6500         1.00
      0.6510         1.00
      0.6520         1.00
      0.6530         1.00
      0.6540         1.00
      0.6550         1.00
      0.6560         1.00
      0.6570         1.00
      0.6580         1.00
      0.6590         1.00
      0.6600         1.00
      0.6610         1.00
      0.6620         1.00
      0.6630         1.00
      0.6640         1.00
      0.6650         1.00
      0.6660         1.00
      0.6670         1.00
      0.6680         1.00
      0.6690         1.00
      0.6700         1.00
      0.6710         1.00
      0.6720         1.00
      0.6730         1.00
      0.6740         1.00
      0.6750         1.00
      0.6760         1.00
      0.6770         1.00
      0.6780         1.00
      0.6790         1.00
      0.6800         1.00
      0.6810         1.00
      0.6820         1.00
      0.6830         1.00
      0.6840         1.00
      0.6850         1.00
      0.6860         1.00
      0.6870         1.00
      0.6880         1.00
      0.6890         1.00
      0.6900         1.00
      0.6910         1.00
      0.6920         1.00
      0.6930         1.00
      0.6940         1.00
      0.6950         1.00
      0.6960         1.00
      0.6970         1.00
      0.6980         1.00
      0.6990         1.00
      0.7000         1.00
      0.7010         1.00
      0.7020         1.00
      0.7030         1.00
      0.7040         1.00
      0.7050         1.00
      0.7060         1.00
      0.7070         1.00
      0.7080         1.00
      0.7090         1.00
      0.7100         1.00
      0.7110         1.00
      0.7120         1.00
      0.7130         1.00
      0.7140         1.00
      0.7150         1.00
      0.7160         1.00
      0.7170         1.00
      0.7180         1.00
      0.7190         1.00
      0.7200         1.00
      0.7210         1.00
      0.7220         1.00
      0.7230         1.00
      0.7240         1.00
      0.7250         1.00
      0.7260         1.00
      0.7270         1.00
      0.7280         1.00
      0.7290         1.00
      0.7300         1.00
      0.7310         1.00
      0.7320         1.00
      0.7330         1.00
      0.7340         1.00
      0.7350         1.00
      0.7360         1.00
      0.7370         1.00
      0.7380         1.00
      0.7390         1.00
      0.7400         1.00
      0.7410         1.00
      0.7420         1.00
      0.7430         1.00
      0.7440         1.00
      0.7450         1.00
      0.7460         1.00
      0.7470         1.00
      0.7480         1.00
      0.7490         1.00
      0.7500         1.00
      0.7510         1.00
      0.7520         1.00
      0.7530         1.00
      0.7540         1.00
      0.7550         1.00
      0.7560         1.00
      0.7570         1.00
      0.7580         1.00
      0.7590         1.00
      0.7600         1.00
      0.7610         1.00
      0.7620         1.00
      0.7630         1.00
      0.7640         1.00
      0.7650         1.00
      0.7660         1.00
      0.7670         1.00
      0.7680         1.00
      0.7690         1.00
      0.7700         1.00
      0.7710         1.00
      0.7720         1.00
      0.7730         1.00
      0.7740         1.00
      0.7750         1.00
      0.7760         1.00
      0.7770         1.00
      0.7780         1.00
      0.7790         1.00
      0.7800         1.00
      0.7810         1.00
      0.7820         1.00
      0.7830         1.00
      0.7840         1.00
      0.7850         1.00
      0.7860         1.00
      0.7870         1.00
      0.7880         1.00
      0.7890         1.00
      0.7900         1.00
      0.7910         1.00
      0.7920         1.00
      0.7930         1.00
      0.7940         1.00
      0.7950         1.00
      0.7960         1.00
      0.7970         1.00
      0.7980         1.00
      0.7990         1.00
      0.8000         1.00
      0.8010         1.00
      0.8020         1.00
      0.8030         1.00
      0.8040         1.00
      0.8050         1.00
      0.8060         1.00
      0.8070         1.00
      0.8080         1.00
      0.8090         1.00
      0.8100         1.00
      0.8110         1.00
      0.8120         1.00
      0.8130         1.00
      0.8140         1.00
      0.8150         1.00
      0.8160         1.00
      0.8170         1.00
      0.8180         1.00
      0.8190         1.00
      0.8200         1.00
      0.8210         1.00
      0.8220         1.00
      0.8230         1.00
      0.8240         1.00
      0.8250         1.00
      0.8260         1.00
      0.8270         1.00
      0.8280         1.00
      0.8290         1.00
      0.8300         1.00
      0.8310         1.00
      0.8320         1.00
      0.8330         1.00
      0.8340         1.00
      0.8350         1.00
      0.8360         1.11
      0.8370         1.00
      0.8380         1.13
      0.8390         1.00
      0.8400         1.00
      0.8410         1.00
      0.8420         1.00
      0.8430         1.00
      0.8440         1.00
      0.8450         1.00
      0.8460         1.00
      0.8470         1.00
      0.8480         1.00
      0.8490         1.00
      0.8500         1.00
      0.8510         1.00
      0.8520         1.00
      0.8530         1.00
      0.8540         1.00
      0.8550         1.00
      0.8560         1.00
      0.8570         1.00
      0.8580         1.00
      0.8590         1.00
      0.8600         1.00
      0.8610         1.00
      0.8620         1.00
      0.8630         1.10
      0.8640         1.20
      0.8650         1.24
      0.8660         1.21
      0.8670         1.27
      0.8680         1.35
      0.8690         1.32
      0.8700         1.37
      0.8710         1.46
      0.8720         1.56
      0.8730         1.60
      0.8740         1.59
      0.8750         1.67
      0.8760         1.61
      0.8770         2.17
      0.8780         2.79
      0.8790         3.06
      0.8800         3.12
      0.8810         3.13
      0.8820         3.22
      0.8830         2.75
      0.8840         2.61
      0.8850         2.58
      0.8860         2.51
      0.8870         1.92
      0.8880         1.75
      0.8890         1.73
      0.8900         1.73
      0.8910         1.60
      0.8920         1.64
      0.8930         1.62
      0.8940         1.50
      0.8950         1.42
      0.8960         1.00
      0.8970         1.00
      0.8980         1.00
      0.8990         1.27
      0.9000         1.00
      0.9010         1.00
      0.9020         1.00
      0.9030         1.00
      0.9040         1.00
      0.9050         1.00
      0.9060         1.30
      0.9070         1.82
      0.9080         1.46
      0.9090         1.53
      0.9100         1.56
      0.9110         1.70
      0.9120         1.79
      0.9130         1.88
      0.9140         1.99
      0.9150         2.12
      0.9160         2.10
      0.9170         2.63
      0.9180         2.72
      0.9190         2.80
      0.9200         2.89
      0.9210         3.06
      0.9220         3.09
      0.9230         2.94
      0.9240         2.95
      0.9250         2.94
      0.9260         2.78
      0.9270         2.79
      0.9280         2.81
      0.9290         2.80
      0.9300         2.80
      0.9310         2.70
      0.9320         2.74
      0.9330         2.72
      0.9340         2.66
      0.9350         2.63
      0.9360         2.64
      0.9370         2.72
      0.9380         2.86
      0.9390         2.77
      0.9400         2.72
      0.9410         2.67
      0.9420         2.18
      0.9430         2.28
      0.9440         2.34
      0.9450         2.56
      0.9460         3.30
      0.9470         3.38
      0.9480         3.48
      0.9490         3.65
      0.9500         3.75
      0.9510         3.94
      0.9520         4.04
      0.9530         4.09
      0.9540         4.13
      0.9550         4.27
      0.9560         4.31
      0.9570         4.43
      0.9580         4.48
      0.9590         4.55
      0.9600         4.56
      0.9610         4.64
      0.9620         4.71
      0.9630         4.75
      0.9640         4.76
      0.9650         4.80
      0.9660         4.68
      0.9670         4.64
      0.9680         4.62
      0.9690         4.56
      0.9700         4.63
      0.9710         4.62
      0.9720         4.50
      0.9730         4.53
      0.9740         4.51
      0.9750         4.42
      0.9760         4.46
      0.9770         4.46
      0.9780         4.35
      0.9790         4.29
      0.9800         4.28
      0.9810         4.20
      0.9820         4.16
      0.9830         4.15
      0.9840         4.20
      0.9850         4.16
      0.9860         4.22
      0.9870         4.81
      0.9880         4.96
      0.9890         5.07
      0.9900         5.11
      0.9910         5.11
      0.9920         5.25
      0.9930         5.24
      0.9940         5.29
      0.9950         5.52
      0.9960         5.52
      0.9970         5.52
      0.9980         5.75
      0.9990         5.99
      1.0000         5.94
      1.0010         6.02
      1.0020         6.05
      1.0030         5.99
      1.0040         6.07
      1.0050         5.99
      1.0060         5.58
      1.0070         5.65
      1.0080         5.62
      1.0090         5.58
      1.0100         5.41
      1.0110         5.43
      1.0120         5.26
      1.0130         5.25
      1.0140         5.24
      1.0150         5.16
      1.0160         5.12
      1.0170         5.15
      1.0180         5.19
      1.0190         5.14
      1.0200         5.36
      1.0210         5.55
      1.0220         5.59
      1.0230         5.70
      1.0240         5.69
      1.0250         5.72
      1.0260         5.69
      1.0270         5.76
      1.0280         5.80
      1.0290         5.94
      1.0300         6.18
      1.0310         6.25
      1.0320         6.35
      1.0330         6.46
      1.0340         6.52
      1.0350         6.57
      1.0360         6.74
      1.0370         6.71
      1.0380         6.79
      1.0390         6.91
      1.0400         6.93
      1.0410         6.89
      1.0420         6.97
      1.0430         7.10
      1.0440         7.18
      1.0450         7.09
      1.0460         7.15
      1.0470         7.15
      1.0480         7.24
      1.0490         7.24
      1.0500         7.31
      1.0510         7.36
      1.0520         7.50
      1.0530         7.63
      1.0540         7.79
      1.0550         7.78
      1.0560         7.76
      1.0570         7.86
      1.0580         7.74
      1.0590         7.73
      1.0600         7.75
      1.0610         7.82
      1.0620         7.88
      1.0630         7.96
      1.0640         7.97
      1.0650         8.19
      1.0660         8.22
      1.0670         8.38
      1.0680         8.50
      1.0690         8.59
      1.0700         8.59
      1.0710         8.61
      1.0720         8.65
      1.0730         8.66
      1.0740         8.68
      1.0750         8.81
      1.0760         8.96
      1.0770         8.95
      1.0780         9.11
      1.0790         9.22
      1.0800         9.32
      1.0810         9.82
      1.0820         9.74
      1.0830         9.78
      1.0840         9.86
      1.0850         9.80
      1.0860         9.80
      1.0870         9.85
      1.0880         9.79
      1.0890         9.85
      1.0900         9.87
      1.0910         9.24
      1.0920         9.71
      1.0930         9.08
      1.0940         9.13
      1.0950         9.19
      1.0960         9.69
      1.0970         9.76
      1.0980         9.77
      1.0990         9.76
      1.1000         9.49
      1.1010         9.49
      1.1020         9.09
      1.1030         9.63
      1.1040         9.74
      1.1050         9.83
      1.1060         9.94
      1.1070         9.97
      1.1080        10.07
      1.1090        10.13
      1.1100        10.26
      1.1110        10.56
      1.1120        10.65
      1.1130        10.95
      1.1140        11.12
      1.1150        11.22
      1.1160        11.12
      1.1170        11.26
      1.1180        10.81
      1.1190        11.41
      1.1200        11.01
      1.1210        11.08
      1.1220        11.71
      1.1230        11.74
      1.1240        11.24
      1.1250        11.77
      1.1260        11.83
      1.1270        11.81
      1.1280        11.20
      1.1290        11.76
      1.1300        11.22
      1.1310        11.16
      1.1320        11.19
      1.1330        11.12
      1.1340        11.04
      1.1350        10.86
      1.1360        11.03
      1.1370        10.99
      1.1380        10.91
      1.1390        10.93
      1.1400        11.17
      1.1410        11.12
      1.1420        11.08
      1.1430        11.16
      1.1440        11.71
      1.1450        11.27
      1.1460        11.27
      1.1470        11.37
      1.1480        11.41
      1.1490        11.41
      1.1500        12.01
      1.1510        12.10
      1.1520        12.18
      1.1530        12.27
      1.1540        12.51
      1.1550        12.76
      1.1560        12.91
      1.1570        12.93
      1.1580        12.51
      1.1590        13.02
      1.1600        13.11
      1.1610        13.22
      1.1620        13.30
      1.1630        13.27
      1.1640        12.89
      1.1650        13.60
      1.1660        13.74
      1.1670        13.61
      1.1680        13.34
      1.1690        13.32
      1.1700        13.26
      1.1710        13.23
      1.1720        13.29
      1.1730        13.77
      1.1740        13.66
      1.1750        13.58
      1.1760        13.46
      1.1770        13.54
      1.1780        13.64
      1.1790        13.69
      1.1800        13.57
      1.1810        13.61
      1.1820        13.77
      1.1830        13.92
      1.1840        13.84
      1.1850        13.85
      1.1860        13.80
      1.1870        13.95
      1.1880        13.82
      1.1890        14.10
      1.1900        14.26
      1.1910        14.37
      1.1920        14.36
      1.1930        14.46
      1.1940        14.57
      1.1950        14.53
      1.1960        14.65
      1.1970        14.83
      1.1980        15.01
      1.1990        15.27
      1.2000        15.44
      1.2010        15.47
      1.2020        15.38
      1.2030        15.40
      1.2040        15.52
      1.2050        15.49
      1.2060        15.55
      1.2070        15.47
      1.2080        15.67
      1.2090        15.44
      1.2100        15.37
      1.2110        15.36
      1.2120        15.34
      1.2130        15.32
      1.2140        15.24
      1.2150        15.40
      1.2160        15.24
      1.2170        15.15
      1.2180        15.00
      1.2190        14.34
      1.2200        14.72
      1.2210        14.76
      1.2220        14.31
      1.2230        14.28
      1.2240        14.81
      1.2250        14.73
      1.2260        14.66
      1.2270        14.76
      1.2280        14.76
      1.2290        14.84
      1.2300        14.95
      1.2310        14.92
      1.2320        15.02
      1.2330        15.06
      1.2340        15.19
      1.2350        15.11
      1.2360        15.31
      1.2370        15.39
      1.2380        15.51
      1.2390        15.65
      1.2400        15.79
      1.2410        15.81
      1.2420        15.84
      1.2430        15.89
      1.2440        15.92
      1.2450        16.09
      1.2460        16.23
      1.2470        16.32
      1.2480        16.25
      1.2490        16.43
      1.2500        16.38
      1.2510        16.58
      1.2520        16.66
      1.2530        16.54
      1.2540        16.58
      1.2550        16.62
      1.2560        16.58
      1.2570        16.55
      1.2580        16.42
      1.2590        16.31
      1.2600        16.33
      1.2610        16.26
      1.2620        16.34
      1.2630        16.30
      1.2640        16.24
      1.2650        16.06
      1.2660        16.05
      1.2670        15.51
      1.2680        16.12
      1.2690        15.51
      1.2700        15.47
      1.2710        15.29
      1.2720        15.30
      1.2730        15.39
      1.2740        15.30
      1.2750        15.56
      1.2760        15.61
      1.2770        15.63
      1.2780        16.21
      1.2790        16.36
      1.2800        16.33
      1.2810        16.57
      1.2820        16.64
      1.2830        16.76
      1.2840        16.88
      1.2850        17.00
      1.2860        16.99
      1.2870        17.09
      1.2880        17.11
      1.2890        17.15
      1.2900        17.28
      1.2910        17.42
      1.2920        17.56
      1.2930        17.53
      1.2940        17.66
      1.2950        17.54
      1.2960        17.48
      1.2970        17.55
      1.2980        17.65
      1.2990        17.61
      1.3000        17.46
      1.3010        17.34
      1.3020        17.29
      1.3030        17.25
      1.3040        17.13
      1.3050        17.15
      1.3060        17.18
      1.3070        17.17
      1.3080        17.12
      1.3090        17.16
      1.3100        17.21
      1.3110        17.26
      1.3120        17.06
      1.3130        17.16
      1.3140        17.10
      1.3150        17.09
      1.3160        17.20
      1.3170        17.21
      1.3180        17.14
      1.3190        17.03
      1.3200        17.05
      1.3210        17.12
      1.3220        17.09
      1.3230        17.14
      1.3240        17.17
      1.3250        17.20
      1.3260        17.36
      1.3270        17.38
      1.3280        17.48
      1.3290        17.73
      1.3300        17.69
      1.3310        17.72
      1.3320        17.80
      1.3330        17.72
      1.3340        17.83
      1.3350        17.92
      1.3360        17.88
      1.3370        17.89
      1.3380        17.91
      1.3390        17.98
      1.3400        18.06
      1.3410        17.96
      1.3420        17.98
      1.3430        17.96
      1.3440        17.96
      1.3450        17.94
      1.3460        17.80
      1.3470        17.84
      1.3480        17.76
      1.3490        17.64
      1.3500        17.64
      1.3510        17.15
      1.3520        17.05
      1.3530        17.07
      1.3540        17.19
      1.3550        17.15
      1.3560        17.17
      1.3570        17.11
      1.3580        17.12
      1.3590        17.30
      1.3600        17.32
      1.3610        17.40
      1.3620        17.97
      1.3630        18.04
      1.3640        18.28
      1.3650        18.37
      1.3660        18.60
      1.3670        18.48
      1.3680        18.51
      1.3690        18.44
      1.3700        18.54
      1.3710        18.55
      1.3720        18.70
      1.3730        18.87
      1.3740        18.74
      1.3750        18.80
      1.3760        18.87
      1.3770        18.91
      1.3780        18.79
      1.3790        18.74
      1.3800        18.74
      1.3810        18.69
      1.3820        18.63
      1.3830        18.59
      1.3840        18.42
      1.3850        18.40
      1.3860        18.24
      1.3870        18.30
      1.3880        18.37
      1.3890        18.49
      1.3900        18.52
      1.3910        18.53
      1.3920        18.56
      1.3930        18.49
      1.3940        18.56
      1.3950        18.48
      1.3960        18.40
      1.3970        18.53
      1.3980        18.69
      1.3990        18.85
      1.4000        18.91
      1.4010        19.00
      1.4020        19.12
      1.4030        19.07
      1.4040        19.19
      1.4050        19.19
      1.4060        19.41
      1.4070        19.31
      1.4080        19.28
      1.4090        19.22
      1.4100        19.38
      1.4110        19.46
      1.4120        19.54
      1.4130        19.65
      1.4140        19.61
      1.4150        19.88
      1.4160        19.89
      1.4170        19.80
      1.4180        19.80
      1.4190        19.61
      1.4200        19.59
      1.4210        19.51
      1.4220        19.47
      1.4230        19.44
      1.4240        19.37
      1.4250        19.22
      1.4260        19.05
      1.4270        19.09
      1.4280        19.05
      1.4290        19.05
      1.4300        18.75
      1.4310        18.62
      1.4320        18.58
      1.4330        18.54
      1.4340        18.06
      1.4350        17.96
      1.4360        17.97
      1.4370        18.20
      1.4380        18.12
      1.4390        18.14
      1.4400        18.09
      1.4410        18.26
      1.4420        18.28
      1.4430        18.35
      1.4440        18.95
      1.4450        19.18
      1.4460        19.33
      1.4470        19.47
      1.4480        19.65
      1.4490        19.68
      1.4500        19.89
      1.4510        20.09
      1.4520        20.03
      1.4530        19.96
      1.4540        20.20
      1.4550        20.25
      1.4560        20.41
      1.4570        20.25
      1.4580        20.41
      1.4590        20.52
      1.4600        20.51
      1.4610        20.42
      1.4620        20.31
      1.4630        20.31
      1.4640        20.24
      1.4650        20.18
      1.4660        20.11
      1.4670        20.18
      1.4680        20.08
      1.4690        20.15
      1.4700        20.00
      1.4710        19.93
      1.4720        20.03
      1.4730        20.13
      1.4740        19.92
      1.4750        19.80
      1.4760        19.73
      1.4770        19.85
      1.4780        19.80
      1.4790        19.73
      1.4800        19.89
      1.4810        19.87
      1.4820        20.05
      1.4830        20.08
      1.4840        20.25
      1.4850        20.32
      1.4860        20.31
      1.4870        20.48
      1.4880        20.51
      1.4890        20.55
      1.4900        20.58
      1.4910        20.77
      1.4920        20.78
      1.4930        20.75
      1.4940        20.88
      1.4950        21.04
      1.4960        21.19
      1.4970        21.05
      1.4980        20.96
      1.4990        21.03
      1.5000        20.90
      1.5010        20.92
      1.5020        20.90
      1.5030        20.85
      1.5040        20.76
      1.5050        20.92
      1.5060        20.88
      1.5070        20.61
      1.5080        20.69
      1.5090        20.52
      1.5100        20.56
      1.5110        19.87
      1.5120        19.86
      1.5130        19.75
      1.5140        19.60
      1.5150        19.50
      1.5160        19.41
      1.5170        19.50
      1.5180        19.52
      1.5190        20.00
      1.5200        20.09
      1.5210        20.10
      1.5220        20.09
      1.5230        20.05
      1.5240        20.18
      1.5250        20.13
      1.5260        20.30
      1.5270        20.50
      1.5280        20.39
      1.5290        20.56
      1.5300        20.65
      1.5310        20.89
      1.5320        20.88
      1.5330        21.13
      1.5340        21.19
      1.5350        21.23
      1.5360        21.20
      1.5370        21.25
      1.5380        21.25
      1.5390        21.07
      1.5400        21.00
      1.5410        21.09
      1.5420        21.11
      1.5430        21.12
      1.5440        20.87
      1.5450        20.73
      1.5460        20.73
      1.5470        20.64
      1.5480        20.69
      1.5490        20.64
      1.5500        20.41
      1.5510        20.27
      1.5520        20.25
      1.5530        20.04
      1.5540        20.07
      1.5550        19.96
      1.5560        19.86
      1.5570        19.70
      1.5580        19.63
      1.5590        19.66
      1.5600        19.67
      1.5610        19.49
      1.5620        19.36
      1.5630        19.42
      1.5640        19.58
      1.5650        19.56
      1.5660        19.59
      1.5670        19.62
      1.5680        19.75
      1.5690        19.88
      1.5700        20.21
      1.5710        20.28
      1.5720        20.38
      1.5730        20.44
      1.5740        20.50
      1.5750        20.65
      1.5760        20.86
      1.5770        20.99
      1.5780        21.13
      1.5790        21.16
      1.5800        21.19
      1.5810        21.25
      1.5820        21.34
      1.5830        21.29
      1.5840        21.25
      1.5850        21.12
      1.5860        20.91
      1.5870        20.86
      1.5880        20.79
      1.5890        20.73
      1.5900        20.62
      1.5910        20.61
      1.5920        20.46
      1.5930        20.37
      1.5940        20.18
      1.5950        20.13
      1.5960        19.99
      1.5970        19.84
      1.5980        19.87
      1.5990        19.83
      1.6000        19.72
      1.6010        19.67
      1.6020        19.65
      1.6030        19.76
      1.6040        19.71
      1.6050        19.94
      1.6060        19.92
      1.6070        19.94
      1.6080        19.94
      1.6090        19.99
      1.6100        19.94
      1.6110        20.05
      1.6120        20.11
      1.6130        20.23
      1.6140        20.38
      1.6150        20.46
      1.6160        20.54
      1.6170        20.56
      1.6180        20.37
      1.6190        20.35
      1.6200        20.53
      1.6210        20.66
      1.6220        20.74
      1.6230        20.69
      1.6240        20.85
      1.6250        20.74
      1.6260        20.73
      1.6270        20.69
      1.6280        20.51
      1.6290        20.43
      1.6300        20.45
      1.6310        20.25
      1.6320        20.17
      1.6330        20.10
      1.6340        19.61
      1.6350        19.45
      1.6360        19.86
      1.6370        19.87
      1.6380        19.91
      1.6390        20.02
      1.6400        19.84
      1.6410        19.67
      1.6420        19.51
      1.6430        19.54
      1.6440        19.36
      1.6450        19.48
      1.6460        19.65
      1.6470        19.64
      1.6480        19.89
      1.6490        19.80
      1.6500        19.79
      1.6510        19.89
      1.6520        19.89
      1.6530        19.89
      1.6540        19.88
      1.6550        20.08
      1.6560        20.14
      1.6570        20.17
      1.6580        20.34
      1.6590        20.44
      1.6600        20.52
      1.6610        20.66
      1.6620        20.80
      1.6630        20.70
      1.6640        20.83
      1.6650        20.76
      1.6660        20.76
      1.6670        20.66
      1.6680        20.52
      1.6690        20.38
      1.6700        20.24
      1.6710        20.15
      1.6720        20.14
      1.6730        20.10
      1.6740        20.02
      1.6750        20.01
      1.6760        19.89
      1.6770        19.85
      1.6780        19.70
      1.6790        19.51
      1.6800        19.46
      1.6810        19.47
      1.6820        19.47
      1.6830        19.47
      1.6840        19.34
      1.6850        19.21
      1.6860        19.14
      1.6870        19.30
      1.6880        19.23
      1.6890        19.49
      1.6900        19.57
      1.6910        19.60
      1.6920        19.73
      1.6930        19.84
      1.6940        20.03
      1.6950        19.92
      1.6960        19.95
      1.6970        19.91
      1.6980        20.03
      1.6990        20.11
      1.7000        20.15
      1.7010        20.04
      1.7020        19.85
      1.7030        19.77
      1.7040        19.91
      1.7050        20.03
      1.7060        20.00
      1.7070        20.00
      1.7080        20.07
      1.7090        19.97
      1.7100        19.86
      1.7110        19.85
      1.7120        19.81
      1.7130        19.66
      1.7140        19.45
      1.7150        19.53
      1.7160        19.34
      1.7170        19.38
      1.7180        19.22
      1.7190        19.08
      1.7200        19.02
      1.7210        18.99
      1.7220        19.06
      1.7230        19.10
      1.7240        18.93
      1.7250        18.77
      1.7260        18.67
      1.7270        18.75
      1.7280        18.76
      1.7290        18.82
      1.7300        18.99
      1.7310        18.91
      1.7320        18.80
      1.7330        18.90
      1.7340        19.02
      1.7350        18.88
      1.7360        19.02
      1.7370        18.94
      1.7380        19.06
      1.7390        19.11
      1.7400        19.17
      1.7410        19.26
      1.7420        19.30
      1.7430        19.31
      1.7440        19.35
      1.7450        19.42
      1.7460        19.61
      1.7470        19.37
      1.7480        19.29
      1.7490        18.70
      1.7500        19.20
      1.7510        19.31
      1.7520        19.35
      1.7530        19.28
      1.7540        19.23
      1.7550        19.26
      1.7560        19.27
      1.7570        19.39
      1.7580        19.11
      1.7590        18.64
      1.7600        18.54
      1.7610        18.42
      1.7620        18.35
      1.7630        18.26
      1.7640        18.21
      1.7650        18.15
      1.7660        17.95
      1.7670        17.95
      1.7680        17.87
      1.7690        17.87
      1.7700        17.78
      1.7710        17.82
      1.7720        17.91
      1.7730        17.95
      1.7740        18.50
      1.7750        18.55
      1.7760        18.51
      1.7770        18.43
      1.7780        18.58
      1.7790        18.60
      1.7800        18.80
      1.7810        18.84
      1.7820        19.09
      1.7830        19.11
      1.7840        19.15
      1.7850        19.23
      1.7860        19.38
      1.7870        19.44
      1.7880        19.46
      1.7890        19.55
      1.7900        19.61
      1.7910        19.49
      1.7920        19.32
      1.7930        19.16
      1.7940        18.93
      1.7950        18.79
      1.7960        18.91
      1.7970        18.98
      1.7980        18.96
      1.7990        19.08
      1.8000        19.08
      1.8010        19.19
      1.8020        18.92
      1.8030        18.95
      1.8040        19.09
      1.8050        19.16
      1.8060        19.04
      1.8070        18.98
      1.8080        18.89
      1.8090        18.81
      1.8100        18.66
      1.8110        18.64
      1.8120        18.58
      1.8130        18.64
      1.8140        18.77
      1.8150        18.88
      1.8160        18.88
      1.8170        18.87
      1.8180        18.94
      1.8190        18.80
      1.8200        18.82
      1.8210        18.96
      1.8220        18.96
      1.8230        19.03
      1.8240        18.89
      1.8250        18.93
      1.8260        19.16
      1.8270        19.15
      1.8280        19.22
      1.8290        19.18
      1.8300        19.23
      1.8310        19.32
      1.8320        19.40
      1.8330        19.43
      1.8340        19.35
      1.8350        19.35
      1.8360        19.36
      1.8370        19.33
      1.8380        19.17
      1.8390        19.20
      1.8400        19.01
      1.8410        18.82
      1.8420        18.77
      1.8430        18.48
      1.8440        18.50
      1.8450        18.38
      1.8460        18.15
      1.8470        18.24
      1.8480        18.34
      1.8490        18.24
      1.8500        18.19
      1.8510        17.88
      1.8520        17.49
      1.8530        17.58
      1.8540        17.61
      1.8550        17.61
      1.8560        17.52
      1.8570        17.62
      1.8580        17.66
      1.8590        17.66
      1.8600        17.73
      1.8610        18.22
      1.8620        18.31
      1.8630        18.53
      1.8640        18.54
      1.8650        18.54
      1.8660        18.65
      1.8670        18.68
      1.8680        18.56
      1.8690        18.75
      1.8700        18.81
      1.8710        18.97
      1.8720        18.96
      1.8730        18.69
      1.8740        18.65
      1.8750        18.59
      1.8760        18.65
      1.8770        18.60
      1.8780        18.63
      1.8790        18.63
      1.8800        18.60
      1.8810        18.47
      1.8820        18.43
      1.8830        18.35
      1.8840        18.25
      1.8850        18.21
      1.8860        18.19
      1.8870        17.74
      1.8880        17.73
      1.8890        18.17
      1.8900        17.65
      1.8910        18.20
      1.8920        18.22
      1.8930        18.36
      1.8940        17.77
      1.8950        18.32
      1.8960        18.40
      1.8970        18.51
      1.8980        18.50
      1.8990        18.44
      1.9000        18.46
      1.9010        18.69
      1.9020        18.78
      1.9030        18.86
      1.9040        18.93
      1.9050        19.05
      1.9060        18.88
      1.9070        18.98
      1.9080        19.16
      1.9090        19.33
      1.9100        19.40
      1.9110        19.38
      1.9120        19.42
      1.9130        19.51
      1.9140        19.58
      1.9150        19.58
      1.9160        19.43
      1.9170        19.39
      1.9180        19.38
      1.9190        19.43
      1.9200        19.37
      1.9210        19.23
      1.9220        19.13
      1.9230        19.10
      1.9240        19.01
      1.9250        18.88
      1.9260        19.09
      1.9270        19.04
      1.9280        19.00
      1.9290        18.84
      1.9300        18.87
      1.9310        19.00
      1.9320        18.84
      1.9330        18.76
      1.9340        18.85
      1.9350        18.91
      1.9360        18.99
      1.9370        19.03
      1.9380        19.02
      1.9390        19.16
      1.9400        19.14
      1.9410        19.26
      1.9420        19.27
      1.9430        19.39
      1.9440        19.50
      1.9450        19.51
      1.9460        19.51
      1.9470        19.49
      1.9480        19.46
      1.9490        19.39
      1.9500        19.32
      1.9510        19.18
      1.9520        19.30
      1.9530        19.23
      1.9540        18.81
      1.9550        19.28
      1.9560        19.24
      1.9570        19.30
      1.9580        19.34
      1.9590        19.27
      1.9600        19.37
      1.9610        19.23
      1.9620        19.30
      1.9630        19.16
      1.9640        19.17
      1.9650        19.16
      1.9660        19.12
      1.9670        19.16
      1.9680        19.08
      1.9690        19.21
      1.9700        19.34
      1.9710        19.35
      1.9720        19.35
      1.9730        19.50
      1.9740        19.41
      1.9750        19.47
      1.9760        19.53
      1.9770        19.41
      1.9780        19.35
      1.9790        19.30
      1.9800        19.24
      1.9810        19.38
      1.9820        19.52
      1.9830        19.64
      1.9840        19.73
      1.9850        19.79
      1.9860        19.92
      1.9870        19.87
      1.9880        19.97
      1.9890        19.91
      1.9900        20.00
      1.9910        20.05
      1.9920        20.09
      1.9930        20.18
      1.9940        20.16
      1.9950        20.10
      1.9960        20.20
      1.9970        20.28
      1.9980        20.55
      1.9990        20.54
      2.0000        20.50
      2.0010        20.40
      2.0020        20.39
      2.0030        20.24
      2.0040        19.55
      2.0050        20.25
      2.0060        20.19
      2.0070        19.96
      2.0080        19.73
      2.0090        19.65
      2.0100        19.42
      2.0110        19.31
      2.0120        19.14
      2.0130        19.09
      2.0140        19.06
      2.0150        19.05
      2.0160        18.82
      2.0170        18.71
      2.0180        17.99
      2.0190        18.52
      2.0200        18.62
      2.0210        18.62
      2.0220        18.63
      2.0230        18.63
      2.0240        18.78
      2.0250        18.57
      2.0260        18.65
      2.0270        18.79
      2.0280        18.96
      2.0290        19.12
      2.0300        19.16
      2.0310        19.28
      2.0320        19.61
      2.0330        19.52
      2.0340        19.58
      2.0350        19.65
      2.0360        19.71
      2.0370        19.68
      2.0380        19.74
      2.0390        19.72
      2.0400        19.59
      2.0410        19.81
      2.0420        19.63
      2.0430        19.66
      2.0440        19.52
      2.0450        19.47
      2.0460        19.28
      2.0470        19.31
      2.0480        19.30
      2.0490        19.16
      2.0500        19.23
      2.0510        19.27
      2.0520        19.16
      2.0530        19.25
      2.0540        19.33
      2.0550        19.31
      2.0560        19.38
      2.0570        19.49
      2.0580        19.38
      2.0590        19.28
      2.0600        19.46
      2.0610        19.24
      2.0620        19.41
      2.0630        19.62
      2.0640        19.76
      2.0650        19.84
      2.0660        20.01
      2.0670        20.13
      2.0680        20.23
      2.0690        20.33
      2.0700        20.32
      2.0710        20.22
      2.0720        20.14
      2.0730        20.17
      2.0740        20.02
      2.0750        19.93
      2.0760        19.96
      2.0770        19.89
      2.0780        20.00
      2.0790        20.08
      2.0800        20.17
      2.0810        20.12
      2.0820        20.20
      2.0830        20.02
      2.0840        19.97
      2.0850        19.85
      2.0860        19.75
      2.0870        19.64
      2.0880        19.39
      2.0890        19.46
      2.0900        19.35
      2.0910        19.35
      2.0920        19.31
      2.0930        19.31
      2.0940        19.33
      2.0950        19.47
      2.0960        19.33
      2.0970        19.38
      2.0980        19.29
      2.0990        19.39
      2.1000        19.25
      2.1010        18.89
      2.1020        18.80
      2.1030        18.85
      2.1040        18.88
      2.1050        19.04
      2.1060        19.15
      2.1070        19.12
      2.1080        19.32
      2.1090        19.24
      2.1100        19.41
      2.1110        19.39
      2.1120        19.52
      2.1130        19.49
      2.1140        19.57
      2.1150        19.53
      2.1160        19.62
      2.1170        20.35
      2.1180        20.34
      2.1190        20.11
      2.1200        20.22
      2.1210        20.19
      2.1220        20.30
      2.1230        20.20
      2.1240        20.13
      2.1250        20.15
      2.1260        20.01
      2.1270        20.09
      2.1280        19.97
      2.1290        20.08
      2.1300        19.97
      2.1310        19.96
      2.1320        19.89
      2.1330        19.84
      2.1340        19.87
      2.1350        20.00
      2.1360        19.91
      2.1370        19.61
      2.1380        19.82
      2.1390        19.90
      2.1400        19.78
      2.1410        19.90
      2.1420        19.90
      2.1430        20.10
      2.1440        20.18
      2.1450        20.21
      2.1460        20.30
      2.1470        20.37
      2.1480        20.42
      2.1490        20.45
      2.1500        20.58
      2.1510        20.70
      2.1520        20.74
      2.1530        20.92
      2.1540        20.82
      2.1550        20.88
      2.1560        21.01
      2.1570        20.96
      2.1580        20.84
      2.1590        20.96
      2.1600        20.88
      2.1610        20.76
      2.1620        20.68
      2.1630        20.49
      2.1640        20.56
      2.1650        20.61
      2.1660        20.71
      2.1670        20.64
      2.1680        20.67
      2.1690        20.53
      2.1700        20.48
      2.1710        20.37
      2.1720        20.40
      2.1730        20.21
      2.1740        20.27
      2.1750        20.05
      2.1760        19.86
      2.1770        19.96
      2.1780        19.96
      2.1790        19.90
      2.1800        19.92
      2.1810        19.92
      2.1820        19.90
      2.1830        20.09
      2.1840        20.05
      2.1850        20.05
      2.1860        20.11
      2.1870        20.21
      2.1880        20.27
      2.1890        20.36
      2.1900        20.47
      2.1910        20.59
      2.1920        20.61
      2.1930        20.72
      2.1940        20.75
      2.1950        20.99
      2.1960        21.17
      2.1970        21.35
      2.1980        21.49
      2.1990        21.60
      2.2000        21.80
      2.2010        21.86
      2.2020        21.97
      2.2030        21.91
      2.2040        21.89
      2.2050        21.90
      2.2060        21.79
      2.2070        21.71
      2.2080        21.73
      2.2090        21.71
      2.2100        21.62
      2.2110        21.58
      2.2120        21.56
      2.2130        21.54
      2.2140        21.44
      2.2150        21.30
      2.2160        21.34
      2.2170        21.28
      2.2180        21.10
      2.2190        21.00
      2.2200        21.10
      2.2210        21.18
      2.2220        21.24
      2.2230        21.29
      2.2240        21.33
      2.2250        21.13
      2.2260        21.26
      2.2270        21.28
      2.2280        21.32
      2.2290        21.39
      2.2300        21.48
      2.2310        21.64
      2.2320        21.64
      2.2330        21.88
      2.2340        22.08
      2.2350        22.20
      2.2360        22.16
      2.2370        22.11
      2.2380        22.32
      2.2390        22.49
      2.2400        22.50
      2.2410        22.35
      2.2420        22.27
      2.2430        22.13
      2.2440        22.27
      2.2450        22.52
      2.2460        22.40
      2.2470        22.40
      2.2480        22.29
      2.2490        22.24
      2.2500        22.28
      2.2510        22.02
      2.2520        21.99
      2.2530        21.82
      2.2540        21.66
      2.2550        21.56
      2.2560        21.48
      2.2570        21.44
      2.2580        21.44
      2.2590        21.30
      2.2600        21.18
      2.2610        21.19
      2.2620        21.27
      2.2630        21.41
      2.2640        21.38
      2.2650        21.30
      2.2660        21.35
      2.2670        21.30
      2.2680        21.29
      2.2690        21.33
      2.2700        21.26
      2.2710        21.36
      2.2720        21.48
      2.2730        21.55
      2.2740        21.67
      2.2750        21.82
      2.2760        21.99
      2.2770        22.12
      2.2780        22.07
      2.2790        22.13
      2.2800        22.15
      2.2810        22.22
      2.2820        22.19
      2.2830        22.23
      2.2840        22.34
      2.2850        22.49
      2.2860        22.42
      2.2870        22.49
      2.2880        22.54
      2.2890        22.59
      2.2900        22.52
      2.2910        22.66
      2.2920        22.60
      2.2930        22.58
      2.2940        22.57
      2.2950        22.40
      2.2960        22.48
      2.2970        22.41
      2.2980        22.32
      2.2990        22.45
      2.3000        22.45
      2.3010        22.42
      2.3020        22.49
      2.3030        22.42
      2.3040        22.30
      2.3050        22.18
      2.3060        22.29
      2.3070        22.36
      2.3080        22.49
      2.3090        22.40
      2.3100        22.67
      2.3110        22.79
      2.3120        22.84
      2.3130        23.02
      2.3140        23.12
      2.3150        23.47
      2.3160        23.31
      2.3170        23.46
      2.3180        23.64
      2.3190        23.61
      2.3200        23.65
      2.3210        23.84
      2.3220        23.84
      2.3230        23.98
      2.3240        24.12
      2.3250        24.14
      2.3260        24.11
      2.3270        24.04
      2.3280        23.96
      2.3290        23.93
      2.3300        23.69
      2.3310        23.54
      2.3320        23.54
      2.3330        23.38
      2.3340        23.31
      2.3350        23.07
      2.3360        23.06
      2.3370        22.86
      2.3380        22.86
      2.3390        22.78
      2.3400        22.68
      2.3410        22.64
      2.3420        22.59
      2.3430        22.37
      2.3440        22.08
      2.3450        22.04
      2.3460        22.06
      2.3470        22.05
      2.3480        22.20
      2.3490        22.31
      2.3500        22.38
      2.3510        22.46
      2.3520        22.44
      2.3530        22.42
      2.3540        22.50
      2.3550        22.59
      2.3560        22.58
      2.3570        22.59
      2.3580        22.56
      2.3590        22.67
      2.3600        22.76
      2.3610        22.78
      2.3620        22.83
      2.3630        23.07
      2.3640        23.19
      2.3650        23.22
      2.3660        23.30
      2.3670        23.40
      2.3680        23.34
      2.3690        23.32
      2.3700        23.30
      2.3710        23.37
      2.3720        23.37
      2.3730        23.48
      2.3740        23.37
      2.3750        23.30
      2.3760        23.32
      2.3770        23.31
      2.3780        23.47
      2.3790        23.31
      2.3800        23.20
      2.3810        23.21
      2.3820        23.25
      2.3830        23.20
      2.3840        23.14
      2.3850        23.01
      2.3860        22.97
      2.3870        23.04
      2.3880        22.97
      2.3890        23.04
      2.3900        23.12
      2.3910        23.16
      2.3920        23.33
      2.3930        23.25
      2.3940        23.37
      2.3950        23.47
      2.3960        23.63
      2.3970        23.81
      2.3980        23.84
      2.3990        24.20
      2.4000        24.63
      2.4010        24.70
      2.4020        24.70
      2.4030        24.66
      2.4040        24.85
      2.4050        25.05
      2.4060        25.18
      2.4070        25.30
      2.4080        25.41
      2.4090        25.39
      2.4100        25.31
      2.4110        25.24
      2.4120        25.16
      2.4130        25.18
      2.4140        25.19
      2.4150        25.24
      2.4160        25.25
      2.4170        25.08
      2.4180        25.00
      2.4190        24.76
      2.4200        24.39
      2.4210        24.25
      2.4220        24.18
      2.4230        24.13
      2.4240        24.06
      2.4250        24.01
      2.4260        23.95
      2.4270        23.84
      2.4280        23.79
      2.4290        23.85
      2.4300        23.90
      2.4310        23.84
      2.4320        23.94
      2.4330        24.08
      2.4340        24.09
      2.4350        24.04
      2.4360        24.02
      2.4370        24.13
      2.4380        24.05
      2.4390        24.17
      2.4400        24.33
      2.4410        24.41
      2.4420        24.60
      2.4430        24.70
      2.4440        24.69
      2.4450        24.76
      2.4460        24.78
      2.4470        24.82
      2.4480        24.70
      2.4490        24.64
      2.4500        24.64
      2.4510        24.69
      2.4520        24.65
      2.4530        24.57
      2.4540        24.45
      2.4550        24.37
      2.4560        24.39
      2.4570        24.34
      2.4580        24.33
      2.4590        24.15
      2.4600        23.97
      2.4610        23.89
      2.4620        23.78
      2.4630        23.75
      2.4640        23.82
      2.4650        23.87
      2.4660        23.83
      2.4670        23.79
      2.4680        23.85
      2.4690        23.85
      2.4700        23.88
      2.4710        23.74
      2.4720        23.59
      2.4730        23.58
      2.4740        23.70
      2.4750        23.74
      2.4760        23.61
      2.4770        23.78
      2.4780        23.82
      2.4790        24.05
      2.4800        24.25
      2.4810        24.38
      2.4820        24.37
      2.4830        24.51
      2.4840        24.41
      2.4850        24.39
      2.4860        24.30
      2.4870        24.34
      2.4880        24.45
      2.4890        24.52
      2.4900        24.42
      2.4910        24.49
      2.4920        24.62
      2.4930        24.46
      2.4940        24.40
      2.4950        24.43
      2.4960        24.54
      2.4970        24.47
      2.4980        24.45
      2.4990        24.22
      2.5000        24.08
      2.5010        23.92
      2.5020        23.88
      2.5030        23.80
      2.5040        23.72
      2.5050        23.67
      2.5060        23.82
      2.5070        23.75
      2.5080        23.68
      2.5090        23.56
      2.5100        23.59
      2.5110        23.67
      2.5120        23.43
      2.5130        23.43
      2.5140        23.47
      2.5150        23.59
      2.5160        23.70
      2.5170        23.66
      2.5180        23.65
      2.5190        23.66
      2.5200        23.73
      2.5210        23.85
      2.5220        23.95
      2.5230        24.03
      2.5240        24.33
      2.5250        24.49
      2.5260        24.46
      2.5270        24.63
      2.5280        24.78
      2.5290        24.85
      2.5300        24.94
      2.5310        24.86
      2.5320        25.02
      2.5330        25.03
      2.5340        25.05
      2.5350        24.89
      2.5360        24.83
      2.5370        24.96
      2.5380        24.93
      2.5390        25.07
      2.5400        25.06
      2.5410        24.98
      2.5420        24.90
      2.5430        24.82
      2.5440        24.61
      2.5450        24.59
      2.5460        24.50
      2.5470        24.40
      2.5480        24.22
      2.5490        24.19
      2.5500        24.16
      2.5510        24.00
      2.5520        23.99
      2.5530        24.16
      2.5540        24.22
      2.5550        24.18
      2.5560        24.14
      2.5570        24.06
      2.5580        24.08
      2.5590        24.12
      2.5600        24.10
      2.5610        24.22
      2.5620        24.27
      2.5630        24.26
      2.5640        24.34
      2.5650        24.25
      2.5660        24.23
      2.5670        24.13
      2.5680        24.20
      2.5690        24.19
      2.5700        24.19
      2.5710        24.33
      2.5720        24.36
      2.5730        24.32
      2.5740        24.25
      2.5750        24.24
      2.5760        24.29
      2.5770        24.43
      2.5780        24.41
      2.5790        24.32
      2.5800        24.36
      2.5810        24.35
      2.5820        24.24
      2.5830        24.09
      2.5840        23.93
      2.5850        23.79
      2.5860        23.85
      2.5870        23.71
      2.5880        23.64
      2.5890        23.59
      2.5900        23.57
      2.5910        23.60
      2.5920        23.55
      2.5930        23.46
      2.5940        23.25
      2.5950        23.18
      2.5960        23.12
      2.5970        23.06
      2.5980        23.06
      2.5990        22.99
      2.6000        22.86
      2.6010        22.87
      2.6020        22.88
      2.6030        22.96
      2.6040        23.19
      2.6050        23.19
      2.6060        23.17
      2.6070        23.36
      2.6080        23.39
      2.6090        23.45
      2.6100        23.50
      2.6110        23.67
      2.6120        23.64
      2.6130        23.65
      2.6140        23.73
      2.6150        23.84
      2.6160        23.80
      2.6170        23.66
      2.6180        23.70
      2.6190        23.72
      2.6200        23.87
      2.6210        23.58
      2.6220        23.65
      2.6230        23.50
      2.6240        23.28
      2.6250        23.26
      2.6260        23.07
      2.6270        23.01
      2.6280        22.92
      2.6290        22.82
      2.6300        22.72
      2.6310        22.55
      2.6320        22.43
      2.6330        22.48
      2.6340        22.54
      2.6350        22.38
      2.6360        22.16
      2.6370        22.07
      2.6380        22.03
      2.6390        21.98
      2.6400        21.90
      2.6410        21.96
      2.6420        21.86
      2.6430        21.91
      2.6440        21.97
      2.6450        21.99
      2.6460        22.06
      2.6470        22.10
      2.6480        22.02
      2.6490        22.13
      2.6500        22.11
      2.6510        21.96
      2.6520        22.07
      2.6530        22.00
      2.6540        21.96
      2.6550        22.14
      2.6560        22.28
      2.6570        22.19
      2.6580        22.00
      2.6590        21.91
      2.6600        21.84
      2.6610        21.82
      2.6620        21.74
      2.6630        21.65
      2.6640        21.58
      2.6650        21.38
      2.6660        21.34
      2.6670        21.16
      2.6680        21.03
      2.6690        20.81
      2.6700        20.61
      2.6710        20.68
      2.6720        20.53
      2.6730        20.34
      2.6740        20.25
      2.6750        20.09
      2.6760        19.82
      2.6770        19.90
      2.6780        20.06
      2.6790        20.02
      2.6800        19.88
      2.6810        19.96
      2.6820        19.91
      2.6830        20.00
      2.6840        19.96
      2.6850        20.07
      2.6860        20.09
      2.6870        20.05
      2.6880        20.20
      2.6890        20.19
      2.6900        20.17
      2.6910        20.07
      2.6920        20.04
      2.6930        20.04
      2.6940        19.90
      2.6950        19.86
      2.6960        19.97
      2.6970        19.85
      2.6980        19.75
      2.6990        19.74
      2.7000        19.71
      2.7010        19.50
      2.7020        19.44
      2.7030        19.27
      2.7040        19.12
      2.7050        19.10
      2.7060        19.00
      2.7070        18.97
      2.7080        18.87
      2.7090        18.75
      2.7100        18.68
      2.7110        18.61
      2.7120        18.53
      2.7130        18.40
      2.7140        18.30
      2.7150        18.29
      2.7160        18.23
      2.7170        18.14
      2.7180        17.84
      2.7190        17.81
      2.7200        17.87
      2.7210        17.88
      2.7220        17.80
      2.7230        17.89
      2.7240        17.91
      2.7250        17.83
      2.7260        17.69
      2.7270        17.71
      2.7280        17.73
      2.7290        17.84
      2.7300        17.96
      2.7310        17.97
      2.7320        17.93
      2.7330        17.87
      2.7340        17.91
      2.7350        17.70
      2.7360        17.71
      2.7370        17.65
      2.7380        17.69
      2.7390        17.55
      2.7400        17.30
      2.7410        17.20
      2.7420        17.13
      2.7430        16.89
      2.7440        16.76
      2.7450        16.59
      2.7460        16.40
      2.7470        15.99
      2.7480        15.64
      2.7490        15.52
      2.7500        15.22
      2.7510        14.35
      2.7520        14.69
      2.7530        14.64
      2.7540        14.45
      2.7550        14.39
      2.7560        14.22
      2.7570        14.03
      2.7580        13.90
      2.7590        13.65
      2.7600        13.64
      2.7610        13.54
      2.7620        13.27
      2.7630        13.23
      2.7640        13.14
      2.7650        13.04
      2.7660        13.03
      2.7670        13.11
      2.7680        13.16
      2.7690        12.51
      2.7700        13.01
      2.7710        13.23
      2.7720        13.04
      2.7730        12.96
      2.7740        12.50
      2.7750        12.34
      2.7760        12.28
      2.7770        12.20
      2.7780        12.09
      2.7790        12.06
      2.7800        11.96
      2.7810        11.84
      2.7820        11.89
      2.7830        11.79
      2.7840        11.65
      2.7850        11.47
      2.7860        11.25
      2.7870        11.15
      2.7880        11.01
      2.7890        10.85
      2.7900        10.70
      2.7910        10.52
      2.7920        10.16
      2.7930         9.96
      2.7940         9.73
      2.7950         9.65
      2.7960         9.57
      2.7970         9.44
      2.7980         9.40
      2.7990         9.43
      2.8000         9.34
      2.8010         9.16
      2.8020         9.04
      2.8030         8.86
      2.8040         8.87
      2.8050         8.87
      2.8060         8.81
      2.8070         8.77
      2.8080         8.77
      2.8090         8.67
      2.8100         8.58
      2.8110         8.63
      2.8120         8.74
      2.8130         8.71
      2.8140         8.57
      2.8150         8.53
      2.8160         8.37
      2.8170         8.29
      2.8180         8.15
      2.8190         7.97
      2.8200         7.82
      2.8210         7.90
      2.8220         7.87
      2.8230         7.79
      2.8240         7.61
      2.8250         7.54
      2.8260         7.50
      2.8270         7.40
      2.8280         7.27
      2.8290         7.17
      2.8300         7.07
      2.8310         6.85
      2.8320         6.68
      2.8330         6.60
      2.8340         6.71
      2.8350         6.66
      2.8360         6.75
      2.8370         6.72
      2.8380         6.64
      2.8390         6.53
      2.8400         6.50
      2.8410         6.24
      2.8420         6.06
      2.8430         6.05
      2.8440         6.06
      2.8450         6.01
      2.8460         6.01
      2.8470         5.99
      2.8480         5.98
      2.8490         5.82
      2.8500         5.87
      2.8510         5.91
      2.8520         5.90
      2.8530         5.94
      2.8540         5.87
      2.8550         5.90
      2.8560         5.74
      2.8570         5.64
      2.8580         5.56
      2.8590         5.56
      2.8600         5.49
      2.8610         5.55
      2.8620         5.46
      2.8630         5.44
      2.8640         5.33
      2.8650         5.33
      2.8660         5.34
      2.8670         5.13
      2.8680         5.01
      2.8690         4.97
      2.8700         4.78
      2.8710         4.66
      2.8720         4.59
      2.8730         4.40
      2.8740         4.32
      2.8750         4.13
      2.8760         4.01
      2.8770         3.97
      2.8780         3.97
      2.8790         3.89
      2.8800         3.88
      2.8810         3.83
      2.8820         3.84
      2.8830         3.69
      2.8840         3.67
      2.8850         3.50
      2.8860         3.32
      2.8870         3.43
      2.8880         3.29
      2.8890         3.34
      2.8900         3.36
      2.8910         3.34
      2.8920         3.26
      2.8930         3.15
      2.8940         3.15
      2.8950         3.20
      2.8960         3.29
      2.8970         3.36
      2.8980         3.25
      2.8990         3.23
      2.9000         3.16
      2.9010         3.19
      2.9020         3.05
      2.9030         3.13
      2.9040         3.02
      2.9050         2.99
      2.9060         3.03
      2.9070         2.90
      2.9080         2.92
      2.9090         2.84
      2.9100         2.70
      2.9110         2.66
      2.9120         2.70
      2.9130         2.75
      2.9140         2.65
      2.9150         2.59
      2.9160         2.48
      2.9170         1.81
      2.9180         1.89
      2.9190         2.40
      2.9200         2.32
      2.9210         1.80
      2.9220         2.27
      2.9230         1.22
      2.9240         1.23
      2.9250         1.24
      2.9260         1.27
      2.9270         1.31
      2.9280         1.26
      2.9290         1.31
      2.9300         1.22
      2.9310         1.20
      2.9320         1.23
      2.9330         1.20
      2.9340         1.68
      2.9350         1.68
      2.9360         1.76
      2.9370         1.76
      2.9380         1.73
      2.9390         1.57
      2.9400         1.65
      2.9410         1.52
      2.9420         1.58
      2.9430         1.53
      2.9440         1.54
      2.9450         1.42
      2.9460         1.87
      2.9470         1.86
      2.9480         1.79
      2.9490         1.72
      2.9500         1.68
      2.9510         1.18
      2.9520         1.17
      2.9530         1.16
      2.9540         1.13
      2.9550         1.14
      2.9560         1.00
      2.9570         1.09
      2.9580         1.00
      2.9590         1.01
      2.9600         1.00
      2.9610         1.00
      2.9620         1.00
      2.9630         1.00
      2.9640         1.00
      2.9650         1.00
      2.9660         1.00
      2.9670         1.00
      2.9680         1.00
      2.9690         1.00
      2.9700         1.00
      2.9710         1.00
      2.9720         1.00
      2.9730         1.00
      2.9740         1.00
      2.9750         1.00
      2.9760         1.00
      2.9770         1.00
      2.9780         1.00
      2.9790         1.00
      2.9800         1.00
      2.9810         1.00
      2.9820         1.00
      2.9830         1.00
      2.9840         1.00
      2.9850         1.00
      2.9860         1.00
      2.9870         1.00
      2.9880         1.00
      2.9890         1.00
      2.9900         1.00
      2.9910         1.00
      2.9920         1.00
      2.9930         1.00
      2.9940         1.00
      2.9950         1.00
      2.9960         1.00
      2.9970         1.00
      2.9980         1.00
      2.9990         1.00
