        Time   Palpation Force
      0.0000         1.00
      0.0010         1.00
      0.0020         1.00
      0.0030         1.00
      0.0040         1.00
      0.0050         1.00
      0.0060         1.00
      0.0070         1.00
      0.0080         1.00
      0.0090         1.00
      0.0100         1.00
      0.0110         1.00
      0.0120         1.00
      0.0130         1.00
      0.0140         1.00
      0.0150         1.00
      0.0160         1.00
      0.0170         1.00
      0.0180         1.00
      0.0190         1.00
      0.0200         1.00
      0.0210         1.00
      0.0220         1.00
      0.0230         1.00
      0.0240         1.00
      0.0250         1.00
      0.0260         1.00
      0.0270         1.00
      0.0280         1.00
      0.0290         1.00
      0.0300         1.00
      0.0310         1.00
      0.0320         1.00
      0.0330         1.00
      0.0340         1.00
      0.0350         1.00
      0.0360         1.00
      0.0370         1.00
      0.0380         1.00
      0.0390         1.00
      0.0400         1.00
      0.0410         1.00
      0.0420         1.00
      0.0430         1.00
      0.0440         1.00
      0.0450         1.00
      0.0460         1.00
      0.0470         1.00
      0.0480         1.00
      0.0490         1.00
      0.0500         1.00
      0.0510         1.00
      0.0520         1.00
      0.0530         1.00
      0.0540         1.00
      0.0550         1.00
      0.0560         1.00
      0.0570         1.00
      0.0580         1.00
      0.0590         1.00
      0.0600         1.00
      0.0610         1.00
      0.0620         1.00
      0.0630         1.00
      0.0640         1.00
      0.0650         1.00
      0.0660         1.00
      0.0670         1.00
      0.0680         1.00
      0.0690         1.00
      0.0700         1.00
      0.0710         1.00
      0.0720         1.00
      0.0730         1.00
      0.0740         1.00
      0.0750         1.00
      0.0760         1.00
      0.0770         1.00
      0.0780         1.00
      0.0790         1.00
      0.0800         1.00
      0.0810         1.00
      0.0820         1.00
      0.0830         1.00
      0.0840         1.00
      0.0850         1.00
      0.0860         1.00
      0.0870         1.00
      0.0880         1.00
      0.0890         1.00
      0.0900         1.00
      0.0910         1.00
      0.0920         1.00
      0.0930         1.00
      0.0940         1.00
      0.0950         1.00
      0.0960         1.00
      0.0970         1.00
      0.0980         1.00
      0.0990         1.00
      0.1000         1.00
      0.1010         1.00
      0.1020         1.00
      0.1030         1.00
      0.1040         1.00
      0.1050         1.00
      0.1060         1.00
      0.1070         1.00
      0.1080         1.00
      0.1090         1.00
      0.1100         1.00
      0.1110         1.00
      0.1120         1.00
      0.1130         1.00
      0.1140         1.00
      0.1150         1.00
      0.1160         1.00
      0.1170         1.00
      0.1180         1.00
      0.1190         1.00
      0.1200         1.00
      0.1210         1.00
      0.1220         1.00
      0.1230         1.00
      0.1240         1.00
      0.1250         1.00
      0.1260         1.00
      0.1270         1.00
      0.1280         1.00
      0.1290         1.00
      0.1300         1.00
      0.1310         1.00
      0.1320         1.00
      0.1330         1.00
      0.1340         1.00
      0.1350         1.00
      0.1360         1.00
      0.1370         1.00
      0.1380         1.00
      0.1390         1.00
      0.1400         1.00
      0.1410         1.00
      0.1420         1.00
      0.1430         1.00
      0.1440         1.00
      0.1450         1.00
      0.1460         1.00
      0.1470         1.00
      0.1480         1.00
      0.1490         1.00
      0.1500         1.00
      0.1510         1.00
      0.1520         1.00
      0.1530         1.00
      0.1540         1.00
      0.1550         1.00
      0.1560         1.00
      0.1570         1.00
      0.1580         1.00
      0.1590         1.00
      0.1600         1.00
      0.1610         1.00
      0.1620         1.00
      0.1630         1.00
      0.1640         1.00
      0.1650         1.00
      0.1660         1.00
      0.1670         1.00
      0.1680         1.00
      0.1690         1.00
      0.1700         1.00
      0.1710         1.00
      0.1720         1.00
      0.1730         1.00
      0.1740         1.00
      0.1750         1.00
      0.1760         1.00
      0.1770         1.00
      0.1780         1.00
      0.1790         1.00
      0.1800         1.00
      0.1810         1.00
      0.1820         1.00
      0.1830         1.00
      0.1840         1.00
      0.1850         1.00
      0.1860         1.00
      0.1870         1.00
      0.1880         1.00
      0.1890         1.00
      0.1900         1.00
      0.1910         1.00
      0.1920         1.00
      0.1930         1.00
      0.1940         1.00
      0.1950         1.00
      0.1960         1.00
      0.1970         1.00
      0.1980         1.00
      0.1990         1.00
      0.2000         1.00
      0.2010         1.00
      0.2020         1.00
      0.2030         1.00
      0.2040         1.00
      0.2050         1.00
      0.2060         1.00
      0.2070         1.00
      0.2080         1.00
      0.2090         1.00
      0.2100         1.00
      0.2110         1.00
      0.2120         1.00
      0.2130         1.00
      0.2140         1.00
      0.2150         1.00
      0.2160         1.00
      0.2170         1.00
      0.2180         1.00
      0.2190         1.00
      0.2200         1.00
      0.2210         1.00
      0.2220         1.00
      0.2230         1.00
      0.2240         1.00
      0.2250         1.00
      0.2260         1.00
      0.2270         1.00
      0.2280         1.00
      0.2290         1.00
      0.2300         1.00
      0.2310         1.00
      0.2320         1.00
      0.2330         1.00
      0.2340         1.00
      0.2350         1.00
      0.2360         1.00
      0.2370         1.00
      0.2380         1.00
      0.2390         1.00
      0.2400         1.00
      0.2410         1.00
      0.2420         1.00
      0.2430         1.00
      0.2440         1.00
      0.2450         1.00
      0.2460         1.00
      0.2470         1.00
      0.2480         1.00
      0.2490         1.00
      0.2500         1.00
      0.2510         1.00
      0.2520         1.00
      0.2530         1.00
      0.2540         1.00
      0.2550         1.00
      0.2560         1.00
      0.2570         1.00
      0.2580         1.00
      0.2590         1.00
      0.2600         1.00
      0.2610         1.00
      0.2620         1.00
      0.2630         1.00
      0.2640         1.00
      0.2650         1.00
      0.2660         1.00
      0.2670         1.00
      0.2680         1.00
      0.2690         1.00
      0.2700         1.00
      0.2710         1.00
      0.2720         1.00
      0.2730         1.00
      0.2740         1.00
      0.2750         1.00
      0.2760         1.00
      0.2770         1.00
      0.2780         1.00
      0.2790         1.00
      0.2800         1.00
      0.2810         1.00
      0.2820         1.00
      0.2830         1.00
      0.2840         1.00
      0.2850         1.00
      0.2860         1.00
      0.2870         1.00
      0.2880         1.00
      0.2890         1.00
      0.2900         1.00
      0.2910         1.00
      0.2920         1.00
      0.2930         1.00
      0.2940         1.00
      0.2950         1.00
      0.2960         1.00
      0.2970         1.00
      0.2980         1.00
      0.2990         1.00
      0.3000         1.00
      0.3010         1.00
      0.3020         1.00
      0.3030         1.00
      0.3040         1.00
      0.3050         1.00
      0.3060         1.00
      0.3070         1.00
      0.3080         1.00
      0.3090         1.00
      0.3100         1.00
      0.3110         1.00
      0.3120         1.00
      0.3130         1.00
      0.3140         1.00
      0.3150         1.00
      0.3160         1.00
      0.3170         1.00
      0.3180         1.00
      0.3190         1.00
      0.3200         1.00
      0.3210         1.00
      0.3220         1.00
      0.3230         1.00
      0.3240         1.00
      0.3250         1.00
      0.3260         1.00
      0.3270         1.00
      0.3280         1.00
      0.3290         1.00
      0.3300         1.00
      0.3310         1.00
      0.3320         1.00
      0.3330         1.00
      0.3340         1.00
      0.3350         1.00
      0.3360         1.00
      0.3370         1.00
      0.3380         1.00
      0.3390         1.00
      0.3400         1.00
      0.3410         1.00
      0.3420         1.00
      0.3430         1.00
      0.3440         1.00
      0.3450         1.00
      0.3460         1.00
      0.3470         1.00
      0.3480         1.00
      0.3490         1.00
      0.3500         1.00
      0.3510         1.00
      0.3520         1.00
      0.3530         1.00
      0.3540         1.00
      0.3550         1.00
      0.3560         1.00
      0.3570         1.00
      0.3580         1.00
      0.3590         1.00
      0.3600         1.00
      0.3610         1.00
      0.3620         1.00
      0.3630         1.00
      0.3640         1.00
      0.3650         1.00
      0.3660         1.00
      0.3670         1.00
      0.3680         1.00
      0.3690         1.00
      0.3700         1.00
      0.3710         1.00
      0.3720         1.00
      0.3730         1.00
      0.3740         1.00
      0.3750         1.00
      0.3760         1.00
      0.3770         1.00
      0.3780         1.00
      0.3790         1.00
      0.3800         1.00
      0.3810         1.00
      0.3820         1.00
      0.3830         1.00
      0.3840         1.00
      0.3850         1.00
      0.3860         1.00
      0.3870         1.00
      0.3880         1.00
      0.3890         1.00
      0.3900         1.00
      0.3910         1.00
      0.3920         1.00
      0.3930         1.00
      0.3940         1.00
      0.3950         1.00
      0.3960         1.00
      0.3970         1.00
      0.3980         1.00
      0.3990         1.00
      0.4000         1.00
      0.4010         1.00
      0.4020         1.00
      0.4030         1.00
      0.4040         1.00
      0.4050         1.00
      0.4060         1.00
      0.4070         1.00
      0.4080         1.00
      0.4090         1.00
      0.4100         1.00
      0.4110         1.00
      0.4120         1.00
      0.4130         1.00
      0.4140         1.00
      0.4150         1.00
      0.4160         1.00
      0.4170         1.00
      0.4180         1.00
      0.4190         1.00
      0.4200         1.00
      0.4210         1.00
      0.4220         1.00
      0.4230         1.00
      0.4240         1.00
      0.4250         1.00
      0.4260         1.00
      0.4270         1.00
      0.4280         1.00
      0.4290         1.00
      0.4300         1.00
      0.4310         1.00
      0.4320         1.00
      0.4330         1.00
      0.4340         1.00
      0.4350         1.00
      0.4360         1.00
      0.4370         1.00
      0.4380         1.00
      0.4390         1.00
      0.4400         1.00
      0.4410         1.00
      0.4420         1.00
      0.4430         1.00
      0.4440         1.00
      0.4450         1.00
      0.4460         1.00
      0.4470         1.00
      0.4480         1.00
      0.4490         1.00
      0.4500         1.00
      0.4510         1.00
      0.4520         1.00
      0.4530         1.00
      0.4540         1.00
      0.4550         1.00
      0.4560         1.00
      0.4570         1.00
      0.4580         1.32
      0.4590         1.38
      0.4600         1.38
      0.4610         1.43
      0.4620         1.40
      0.4630         1.58
      0.4640         1.45
      0.4650         1.34
      0.4660         1.34
      0.4670         1.34
      0.4680         1.27
      0.4690         1.26
      0.4700         1.19
      0.4710         1.20
      0.4720         1.20
      0.4730         1.00
      0.4740         1.00
      0.4750         1.00
      0.4760         1.00
      0.4770         1.00
      0.4780         1.00
      0.4790         1.00
      0.4800         1.00
      0.4810         1.00
      0.4820         1.00
      0.4830         1.00
      0.4840         1.00
      0.4850         1.15
      0.4860         1.19
      0.4870         1.00
      0.4880         1.00
      0.4890         1.00
      0.4900         1.35
      0.4910         1.00
      0.4920         1.29
      0.4930         1.00
      0.4940         1.00
      0.4950         1.00
      0.4960         1.00
      0.4970         1.00
      0.4980         1.00
      0.4990         1.00
      0.5000         1.00
      0.5010         1.00
      0.5020         1.00
      0.5030         1.00
      0.5040         1.00
      0.5050         1.00
      0.5060         1.00
      0.5070         1.00
      0.5080         1.00
      0.5090         1.00
      0.5100         1.00
      0.5110         1.00
      0.5120         1.00
      0.5130         1.00
      0.5140         1.00
      0.5150         1.00
      0.5160         1.00
      0.5170         1.00
      0.5180         1.00
      0.5190         1.00
      0.5200         1.00
      0.5210         1.00
      0.5220         1.00
      0.5230         1.00
      0.5240         1.00
      0.5250         1.00
      0.5260         1.00
      0.5270         1.00
      0.5280         1.00
      0.5290         1.00
      0.5300         1.00
      0.5310         1.00
      0.5320         1.00
      0.5330         1.00
      0.5340         1.00
      0.5350         1.00
      0.5360         1.00
      0.5370         1.00
      0.5380         1.00
      0.5390         1.00
      0.5400         1.00
      0.5410         1.00
      0.5420         1.00
      0.5430         1.00
      0.5440         1.00
      0.5450         1.00
      0.5460         1.00
      0.5470         1.00
      0.5480         1.00
      0.5490         1.00
      0.5500         1.00
      0.5510         1.00
      0.5520         1.00
      0.5530         1.00
      0.5540         1.00
      0.5550         1.00
      0.5560         1.00
      0.5570         1.00
      0.5580         1.00
      0.5590         1.00
      0.5600         1.00
      0.5610         1.00
      0.5620         1.00
      0.5630         1.00
      0.5640         1.00
      0.5650         1.00
      0.5660         1.00
      0.5670         1.00
      0.5680         1.24
      0.5690         1.00
      0.5700         1.21
      0.5710         1.00
      0.5720         1.19
      0.5730         1.27
      0.5740         1.33
      0.5750         1.31
      0.5760         1.00
      0.5770         1.00
      0.5780         1.00
      0.5790         1.00
      0.5800         1.00
      0.5810         1.00
      0.5820         1.00
      0.5830         1.00
      0.5840         1.00
      0.5850         1.00
      0.5860         1.00
      0.5870         1.00
      0.5880         1.00
      0.5890         1.00
      0.5900         1.00
      0.5910         1.00
      0.5920         1.00
      0.5930         1.00
      0.5940         1.00
      0.5950         1.00
      0.5960         1.00
      0.5970         1.00
      0.5980         1.00
      0.5990         1.00
      0.6000         1.00
      0.6010         1.00
      0.6020         1.00
      0.6030         1.00
      0.6040         1.00
      0.6050         1.00
      0.6060         1.00
      0.6070         1.00
      0.6080         1.00
      0.6090         1.00
      0.6100         1.00
      0.6110         1.00
      0.6120         1.00
      0.6130         1.00
      0.6140         1.00
      0.6150         1.00
      0.6160         1.00
      0.6170         1.00
      0.6180         1.00
      0.6190         1.00
      0.6200         1.00
      0.6210         1.00
      0.6220         1.00
      0.6230         1.00
      0.6240         1.00
      0.6250         1.00
      0.6260         1.00
      0.6270         1.00
      0.6280         1.00
      0.6290         1.00
      0.6300         1.00
      0.6310         1.00
      0.6320         1.00
      0.6330         1.00
      0.6340         1.00
      0.6350         1.00
      0.6360         1.00
      0.6370         1.00
      0.6380         1.00
      0.6390         1.00
      0.6400         1.00
      0.6410         1.00
      0.6420         1.00
      0.6430         1.00
      0.6440         1.00
      0.6450         1.00
      0.6460         1.00
      0.6470         1.00
      0.6480         1.00
      0.6490         1.00
      0.6500         1.00
      0.6510         1.00
      0.6520         1.00
      0.6530         1.00
      0.6540         1.00
      0.6550         1.00
      0.6560         1.00
      0.6570         1.00
      0.6580         1.00
      0.6590         1.00
      0.6600         1.00
      0.6610         1.00
      0.6620         1.00
      0.6630         1.00
      0.6640         1.00
      0.6650         1.00
      0.6660         1.00
      0.6670         1.00
      0.6680         1.00
      0.6690         1.00
      0.6700         1.00
      0.6710         1.00
      0.6720         1.00
      0.6730         1.00
      0.6740         1.00
      0.6750         1.00
      0.6760         1.00
      0.6770         1.00
      0.6780         1.00
      0.6790         1.00
      0.6800         1.00
      0.6810         1.00
      0.6820         1.00
      0.6830         1.00
      0.6840         1.00
      0.6850         1.00
      0.6860         1.00
      0.6870         1.00
      0.6880         1.00
      0.6890         1.00
      0.6900         1.00
      0.6910         1.00
      0.6920         1.00
      0.6930         1.00
      0.6940         1.00
      0.6950         1.00
      0.6960         1.00
      0.6970         1.00
      0.6980         1.00
      0.6990         1.00
      0.7000         1.00
      0.7010         1.00
      0.7020         1.00
      0.7030         1.00
      0.7040         1.00
      0.7050         1.00
      0.7060         1.00
      0.7070         1.00
      0.7080         1.00
      0.7090         1.00
      0.7100         1.00
      0.7110         1.00
      0.7120         1.00
      0.7130         1.00
      0.7140         1.00
      0.7150         1.00
      0.7160         1.00
      0.7170         1.00
      0.7180         1.00
      0.7190         1.00
      0.7200         1.00
      0.7210         1.00
      0.7220         1.00
      0.7230         1.00
      0.7240         1.00
      0.7250         1.00
      0.7260         1.00
      0.7270         1.00
      0.7280         1.00
      0.7290         1.00
      0.7300         1.00
      0.7310         1.00
      0.7320         1.00
      0.7330         1.00
      0.7340         1.00
      0.7350         1.00
      0.7360         1.00
      0.7370         1.00
      0.7380         1.00
      0.7390         1.00
      0.7400         1.00
      0.7410         1.00
      0.7420         1.00
      0.7430         1.00
      0.7440         1.00
      0.7450         1.00
      0.7460         1.00
      0.7470         1.00
      0.7480         1.00
      0.7490         1.00
      0.7500         1.00
      0.7510         1.00
      0.7520         1.00
      0.7530         1.00
      0.7540         1.00
      0.7550         1.00
      0.7560         1.00
      0.7570         1.00
      0.7580         1.00
      0.7590         1.00
      0.7600         1.00
      0.7610         1.00
      0.7620         1.00
      0.7630         1.00
      0.7640         1.00
      0.7650         1.00
      0.7660         1.00
      0.7670         1.00
      0.7680         1.00
      0.7690         1.00
      0.7700         1.00
      0.7710         1.00
      0.7720         1.00
      0.7730         1.00
      0.7740         1.00
      0.7750         1.00
      0.7760         1.00
      0.7770         1.00
      0.7780         1.00
      0.7790         1.00
      0.7800         1.00
      0.7810         1.00
      0.7820         1.00
      0.7830         1.00
      0.7840         1.00
      0.7850         1.00
      0.7860         1.00
      0.7870         1.00
      0.7880         1.00
      0.7890         1.00
      0.7900         1.00
      0.7910         1.00
      0.7920         1.00
      0.7930         1.00
      0.7940         1.00
      0.7950         1.00
      0.7960         1.00
      0.7970         1.00
      0.7980         1.00
      0.7990         1.00
      0.8000         1.00
      0.8010         1.00
      0.8020         1.00
      0.8030         1.00
      0.8040         1.00
      0.8050         1.00
      0.8060         1.00
      0.8070         1.00
      0.8080         1.00
      0.8090         1.00
      0.8100         1.00
      0.8110         1.00
      0.8120         1.00
      0.8130         1.00
      0.8140         1.00
      0.8150         1.00
      0.8160         1.00
      0.8170         1.00
      0.8180         1.00
      0.8190         1.00
      0.8200         1.00
      0.8210         1.00
      0.8220         1.00
      0.8230         1.00
      0.8240         1.00
      0.8250         1.00
      0.8260         1.00
      0.8270         1.00
      0.8280         1.00
      0.8290         1.00
      0.8300         1.00
      0.8310         1.00
      0.8320         1.00
      0.8330         1.00
      0.8340         1.00
      0.8350         1.00
      0.8360         1.00
      0.8370         1.00
      0.8380         1.00
      0.8390         1.00
      0.8400         1.00
      0.8410         1.00
      0.8420         1.00
      0.8430         1.00
      0.8440         1.00
      0.8450         1.00
      0.8460         1.00
      0.8470         1.00
      0.8480         1.00
      0.8490         1.00
      0.8500         1.00
      0.8510         1.00
      0.8520         1.00
      0.8530         1.00
      0.8540         1.00
      0.8550         1.00
      0.8560         1.00
      0.8570         1.00
      0.8580         1.00
      0.8590         1.00
      0.8600         1.00
      0.8610         1.00
      0.8620         1.00
      0.8630         1.00
      0.8640         1.00
      0.8650         1.00
      0.8660         1.00
      0.8670         1.00
      0.8680         1.00
      0.8690         1.00
      0.8700         1.00
      0.8710         1.00
      0.8720         1.00
      0.8730         1.00
      0.8740         1.00
      0.8750         1.00
      0.8760         1.00
      0.8770         1.00
      0.8780         1.00
      0.8790         1.00
      0.8800         1.00
      0.8810         1.00
      0.8820         1.00
      0.8830         1.00
      0.8840         1.00
      0.8850         1.00
      0.8860         1.00
      0.8870         1.00
      0.8880         1.00
      0.8890         1.00
      0.8900         1.00
      0.8910         1.00
      0.8920         1.00
      0.8930         1.00
      0.8940         1.00
      0.8950         1.00
      0.8960         1.00
      0.8970         1.00
      0.8980         1.00
      0.8990         1.00
      0.9000         1.00
      0.9010         1.00
      0.9020         1.00
      0.9030         1.00
      0.9040         1.00
      0.9050         1.00
      0.9060         1.00
      0.9070         1.00
      0.9080         1.00
      0.9090         1.00
      0.9100         1.00
      0.9110         1.00
      0.9120         1.00
      0.9130         1.00
      0.9140         1.00
      0.9150         1.00
      0.9160         1.00
      0.9170         1.00
      0.9180         1.00
      0.9190         1.00
      0.9200         1.00
      0.9210         1.00
      0.9220         1.00
      0.9230         1.00
      0.9240         1.00
      0.9250         1.00
      0.9260         1.00
      0.9270         1.00
      0.9280         1.00
      0.9290         1.00
      0.9300         1.00
      0.9310         1.00
      0.9320         1.00
      0.9330         1.00
      0.9340         1.00
      0.9350         1.00
      0.9360         1.00
      0.9370         1.00
      0.9380         1.00
      0.9390         1.00
      0.9400         1.00
      0.9410         1.00
      0.9420         1.00
      0.9430         1.00
      0.9440         1.00
      0.9450         1.00
      0.9460         1.00
      0.9470         1.00
      0.9480         1.00
      0.9490         1.00
      0.9500         1.00
      0.9510         1.00
      0.9520         1.00
      0.9530         1.00
      0.9540         1.00
      0.9550         1.00
      0.9560         1.00
      0.9570         1.00
      0.9580         1.00
      0.9590         1.00
      0.9600         1.00
      0.9610         1.00
      0.9620         1.00
      0.9630         1.00
      0.9640         1.00
      0.9650         1.00
      0.9660         1.00
      0.9670         1.00
      0.9680         1.00
      0.9690         1.00
      0.9700         1.00
      0.9710         1.00
      0.9720         1.00
      0.9730         1.00
      0.9740         1.00
      0.9750         1.00
      0.9760         1.00
      0.9770         1.00
      0.9780         1.00
      0.9790         1.00
      0.9800         1.00
      0.9810         1.00
      0.9820         1.00
      0.9830         1.00
      0.9840         1.00
      0.9850         1.00
      0.9860         1.00
      0.9870         1.00
      0.9880         1.00
      0.9890         1.00
      0.9900         1.00
      0.9910         1.00
      0.9920         1.00
      0.9930         1.00
      0.9940         1.00
      0.9950         1.00
      0.9960         1.00
      0.9970         1.00
      0.9980         1.00
      0.9990         1.00
      1.0000         1.00
      1.0010         1.00
      1.0020         1.00
      1.0030         1.00
      1.0040         1.00
      1.0050         1.00
      1.0060         1.00
      1.0070         1.00
      1.0080         1.00
      1.0090         1.00
      1.0100         1.00
      1.0110         1.00
      1.0120         1.00
      1.0130         1.00
      1.0140         1.00
      1.0150         1.00
      1.0160         1.00
      1.0170         1.00
      1.0180         1.00
      1.0190         1.00
      1.0200         1.00
      1.0210         1.00
      1.0220         1.00
      1.0230         1.00
      1.0240         1.00
      1.0250         1.00
      1.0260         1.00
      1.0270         1.00
      1.0280         1.00
      1.0290         1.00
      1.0300         1.00
      1.0310         1.00
      1.0320         1.00
      1.0330         1.00
      1.0340         1.00
      1.0350         1.00
      1.0360         1.00
      1.0370         1.00
      1.0380         1.00
      1.0390         1.00
      1.0400         1.00
      1.0410         1.00
      1.0420         1.00
      1.0430         1.00
      1.0440         1.00
      1.0450         1.00
      1.0460         1.00
      1.0470         1.00
      1.0480         1.00
      1.0490         1.00
      1.0500         1.00
      1.0510         1.00
      1.0520         1.00
      1.0530         1.00
      1.0540         1.00
      1.0550         1.00
      1.0560         1.00
      1.0570         1.00
      1.0580         1.00
      1.0590         1.00
      1.0600         1.00
      1.0610         1.00
      1.0620         1.00
      1.0630         1.00
      1.0640         1.00
      1.0650         1.00
      1.0660         1.00
      1.0670         1.00
      1.0680         1.00
      1.0690         1.00
      1.0700         1.00
      1.0710         1.00
      1.0720         1.00
      1.0730         1.00
      1.0740         1.00
      1.0750         1.00
      1.0760         1.00
      1.0770         1.00
      1.0780         1.00
      1.0790         1.00
      1.0800         1.00
      1.0810         1.00
      1.0820         1.00
      1.0830         1.00
      1.0840         1.00
      1.0850         1.00
      1.0860         1.00
      1.0870         1.00
      1.0880         1.00
      1.0890         1.00
      1.0900         1.00
      1.0910         1.00
      1.0920         1.00
      1.0930         1.00
      1.0940         1.00
      1.0950         1.00
      1.0960         1.00
      1.0970         1.00
      1.0980         1.06
      1.0990         1.01
      1.1000         1.00
      1.1010         1.00
      1.1020         1.00
      1.1030         1.16
      1.1040         1.12
      1.1050         1.18
      1.1060         1.17
      1.1070         1.18
      1.1080         1.20
      1.1090         1.16
      1.1100         1.12
      1.1110         1.00
      1.1120         1.00
      1.1130         1.00
      1.1140         1.00
      1.1150         1.00
      1.1160         1.00
      1.1170         1.00
      1.1180         1.00
      1.1190         1.00
      1.1200         1.00
      1.1210         1.00
      1.1220         1.00
      1.1230         1.00
      1.1240         1.00
      1.1250         1.00
      1.1260         1.00
      1.1270         1.00
      1.1280         1.00
      1.1290         1.00
      1.1300         1.00
      1.1310         1.00
      1.1320         1.00
      1.1330         1.00
      1.1340         1.00
      1.1350         1.00
      1.1360         1.00
      1.1370         1.00
      1.1380         1.00
      1.1390         1.00
      1.1400         1.00
      1.1410         1.00
      1.1420         1.00
      1.1430         1.00
      1.1440         1.05
      1.1450         1.00
      1.1460         1.00
      1.1470         1.00
      1.1480         1.00
      1.1490         1.02
      1.1500         1.04
      1.1510         1.15
      1.1520         1.00
      1.1530         1.00
      1.1540         1.00
      1.1550         1.00
      1.1560         1.00
      1.1570         1.00
      1.1580         1.00
      1.1590         1.00
      1.1600         1.00
      1.1610         1.00
      1.1620         1.00
      1.1630         1.00
      1.1640         1.00
      1.1650         1.00
      1.1660         1.00
      1.1670         1.00
      1.1680         1.00
      1.1690         1.00
      1.1700         1.00
      1.1710         1.00
      1.1720         1.00
      1.1730         1.00
      1.1740         1.00
      1.1750         1.00
      1.1760         1.00
      1.1770         1.00
      1.1780         1.00
      1.1790         1.00
      1.1800         1.00
      1.1810         1.00
      1.1820         1.00
      1.1830         1.00
      1.1840         1.00
      1.1850         1.00
      1.1860         1.00
      1.1870         1.00
      1.1880         1.00
      1.1890         1.00
      1.1900         1.00
      1.1910         1.00
      1.1920         1.00
      1.1930         1.00
      1.1940         1.00
      1.1950         1.00
      1.1960         1.00
      1.1970         1.00
      1.1980         1.00
      1.1990         1.00
      1.2000         1.00
      1.2010         1.00
      1.2020         1.00
      1.2030         1.00
      1.2040         1.00
      1.2050         1.00
      1.2060         1.00
      1.2070         1.00
      1.2080         1.00
      1.2090         1.00
      1.2100         1.00
      1.2110         1.00
      1.2120         1.00
      1.2130         1.00
      1.2140         1.00
      1.2150         1.00
      1.2160         1.00
      1.2170         1.00
      1.2180         1.00
      1.2190         1.00
      1.2200         1.00
      1.2210         1.00
      1.2220         1.00
      1.2230         1.00
      1.2240         1.00
      1.2250         1.00
      1.2260         1.00
      1.2270         1.00
      1.2280         1.00
      1.2290         1.00
      1.2300         1.00
      1.2310         1.00
      1.2320         1.00
      1.2330         1.00
      1.2340         1.00
      1.2350         1.00
      1.2360         1.00
      1.2370         1.00
      1.2380         1.00
      1.2390         1.00
      1.2400         1.00
      1.2410         1.00
      1.2420         1.00
      1.2430         1.00
      1.2440         1.00
      1.2450         1.00
      1.2460         1.00
      1.2470         1.00
      1.2480         1.00
      1.2490         1.00
      1.2500         1.00
      1.2510         1.00
      1.2520         1.00
      1.2530         1.00
      1.2540         1.00
      1.2550         1.00
      1.2560         1.00
      1.2570         1.00
      1.2580         1.00
      1.2590         1.00
      1.2600         1.00
      1.2610         1.00
      1.2620         1.00
      1.2630         1.00
      1.2640         1.00
      1.2650         1.00
      1.2660         1.00
      1.2670         1.00
      1.2680         1.00
      1.2690         1.00
      1.2700         1.00
      1.2710         1.00
      1.2720         1.00
      1.2730         1.00
      1.2740         1.00
      1.2750         1.00
      1.2760         1.00
      1.2770         1.00
      1.2780         1.00
      1.2790         1.00
      1.2800         1.00
      1.2810         1.00
      1.2820         1.00
      1.2830         1.00
      1.2840         1.00
      1.2850         1.00
      1.2860         1.00
      1.2870         1.00
      1.2880         1.00
      1.2890         1.00
      1.2900         1.00
      1.2910         1.00
      1.2920         1.00
      1.2930         1.00
      1.2940         1.00
      1.2950         1.00
      1.2960         1.00
      1.2970         1.00
      1.2980         1.00
      1.2990         1.00
      1.3000         1.00
      1.3010         1.00
      1.3020         1.00
      1.3030         1.00
      1.3040         1.00
      1.3050         1.00
      1.3060         1.00
      1.3070         1.00
      1.3080         1.00
      1.3090         1.00
      1.3100         1.00
      1.3110         1.00
      1.3120         1.00
      1.3130         1.00
      1.3140         1.00
      1.3150         1.00
      1.3160         1.00
      1.3170         1.00
      1.3180         1.00
      1.3190         1.00
      1.3200         1.00
      1.3210         1.00
      1.3220         1.00
      1.3230         1.00
      1.3240         1.00
      1.3250         1.00
      1.3260         1.00
      1.3270         1.00
      1.3280         1.00
      1.3290         1.00
      1.3300         1.00
      1.3310         1.00
      1.3320         1.00
      1.3330         1.00
      1.3340         1.00
      1.3350         1.00
      1.3360         1.00
      1.3370         1.00
      1.3380         1.00
      1.3390         1.00
      1.3400         1.00
      1.3410         1.00
      1.3420         1.00
      1.3430         1.00
      1.3440         1.00
      1.3450         1.00
      1.3460         1.00
      1.3470         1.00
      1.3480         1.00
      1.3490         1.00
      1.3500         1.00
      1.3510         1.00
      1.3520         1.00
      1.3530         1.00
      1.3540         1.00
      1.3550         1.00
      1.3560         1.00
      1.3570         1.00
      1.3580         1.00
      1.3590         1.00
      1.3600         1.00
      1.3610         1.00
      1.3620         1.00
      1.3630         1.00
      1.3640         1.00
      1.3650         1.00
      1.3660         1.00
      1.3670         1.00
      1.3680         1.00
      1.3690         1.00
      1.3700         1.00
      1.3710         1.00
      1.3720         1.00
      1.3730         1.00
      1.3740         1.00
      1.3750         1.00
      1.3760         1.00
      1.3770         1.00
      1.3780         1.00
      1.3790         1.00
      1.3800         1.00
      1.3810         1.00
      1.3820         1.00
      1.3830         1.00
      1.3840         1.00
      1.3850         1.00
      1.3860         1.00
      1.3870         1.00
      1.3880         1.00
      1.3890         1.00
      1.3900         1.00
      1.3910         1.00
      1.3920         1.00
      1.3930         1.00
      1.3940         1.00
      1.3950         1.00
      1.3960         1.00
      1.3970         1.00
      1.3980         1.00
      1.3990         1.00
      1.4000         1.00
      1.4010         1.00
      1.4020         1.00
      1.4030         1.00
      1.4040         1.00
      1.4050         1.00
      1.4060         1.00
      1.4070         1.00
      1.4080         1.00
      1.4090         1.00
      1.4100         1.00
      1.4110         1.00
      1.4120         1.00
      1.4130         1.00
      1.4140         1.00
      1.4150         1.00
      1.4160         1.00
      1.4170         1.00
      1.4180         1.00
      1.4190         1.00
      1.4200         1.00
      1.4210         1.00
      1.4220         1.00
      1.4230         1.00
      1.4240         1.00
      1.4250         1.00
      1.4260         1.00
      1.4270         1.00
      1.4280         1.00
      1.4290         1.00
      1.4300         1.00
      1.4310         1.00
      1.4320         1.00
      1.4330         1.00
      1.4340         1.00
      1.4350         1.00
      1.4360         1.00
      1.4370         1.00
      1.4380         1.00
      1.4390         1.00
      1.4400         1.00
      1.4410         1.00
      1.4420         1.00
      1.4430         1.00
      1.4440         1.00
      1.4450         1.00
      1.4460         1.00
      1.4470         1.00
      1.4480         1.00
      1.4490         1.00
      1.4500         1.00
      1.4510         1.00
      1.4520         1.00
      1.4530         1.00
      1.4540         1.00
      1.4550         1.00
      1.4560         1.00
      1.4570         1.00
      1.4580         1.00
      1.4590         1.00
      1.4600         1.00
      1.4610         1.00
      1.4620         1.00
      1.4630         1.00
      1.4640         1.00
      1.4650         1.00
      1.4660         1.00
      1.4670         1.00
      1.4680         1.00
      1.4690         1.00
      1.4700         1.00
      1.4710         1.00
      1.4720         1.00
      1.4730         1.00
      1.4740         1.00
      1.4750         1.00
      1.4760         1.00
      1.4770         1.00
      1.4780         1.00
      1.4790         1.19
      1.4800         1.21
      1.4810         1.20
      1.4820         1.23
      1.4830         1.75
      1.4840         1.84
      1.4850         1.81
      1.4860         1.84
      1.4870         1.85
      1.4880         1.28
      1.4890         1.72
      1.4900         1.78
      1.4910         1.34
      1.4920         1.27
      1.4930         1.15
      1.4940         1.11
      1.4950         1.27
      1.4960         1.27
      1.4970         1.30
      1.4980         1.28
      1.4990         1.32
      1.5000         1.28
      1.5010         1.35
      1.5020         1.34
      1.5030         1.31
      1.5040         1.32
      1.5050         1.50
      1.5060         1.58
      1.5070         1.62
      1.5080         1.65
      1.5090         1.76
      1.5100         1.79
      1.5110         1.76
      1.5120         1.84
      1.5130         2.02
      1.5140         2.16
      1.5150         2.11
      1.5160         2.72
      1.5170         3.02
      1.5180         3.21
      1.5190         3.26
      1.5200         3.40
      1.5210         3.34
      1.5220         3.36
      1.5230         3.49
      1.5240         3.53
      1.5250         3.46
      1.5260         3.53
      1.5270         3.50
      1.5280         3.56
      1.5290         3.52
      1.5300         3.49
      1.5310         3.49
      1.5320         3.53
      1.5330         3.55
      1.5340         3.48
      1.5350         3.43
      1.5360         3.44
      1.5370         3.35
      1.5380         3.28
      1.5390         3.42
      1.5400         3.39
      1.5410         3.48
      1.5420         3.60
      1.5430         3.52
      1.5440         3.55
      1.5450         3.69
      1.5460         3.70
      1.5470         3.74
      1.5480         3.61
      1.5490         3.73
      1.5500         3.77
      1.5510         3.97
      1.5520         4.02
      1.5530         4.69
      1.5540         4.83
      1.5550         5.01
      1.5560         5.10
      1.5570         5.14
      1.5580         5.25
      1.5590         5.31
      1.5600         5.33
      1.5610         5.51
      1.5620         5.52
      1.5630         5.64
      1.5640         5.71
      1.5650         5.21
      1.5660         5.30
      1.5670         5.49
      1.5680         5.67
      1.5690         5.59
      1.5700         5.67
      1.5710         5.70
      1.5720         5.73
      1.5730         5.71
      1.5740         5.78
      1.5750         5.84
      1.5760         5.82
      1.5770         5.86
      1.5780         5.95
      1.5790         5.97
      1.5800         6.00
      1.5810         6.24
      1.5820         6.50
      1.5830         6.44
      1.5840         6.43
      1.5850         6.49
      1.5860         6.49
      1.5870         6.54
      1.5880         6.64
      1.5890         6.84
      1.5900         7.03
      1.5910         7.13
      1.5920         7.24
      1.5930         7.36
      1.5940         7.58
      1.5950         7.70
      1.5960         7.85
      1.5970         7.97
      1.5980         8.57
      1.5990         8.75
      1.6000         8.94
      1.6010         9.02
      1.6020         9.16
      1.6030         8.85
      1.6040         9.54
      1.6050         9.62
      1.6060         9.73
      1.6070         9.86
      1.6080        10.05
      1.6090        10.08
      1.6100         9.58
      1.6110        10.13
      1.6120        10.15
      1.6130         9.67
      1.6140         9.71
      1.6150         9.78
      1.6160         9.89
      1.6170        10.00
      1.6180        10.05
      1.6190        10.08
      1.6200        10.13
      1.6210        10.09
      1.6220         9.98
      1.6230        10.51
      1.6240        10.40
      1.6250        10.50
      1.6260        10.54
      1.6270        10.47
      1.6280        10.31
      1.6290        10.44
      1.6300        10.60
      1.6310        10.62
      1.6320        10.78
      1.6330        10.89
      1.6340        10.96
      1.6350        10.99
      1.6360        11.19
      1.6370        11.23
      1.6380        11.34
      1.6390        11.50
      1.6400        11.66
      1.6410        11.71
      1.6420        11.83
      1.6430        12.11
      1.6440        12.37
      1.6450        12.56
      1.6460        12.70
      1.6470        12.92
      1.6480        13.08
      1.6490        13.17
      1.6500        13.08
      1.6510        13.08
      1.6520        13.25
      1.6530        13.30
      1.6540        12.77
      1.6550        12.89
      1.6560        13.27
      1.6570        12.96
      1.6580        13.02
      1.6590        13.08
      1.6600        13.12
      1.6610        13.22
      1.6620        13.76
      1.6630        13.21
      1.6640        13.34
      1.6650        13.49
      1.6660        13.46
      1.6670        13.68
      1.6680        14.34
      1.6690        14.42
      1.6700        14.52
      1.6710        14.76
      1.6720        14.83
      1.6730        15.00
      1.6740        15.15
      1.6750        15.33
      1.6760        15.46
      1.6770        15.62
      1.6780        15.83
      1.6790        15.92
      1.6800        16.03
      1.6810        16.26
      1.6820        16.55
      1.6830        16.62
      1.6840        16.83
      1.6850        16.85
      1.6860        17.05
      1.6870        16.97
      1.6880        16.95
      1.6890        16.92
      1.6900        17.10
      1.6910        17.15
      1.6920        17.19
      1.6930        16.81
      1.6940        16.92
      1.6950        17.50
      1.6960        17.53
      1.6970        16.98
      1.6980        17.55
      1.6990        17.60
      1.7000        17.71
      1.7010        17.70
      1.7020        16.99
      1.7030        17.08
      1.7040        16.98
      1.7050        17.20
      1.7060        17.73
      1.7070        17.86
      1.7080        18.06
      1.7090        18.12
      1.7100        18.06
      1.7110        18.17
      1.7120        18.20
      1.7130        18.25
      1.7140        18.19
      1.7150        18.15
      1.7160        18.30
      1.7170        18.34
      1.7180        18.39
      1.7190        18.47
      1.7200        18.54
      1.7210        18.60
      1.7220        18.68
      1.7230        18.87
      1.7240        18.95
      1.7250        18.90
      1.7260        18.92
      1.7270        18.82
      1.7280        18.80
      1.7290        18.94
      1.7300        19.09
      1.7310        19.22
      1.7320        19.37
      1.7330        19.53
      1.7340        19.68
      1.7350        19.72
      1.7360        19.84
      1.7370        20.07
      1.7380        20.07
      1.7390        20.12
      1.7400        20.07
      1.7410        20.10
      1.7420        20.23
      1.7430        20.04
      1.7440        20.04
      1.7450        20.06
      1.7460        20.00
      1.7470        20.15
      1.7480        20.11
      1.7490        20.19
      1.7500        20.30
      1.7510        20.18
      1.7520        20.18
      1.7530        20.10
      1.7540        20.25
      1.7550        20.49
      1.7560        20.52
      1.7570        20.48
      1.7580        20.67
      1.7590        20.80
      1.7600        20.90
      1.7610        21.03
      1.7620        21.25
      1.7630        21.41
      1.7640        21.49
      1.7650        21.64
      1.7660        21.87
      1.7670        22.10
      1.7680        22.30
      1.7690        22.50
      1.7700        22.66
      1.7710        22.78
      1.7720        22.81
      1.7730        22.86
      1.7740        22.89
      1.7750        22.92
      1.7760        22.82
      1.7770        22.89
      1.7780        22.76
      1.7790        22.73
      1.7800        22.75
      1.7810        22.65
      1.7820        22.47
      1.7830        22.61
      1.7840        22.68
      1.7850        22.68
      1.7860        22.66
      1.7870        22.60
      1.7880        22.58
      1.7890        22.54
      1.7900        22.55
      1.7910        22.73
      1.7920        22.83
      1.7930        22.92
      1.7940        22.93
      1.7950        22.95
      1.7960        23.01
      1.7970        23.22
      1.7980        23.44
      1.7990        23.56
      1.8000        23.72
      1.8010        23.86
      1.8020        24.09
      1.8030        24.08
      1.8040        24.21
      1.8050        24.21
      1.8060        24.23
      1.8070        24.19
      1.8080        24.23
      1.8090        24.35
      1.8100        24.34
      1.8110        24.28
      1.8120        24.27
      1.8130        24.31
      1.8140        24.26
      1.8150        24.15
      1.8160        24.21
      1.8170        24.06
      1.8180        23.95
      1.8190        23.82
      1.8200        23.64
      1.8210        23.64
      1.8220        23.63
      1.8230        23.54
      1.8240        23.39
      1.8250        23.39
      1.8260        23.51
      1.8270        23.52
      1.8280        23.52
      1.8290        23.48
      1.8300        23.41
      1.8310        23.39
      1.8320        23.41
      1.8330        23.36
      1.8340        23.54
      1.8350        23.55
      1.8360        23.66
      1.8370        23.70
      1.8380        23.81
      1.8390        24.01
      1.8400        24.33
      1.8410        24.36
      1.8420        24.48
      1.8430        24.68
      1.8440        25.03
      1.8450        25.33
      1.8460        25.44
      1.8470        25.66
      1.8480        25.74
      1.8490        25.78
      1.8500        25.94
      1.8510        26.04
      1.8520        26.13
      1.8530        26.28
      1.8540        26.22
      1.8550        26.36
      1.8560        26.36
      1.8570        26.37
      1.8580        26.36
      1.8590        26.27
      1.8600        26.26
      1.8610        26.28
      1.8620        26.24
      1.8630        26.24
      1.8640        26.17
      1.8650        25.91
      1.8660        25.81
      1.8670        25.74
      1.8680        25.83
      1.8690        25.82
      1.8700        25.72
      1.8710        25.69
      1.8720        25.67
      1.8730        25.76
      1.8740        25.75
      1.8750        25.82
      1.8760        25.86
      1.8770        26.06
      1.8780        26.15
      1.8790        26.23
      1.8800        26.29
      1.8810        26.45
      1.8820        26.53
      1.8830        26.58
      1.8840        26.61
      1.8850        26.84
      1.8860        26.96
      1.8870        27.01
      1.8880        27.04
      1.8890        27.04
      1.8900        27.24
      1.8910        27.32
      1.8920        27.36
      1.8930        27.33
      1.8940        27.33
      1.8950        27.45
      1.8960        27.44
      1.8970        27.27
      1.8980        27.23
      1.8990        27.22
      1.9000        26.99
      1.9010        26.77
      1.9020        26.57
      1.9030        26.54
      1.9040        26.44
      1.9050        26.26
      1.9060        26.18
      1.9070        26.24
      1.9080        26.18
      1.9090        26.21
      1.9100        26.16
      1.9110        26.21
      1.9120        26.18
      1.9130        26.21
      1.9140        26.27
      1.9150        26.09
      1.9160        26.16
      1.9170        26.25
      1.9180        26.39
      1.9190        26.44
      1.9200        26.61
      1.9210        26.90
      1.9220        27.15
      1.9230        27.23
      1.9240        27.31
      1.9250        27.37
      1.9260        27.37
      1.9270        27.37
      1.9280        27.48
      1.9290        27.68
      1.9300        27.76
      1.9310        27.66
      1.9320        27.72
      1.9330        27.57
      1.9340        27.60
      1.9350        27.62
      1.9360        27.56
      1.9370        27.68
      1.9380        27.52
      1.9390        27.51
      1.9400        27.49
      1.9410        27.40
      1.9420        27.35
      1.9430        27.21
      1.9440        27.14
      1.9450        27.06
      1.9460        27.16
      1.9470        27.26
      1.9480        27.30
      1.9490        27.25
      1.9500        27.17
      1.9510        27.22
      1.9520        27.22
      1.9530        27.33
      1.9540        27.28
      1.9550        27.37
      1.9560        27.44
      1.9570        27.29
      1.9580        27.41
      1.9590        27.53
      1.9600        27.62
      1.9610        27.70
      1.9620        27.76
      1.9630        27.81
      1.9640        27.89
      1.9650        28.01
      1.9660        28.04
      1.9670        27.91
      1.9680        27.88
      1.9690        27.87
      1.9700        27.91
      1.9710        27.86
      1.9720        28.06
      1.9730        28.16
      1.9740        28.31
      1.9750        28.49
      1.9760        28.64
      1.9770        28.68
      1.9780        28.82
      1.9790        28.52
      1.9800        28.45
      1.9810        28.19
      1.9820        28.15
      1.9830        28.14
      1.9840        28.15
      1.9850        28.11
      1.9860        27.90
      1.9870        27.99
      1.9880        27.94
      1.9890        27.87
      1.9900        27.90
      1.9910        28.00
      1.9920        27.86
      1.9930        27.85
      1.9940        27.79
      1.9950        27.59
      1.9960        27.50
      1.9970        27.45
      1.9980        27.32
      1.9990        27.55
      2.0000        27.64
      2.0010        27.98
      2.0020        28.07
      2.0030        28.20
      2.0040        28.24
      2.0050        28.43
      2.0060        28.62
      2.0070        28.77
      2.0080        28.80
      2.0090        28.76
      2.0100        28.83
      2.0110        28.85
      2.0120        28.87
      2.0130        28.83
      2.0140        28.87
      2.0150        28.93
      2.0160        29.02
      2.0170        29.08
      2.0180        29.11
      2.0190        29.25
      2.0200        29.32
      2.0210        29.17
      2.0220        29.05
      2.0230        29.09
      2.0240        28.95
      2.0250        28.93
      2.0260        28.97
      2.0270        28.86
      2.0280        28.96
      2.0290        28.90
      2.0300        28.80
      2.0310        28.88
      2.0320        28.96
      2.0330        28.94
      2.0340        29.00
      2.0350        29.00
      2.0360        28.96
      2.0370        29.12
      2.0380        29.19
      2.0390        29.03
      2.0400        28.98
      2.0410        29.15
      2.0420        29.36
      2.0430        29.45
      2.0440        29.74
      2.0450        29.70
      2.0460        29.80
      2.0470        29.95
      2.0480        29.95
      2.0490        30.16
      2.0500        30.26
      2.0510        30.23
      2.0520        30.19
      2.0530        30.31
      2.0540        30.46
      2.0550        30.57
      2.0560        30.61
      2.0570        30.51
      2.0580        30.45
      2.0590        30.73
      2.0600        30.78
      2.0610        30.72
      2.0620        30.61
      2.0630        30.65
      2.0640        30.50
      2.0650        30.57
      2.0660        30.54
      2.0670        30.44
      2.0680        30.43
      2.0690        30.27
      2.0700        30.29
      2.0710        30.32
      2.0720        30.31
      2.0730        30.35
      2.0740        30.29
      2.0750        30.40
      2.0760        30.40
      2.0770        30.36
      2.0780        30.48
      2.0790        30.33
      2.0800        30.32
      2.0810        30.32
      2.0820        30.45
      2.0830        30.46
      2.0840        30.54
      2.0850        30.50
      2.0860        30.57
      2.0870        30.59
      2.0880        30.73
      2.0890        31.00
      2.0900        31.05
      2.0910        31.12
      2.0920        31.31
      2.0930        31.38
      2.0940        31.41
      2.0950        31.33
      2.0960        31.42
      2.0970        31.58
      2.0980        31.58
      2.0990        31.76
      2.1000        31.80
      2.1010        31.97
      2.1020        31.86
      2.1030        31.80
      2.1040        31.77
      2.1050        31.69
      2.1060        31.61
      2.1070        31.61
      2.1080        31.66
      2.1090        31.73
      2.1100        31.70
      2.1110        31.73
      2.1120        31.81
      2.1130        31.64
      2.1140        31.69
      2.1150        31.69
      2.1160        31.65
      2.1170        31.64
      2.1180        31.56
      2.1190        31.50
      2.1200        31.61
      2.1210        31.45
      2.1220        31.57
      2.1230        31.81
      2.1240        31.84
      2.1250        32.00
      2.1260        32.15
      2.1270        32.26
      2.1280        32.33
      2.1290        32.34
      2.1300        32.41
      2.1310        32.45
      2.1320        32.43
      2.1330        32.66
      2.1340        32.87
      2.1350        32.95
      2.1360        33.04
      2.1370        33.03
      2.1380        33.20
      2.1390        33.28
      2.1400        33.27
      2.1410        33.21
      2.1420        33.30
      2.1430        33.28
      2.1440        33.47
      2.1450        33.49
      2.1460        33.48
      2.1470        33.52
      2.1480        33.45
      2.1490        33.39
      2.1500        33.33
      2.1510        33.27
      2.1520        33.14
      2.1530        33.10
      2.1540        32.78
      2.1550        32.76
      2.1560        32.71
      2.1570        32.65
      2.1580        32.64
      2.1590        32.53
      2.1600        32.49
      2.1610        32.63
      2.1620        32.51
      2.1630        32.43
      2.1640        32.40
      2.1650        32.47
      2.1660        32.47
      2.1670        32.46
      2.1680        32.36
      2.1690        32.31
      2.1700        32.44
      2.1710        32.46
      2.1720        32.57
      2.1730        32.56
      2.1740        32.63
      2.1750        32.65
      2.1760        32.76
      2.1770        32.90
      2.1780        32.91
      2.1790        32.94
      2.1800        32.88
      2.1810        32.94
      2.1820        33.08
      2.1830        33.04
      2.1840        32.94
      2.1850        32.95
      2.1860        32.86
      2.1870        32.76
      2.1880        32.64
      2.1890        32.56
      2.1900        32.63
      2.1910        32.51
      2.1920        32.47
      2.1930        32.46
      2.1940        32.50
      2.1950        32.55
      2.1960        32.42
      2.1970        32.39
      2.1980        32.36
      2.1990        32.35
      2.2000        32.54
      2.2010        32.43
      2.2020        32.18
      2.2030        32.06
      2.2040        32.06
      2.2050        31.95
      2.2060        31.99
      2.2070        31.98
      2.2080        32.15
      2.2090        32.27
      2.2100        32.23
      2.2110        32.36
      2.2120        32.38
      2.2130        32.42
      2.2140        32.31
      2.2150        32.27
      2.2160        32.37
      2.2170        32.29
      2.2180        32.39
      2.2190        32.46
      2.2200        32.45
      2.2210        32.61
      2.2220        32.79
      2.2230        32.96
      2.2240        32.94
      2.2250        33.01
      2.2260        33.09
      2.2270        33.28
      2.2280        33.27
      2.2290        33.46
      2.2300        33.31
      2.2310        33.21
      2.2320        33.28
      2.2330        33.16
      2.2340        33.28
      2.2350        33.09
      2.2360        33.11
      2.2370        33.01
      2.2380        33.01
      2.2390        32.90
      2.2400        32.72
      2.2410        32.60
      2.2420        32.62
      2.2430        32.65
      2.2440        32.53
      2.2450        32.38
      2.2460        32.33
      2.2470        32.18
      2.2480        32.29
      2.2490        32.09
      2.2500        32.18
      2.2510        32.36
      2.2520        32.32
      2.2530        32.41
      2.2540        32.42
      2.2550        32.72
      2.2560        32.64
      2.2570        32.79
      2.2580        32.66
      2.2590        32.60
      2.2600        32.70
      2.2610        32.78
      2.2620        32.73
      2.2630        32.69
      2.2640        32.91
      2.2650        32.99
      2.2660        32.96
      2.2670        33.05
      2.2680        33.00
      2.2690        32.97
      2.2700        32.87
      2.2710        32.77
      2.2720        32.80
      2.2730        32.71
      2.2740        32.75
      2.2750        32.64
      2.2760        32.69
      2.2770        32.76
      2.2780        32.76
      2.2790        32.76
      2.2800        32.70
      2.2810        32.60
      2.2820        32.64
      2.2830        32.53
      2.2840        32.46
      2.2850        32.49
      2.2860        32.72
      2.2870        32.76
      2.2880        32.66
      2.2890        32.68
      2.2900        32.84
      2.2910        32.94
      2.2920        32.96
      2.2930        33.04
      2.2940        33.10
      2.2950        33.10
      2.2960        33.26
      2.2970        33.40
      2.2980        33.57
      2.2990        33.90
      2.3000        33.93
      2.3010        34.16
      2.3020        34.27
      2.3030        34.52
      2.3040        34.58
      2.3050        34.64
      2.3060        34.49
      2.3070        34.43
      2.3080        34.60
      2.3090        34.78
      2.3100        34.75
      2.3110        34.61
      2.3120        34.56
      2.3130        34.67
      2.3140        34.49
      2.3150        34.47
      2.3160        34.28
      2.3170        33.97
      2.3180        33.99
      2.3190        33.73
      2.3200        33.76
      2.3210        33.64
      2.3220        33.57
      2.3230        33.50
      2.3240        33.53
      2.3250        33.57
      2.3260        33.57
      2.3270        33.61
      2.3280        33.45
      2.3290        33.37
      2.3300        33.37
      2.3310        33.35
      2.3320        33.42
      2.3330        33.39
      2.3340        33.46
      2.3350        33.52
      2.3360        33.65
      2.3370        33.81
      2.3380        33.52
      2.3390        33.61
      2.3400        33.82
      2.3410        33.84
      2.3420        33.88
      2.3430        33.92
      2.3440        34.00
      2.3450        33.93
      2.3460        34.09
      2.3470        34.00
      2.3480        34.17
      2.3490        34.16
      2.3500        34.05
      2.3510        34.05
      2.3520        33.94
      2.3530        33.97
      2.3540        33.94
      2.3550        33.92
      2.3560        33.86
      2.3570        33.86
      2.3580        33.99
      2.3590        33.99
      2.3600        33.68
      2.3610        33.66
      2.3620        33.58
      2.3630        33.27
      2.3640        33.15
      2.3650        33.06
      2.3660        32.91
      2.3670        32.92
      2.3680        32.74
      2.3690        32.70
      2.3700        32.77
      2.3710        32.77
      2.3720        32.85
      2.3730        32.77
      2.3740        32.78
      2.3750        32.88
      2.3760        32.89
      2.3770        32.94
      2.3780        32.92
      2.3790        32.93
      2.3800        33.04
      2.3810        33.01
      2.3820        33.11
      2.3830        33.40
      2.3840        33.53
      2.3850        33.60
      2.3860        33.59
      2.3870        33.56
      2.3880        33.70
      2.3890        33.79
      2.3900        33.76
      2.3910        33.71
      2.3920        33.67
      2.3930        33.58
      2.3940        33.55
      2.3950        33.50
      2.3960        33.44
      2.3970        33.40
      2.3980        33.51
      2.3990        33.39
      2.4000        33.35
      2.4010        33.28
      2.4020        33.17
      2.4030        33.03
      2.4040        32.78
      2.4050        32.71
      2.4060        32.61
      2.4070        32.65
      2.4080        32.50
      2.4090        32.40
      2.4100        32.28
      2.4110        32.34
      2.4120        32.28
      2.4130        32.52
      2.4140        32.62
      2.4150        32.56
      2.4160        32.66
      2.4170        32.66
      2.4180        32.73
      2.4190        32.77
      2.4200        32.86
      2.4210        33.02
      2.4220        33.11
      2.4230        33.19
      2.4240        33.36
      2.4250        33.54
      2.4260        33.67
      2.4270        33.60
      2.4280        33.61
      2.4290        33.68
      2.4300        33.88
      2.4310        33.88
      2.4320        33.88
      2.4330        33.78
      2.4340        33.73
      2.4350        33.70
      2.4360        33.49
      2.4370        33.41
      2.4380        33.25
      2.4390        33.23
      2.4400        33.06
      2.4410        32.90
      2.4420        32.59
      2.4430        32.51
      2.4440        32.37
      2.4450        32.12
      2.4460        31.91
      2.4470        31.90
      2.4480        31.84
      2.4490        31.66
      2.4500        31.44
      2.4510        31.38
      2.4520        31.24
      2.4530        31.17
      2.4540        31.00
      2.4550        30.99
      2.4560        31.15
      2.4570        31.08
      2.4580        30.99
      2.4590        30.99
      2.4600        31.00
      2.4610        30.96
      2.4620        31.04
      2.4630        31.00
      2.4640        30.98
      2.4650        31.08
      2.4660        31.18
      2.4670        31.10
      2.4680        31.11
      2.4690        31.08
      2.4700        31.13
      2.4710        31.08
      2.4720        31.23
      2.4730        31.07
      2.4740        31.19
      2.4750        31.03
      2.4760        30.72
      2.4770        30.60
      2.4780        30.60
      2.4790        30.47
      2.4800        30.49
      2.4810        30.40
      2.4820        30.34
      2.4830        30.18
      2.4840        30.08
      2.4850        29.94
      2.4860        29.86
      2.4870        29.82
      2.4880        29.68
      2.4890        29.64
      2.4900        29.63
      2.4910        29.58
      2.4920        29.46
      2.4930        29.48
      2.4940        29.35
      2.4950        29.44
      2.4960        29.63
      2.4970        29.62
      2.4980        29.58
      2.4990        29.48
      2.5000        29.52
      2.5010        29.57
      2.5020        29.51
      2.5030        29.65
      2.5040        29.83
      2.5050        29.80
      2.5060        29.85
      2.5070        29.88
      2.5080        29.92
      2.5090        29.96
      2.5100        30.00
      2.5110        30.08
      2.5120        30.05
      2.5130        29.96
      2.5140        29.97
      2.5150        30.04
      2.5160        29.97
      2.5170        30.16
      2.5180        30.17
      2.5190        30.16
      2.5200        29.96
      2.5210        29.88
      2.5220        29.78
      2.5230        29.63
      2.5240        29.36
      2.5250        29.55
      2.5260        29.36
      2.5270        29.26
      2.5280        29.16
      2.5290        29.08
      2.5300        28.89
      2.5310        28.77
      2.5320        28.71
      2.5330        28.68
      2.5340        28.64
      2.5350        28.41
      2.5360        28.30
      2.5370        28.10
      2.5380        28.03
      2.5390        28.18
      2.5400        28.29
      2.5410        28.40
      2.5420        28.50
      2.5430        28.53
      2.5440        28.70
      2.5450        28.54
      2.5460        28.68
      2.5470        28.74
      2.5480        28.82
      2.5490        28.86
      2.5500        28.97
      2.5510        29.00
      2.5520        28.89
      2.5530        28.82
      2.5540        28.98
      2.5550        29.06
      2.5560        29.13
      2.5570        29.17
      2.5580        29.09
      2.5590        28.94
      2.5600        28.77
      2.5610        28.61
      2.5620        28.53
      2.5630        28.54
      2.5640        28.46
      2.5650        28.42
      2.5660        28.32
      2.5670        28.21
      2.5680        28.05
      2.5690        27.93
      2.5700        27.76
      2.5710        27.70
      2.5720        27.71
      2.5730        27.81
      2.5740        27.58
      2.5750        27.48
      2.5760        27.40
      2.5770        27.36
      2.5780        27.44
      2.5790        27.46
      2.5800        27.45
      2.5810        27.50
      2.5820        27.49
      2.5830        27.62
      2.5840        27.53
      2.5850        27.42
      2.5860        27.44
      2.5870        27.58
      2.5880        27.73
      2.5890        27.90
      2.5900        28.03
      2.5910        28.02
      2.5920        28.06
      2.5930        28.13
      2.5940        28.03
      2.5950        27.98
      2.5960        27.92
      2.5970        27.99
      2.5980        27.96
      2.5990        28.00
      2.6000        28.01
      2.6010        28.00
      2.6020        27.97
      2.6030        27.83
      2.6040        27.79
      2.6050        27.83
      2.6060        27.84
      2.6070        27.76
      2.6080        27.72
      2.6090        27.63
      2.6100        27.50
      2.6110        27.46
      2.6120        27.44
      2.6130        27.26
      2.6140        27.33
      2.6150        27.36
      2.6160        27.42
      2.6170        27.33
      2.6180        27.36
      2.6190        27.26
      2.6200        27.33
      2.6210        27.31
      2.6220        27.23
      2.6230        27.12
      2.6240        27.13
      2.6250        27.20
      2.6260        27.12
      2.6270        27.12
      2.6280        27.12
      2.6290        27.08
      2.6300        27.11
      2.6310        27.28
      2.6320        27.25
      2.6330        27.36
      2.6340        27.41
      2.6350        27.49
      2.6360        27.41
      2.6370        27.38
      2.6380        27.33
      2.6390        27.37
      2.6400        27.34
      2.6410        27.22
      2.6420        27.33
      2.6430        27.35
      2.6440        27.39
      2.6450        27.30
      2.6460        27.29
      2.6470        27.18
      2.6480        27.14
      2.6490        26.95
      2.6500        26.83
      2.6510        26.74
      2.6520        26.74
      2.6530        26.66
      2.6540        26.60
      2.6550        26.46
      2.6560        26.40
      2.6570        26.41
      2.6580        26.25
      2.6590        26.10
      2.6600        26.08
      2.6610        26.22
      2.6620        26.30
      2.6630        26.23
      2.6640        26.15
      2.6650        26.23
      2.6660        26.12
      2.6670        26.24
      2.6680        26.24
      2.6690        26.35
      2.6700        26.42
      2.6710        26.46
      2.6720        26.40
      2.6730        26.38
      2.6740        26.44
      2.6750        26.50
      2.6760        26.62
      2.6770        26.53
      2.6780        26.68
      2.6790        26.83
      2.6800        26.66
      2.6810        26.52
      2.6820        26.34
      2.6830        26.36
      2.6840        26.35
      2.6850        26.07
      2.6860        26.00
      2.6870        25.73
      2.6880        25.65
      2.6890        25.68
      2.6900        25.65
      2.6910        25.49
      2.6920        25.52
      2.6930        25.50
      2.6940        25.40
      2.6950        25.25
      2.6960        25.17
      2.6970        25.21
      2.6980        25.08
      2.6990        24.93
      2.7000        24.91
      2.7010        24.94
      2.7020        25.06
      2.7030        25.04
      2.7040        25.08
      2.7050        25.20
      2.7060        25.38
      2.7070        25.56
      2.7080        25.73
      2.7090        25.83
      2.7100        25.79
      2.7110        25.88
      2.7120        25.90
      2.7130        25.90
      2.7140        25.87
      2.7150        26.02
      2.7160        26.11
      2.7170        26.12
      2.7180        26.22
      2.7190        26.40
      2.7200        26.44
      2.7210        26.43
      2.7220        26.42
      2.7230        26.48
      2.7240        26.35
      2.7250        26.44
      2.7260        26.34
      2.7270        26.30
      2.7280        25.97
      2.7290        25.80
      2.7300        25.92
      2.7310        25.85
      2.7320        25.84
      2.7330        25.84
      2.7340        25.74
      2.7350        25.69
      2.7360        25.50
      2.7370        25.26
      2.7380        25.13
      2.7390        24.90
      2.7400        24.95
      2.7410        24.95
      2.7420        24.79
      2.7430        24.67
      2.7440        24.64
      2.7450        24.59
      2.7460        24.50
      2.7470        24.38
      2.7480        24.31
      2.7490        24.17
      2.7500        23.92
      2.7510        23.90
      2.7520        23.89
      2.7530        23.77
      2.7540        23.71
      2.7550        23.58
      2.7560        23.51
      2.7570        23.59
      2.7580        23.60
      2.7590        23.66
      2.7600        23.59
      2.7610        23.52
      2.7620        23.62
      2.7630        23.52
      2.7640        23.49
      2.7650        23.39
      2.7660        23.34
      2.7670        23.34
      2.7680        23.57
      2.7690        23.65
      2.7700        23.69
      2.7710        23.66
      2.7720        23.57
      2.7730        23.49
      2.7740        23.42
      2.7750        23.38
      2.7760        23.27
      2.7770        23.20
      2.7780        23.00
      2.7790        22.84
      2.7800        22.72
      2.7810        22.61
      2.7820        22.39
      2.7830        22.30
      2.7840        22.23
      2.7850        22.07
      2.7860        21.93
      2.7870        21.99
      2.7880        21.74
      2.7890        21.66
      2.7900        21.60
      2.7910        21.46
      2.7920        21.41
      2.7930        21.33
      2.7940        21.45
      2.7950        21.54
      2.7960        21.58
      2.7970        21.53
      2.7980        21.61
      2.7990        21.57
      2.8000        21.67
      2.8010        21.63
      2.8020        21.58
      2.8030        21.55
      2.8040        21.53
      2.8050        21.50
      2.8060        21.59
      2.8070        21.28
      2.8080        21.22
      2.8090        21.05
      2.8100        20.97
      2.8110        20.97
      2.8120        20.70
      2.8130        20.54
      2.8140        20.15
      2.8150        19.92
      2.8160        19.74
      2.8170        19.65
      2.8180        19.56
      2.8190        19.52
      2.8200        19.10
      2.8210        18.97
      2.8220        18.87
      2.8230        18.76
      2.8240        18.68
      2.8250        18.56
      2.8260        18.41
      2.8270        18.38
      2.8280        18.23
      2.8290        18.14
      2.8300        18.04
      2.8310        17.73
      2.8320        17.81
      2.8330        17.92
      2.8340        18.12
      2.8350        18.04
      2.8360        18.15
      2.8370        18.07
      2.8380        18.09
      2.8390        18.00
      2.8400        18.17
      2.8410        18.06
      2.8420        17.99
      2.8430        17.91
      2.8440        17.75
      2.8450        17.72
      2.8460        17.50
      2.8470        17.43
      2.8480        17.23
      2.8490        17.16
      2.8500        17.08
      2.8510        16.84
      2.8520        16.62
      2.8530        16.53
      2.8540        16.26
      2.8550        15.98
      2.8560        15.65
      2.8570        15.48
      2.8580        15.17
      2.8590        14.87
      2.8600        14.60
      2.8610        13.99
      2.8620        13.80
      2.8630        13.76
      2.8640        13.55
      2.8650        13.36
      2.8660        13.30
      2.8670        13.02
      2.8680        12.93
      2.8690        12.85
      2.8700        12.68
      2.8710        12.76
      2.8720        12.57
      2.8730        12.40
      2.8740        12.27
      2.8750        12.29
      2.8760        12.28
      2.8770        12.16
      2.8780        12.64
      2.8790        12.68
      2.8800        12.58
      2.8810        12.63
      2.8820        12.56
      2.8830        12.24
      2.8840        11.78
      2.8850        11.64
      2.8860        11.63
      2.8870        11.60
      2.8880        11.63
      2.8890        11.65
      2.8900        11.66
      2.8910        11.45
      2.8920        11.33
      2.8930        11.08
      2.8940        10.93
      2.8950        10.91
      2.8960        10.79
      2.8970        10.64
      2.8980        10.42
      2.8990        10.15
      2.9000        10.01
      2.9010         9.78
      2.9020         9.60
      2.9030        10.01
      2.9040         9.94
      2.9050         9.79
      2.9060         9.59
      2.9070         9.62
      2.9080         9.38
      2.9090         9.11
      2.9100         8.89
      2.9110         8.80
      2.9120         8.75
      2.9130         8.68
      2.9140         8.14
      2.9150         7.96
      2.9160         7.69
      2.9170         7.73
      2.9180         7.61
      2.9190         7.61
      2.9200         7.64
      2.9210         7.63
      2.9220         7.62
      2.9230         7.52
      2.9240         7.48
      2.9250         7.45
      2.9260         7.43
      2.9270         7.34
      2.9280         7.29
      2.9290         7.22
      2.9300         7.06
      2.9310         6.87
      2.9320         6.77
      2.9330         6.60
      2.9340         6.44
      2.9350         6.31
      2.9360         6.34
      2.9370         6.08
      2.9380         6.00
      2.9390         5.86
      2.9400         5.57
      2.9410         5.47
      2.9420         5.34
      2.9430         5.31
      2.9440         5.06
      2.9450         4.95
      2.9460         4.63
      2.9470         4.41
      2.9480         4.22
      2.9490         4.08
      2.9500         4.10
      2.9510         4.02
      2.9520         3.91
      2.9530         3.81
      2.9540         3.80
      2.9550         3.74
      2.9560         3.66
      2.9570         3.69
      2.9580         3.66
      2.9590         3.62
      2.9600         3.72
      2.9610         3.54
      2.9620         3.39
      2.9630         3.33
      2.9640         3.37
      2.9650         3.36
      2.9660         3.41
      2.9670         3.37
      2.9680         3.44
      2.9690         3.43
      2.9700         3.35
      2.9710         3.29
      2.9720         3.27
      2.9730         3.35
      2.9740         3.26
      2.9750         3.24
      2.9760         3.16
      2.9770         2.97
      2.9780         2.82
      2.9790         2.56
      2.9800         2.34
      2.9810         2.27
      2.9820         2.30
      2.9830         2.22
      2.9840         2.13
      2.9850         1.51
      2.9860         1.56
      2.9870         1.48
      2.9880         1.28
      2.9890         1.19
      2.9900         1.00
      2.9910         1.00
      2.9920         1.00
      2.9930         1.00
      2.9940         1.00
      2.9950         1.00
      2.9960         1.00
      2.9970         1.00
      2.9980         1.00
      2.9990         1.00
