        Time   Palpation Force
      0.0000         1.00
      0.0010         1.00
      0.0020         1.00
      0.0030         1.00
      0.0040         1.00
      0.0050         1.00
      0.0060         1.00
      0.0070         1.00
      0.0080         1.00
      0.0090         1.00
      0.0100         1.00
      0.0110         1.00
      0.0120         1.00
      0.0130         1.00
      0.0140         1.00
      0.0150         1.00
      0.0160         1.00
      0.0170         1.00
      0.0180         1.00
      0.0190         1.00
      0.0200         1.00
      0.0210         1.00
      0.0220         1.00
      0.0230         1.00
      0.0240         1.00
      0.0250         1.00
      0.0260         1.00
      0.0270         1.00
      0.0280         1.00
      0.0290         1.00
      0.0300         1.00
      0.0310         1.00
      0.0320         1.00
      0.0330         1.00
      0.0340         1.00
      0.0350         1.00
      0.0360         1.00
      0.0370         1.00
      0.0380         1.00
      0.0390         1.00
      0.0400         1.00
      0.0410         1.00
      0.0420         1.00
      0.0430         1.00
      0.0440         1.00
      0.0450         1.00
      0.0460         1.00
      0.0470         1.00
      0.0480         1.00
      0.0490         1.00
      0.0500         1.00
      0.0510         1.00
      0.0520         1.00
      0.0530         1.00
      0.0540         1.00
      0.0550         1.00
      0.0560         1.00
      0.0570         1.00
      0.0580         1.00
      0.0590         1.00
      0.0600         1.00
      0.0610         1.00
      0.0620         1.00
      0.0630         1.00
      0.0640         1.00
      0.0650         1.00
      0.0660         1.00
      0.0670         1.00
      0.0680         1.00
      0.0690         1.00
      0.0700         1.00
      0.0710         1.00
      0.0720         1.00
      0.0730         1.00
      0.0740         1.00
      0.0750         1.00
      0.0760         1.00
      0.0770         1.00
      0.0780         1.00
      0.0790         1.00
      0.0800         1.00
      0.0810         1.00
      0.0820         1.00
      0.0830         1.00
      0.0840         1.00
      0.0850         1.00
      0.0860         1.00
      0.0870         1.00
      0.0880         1.00
      0.0890         1.00
      0.0900         1.00
      0.0910         1.00
      0.0920         1.00
      0.0930         1.00
      0.0940         1.00
      0.0950         1.00
      0.0960         1.00
      0.0970         1.00
      0.0980         1.00
      0.0990         1.00
      0.1000         1.00
      0.1010         1.00
      0.1020         1.00
      0.1030         1.00
      0.1040         1.00
      0.1050         1.00
      0.1060         1.00
      0.1070         1.00
      0.1080         1.00
      0.1090         1.00
      0.1100         1.00
      0.1110         1.00
      0.1120         1.00
      0.1130         1.00
      0.1140         1.00
      0.1150         1.00
      0.1160         1.00
      0.1170         1.00
      0.1180         1.00
      0.1190         1.00
      0.1200         1.00
      0.1210         1.00
      0.1220         1.00
      0.1230         1.00
      0.1240         1.00
      0.1250         1.00
      0.1260         1.00
      0.1270         1.00
      0.1280         1.00
      0.1290         1.00
      0.1300         1.00
      0.1310         1.00
      0.1320         1.00
      0.1330         1.00
      0.1340         1.00
      0.1350         1.00
      0.1360         1.00
      0.1370         1.00
      0.1380         1.00
      0.1390         1.00
      0.1400         1.00
      0.1410         1.00
      0.1420         1.00
      0.1430         1.00
      0.1440         1.00
      0.1450         1.00
      0.1460         1.00
      0.1470         1.00
      0.1480         1.00
      0.1490         1.00
      0.1500         1.00
      0.1510         1.00
      0.1520         1.00
      0.1530         1.00
      0.1540         1.00
      0.1550         1.00
      0.1560         1.00
      0.1570         1.00
      0.1580         1.00
      0.1590         1.00
      0.1600         1.00
      0.1610         1.00
      0.1620         1.00
      0.1630         1.00
      0.1640         1.00
      0.1650         1.00
      0.1660         1.00
      0.1670         1.00
      0.1680         1.00
      0.1690         1.00
      0.1700         1.00
      0.1710         1.00
      0.1720         1.00
      0.1730         1.00
      0.1740         1.00
      0.1750         1.00
      0.1760         1.00
      0.1770         1.00
      0.1780         1.00
      0.1790         1.00
      0.1800         1.00
      0.1810         1.00
      0.1820         1.00
      0.1830         1.00
      0.1840         1.00
      0.1850         1.00
      0.1860         1.00
      0.1870         1.00
      0.1880         1.00
      0.1890         1.00
      0.1900         1.00
      0.1910         1.00
      0.1920         1.00
      0.1930         1.00
      0.1940         1.00
      0.1950         1.00
      0.1960         1.00
      0.1970         1.00
      0.1980         1.00
      0.1990         1.00
      0.2000         1.00
      0.2010         1.00
      0.2020         1.00
      0.2030         1.00
      0.2040         1.00
      0.2050         1.00
      0.2060         1.00
      0.2070         1.00
      0.2080         1.00
      0.2090         1.00
      0.2100         1.00
      0.2110         1.00
      0.2120         1.00
      0.2130         1.00
      0.2140         1.00
      0.2150         1.00
      0.2160         1.00
      0.2170         1.00
      0.2180         1.00
      0.2190         1.00
      0.2200         1.00
      0.2210         1.00
      0.2220         1.00
      0.2230         1.00
      0.2240         1.00
      0.2250         1.00
      0.2260         1.00
      0.2270         1.00
      0.2280         1.00
      0.2290         1.00
      0.2300         1.00
      0.2310         1.00
      0.2320         1.00
      0.2330         1.00
      0.2340         1.00
      0.2350         1.00
      0.2360         1.00
      0.2370         1.00
      0.2380         1.00
      0.2390         1.00
      0.2400         1.00
      0.2410         1.00
      0.2420         1.00
      0.2430         1.00
      0.2440         1.00
      0.2450         1.00
      0.2460         1.00
      0.2470         1.00
      0.2480         1.00
      0.2490         1.00
      0.2500         1.00
      0.2510         1.00
      0.2520         1.00
      0.2530         1.00
      0.2540         1.00
      0.2550         1.00
      0.2560         1.00
      0.2570         1.00
      0.2580         1.00
      0.2590         1.00
      0.2600         1.00
      0.2610         1.00
      0.2620         1.00
      0.2630         1.00
      0.2640         1.00
      0.2650         1.00
      0.2660         1.00
      0.2670         1.00
      0.2680         1.00
      0.2690         1.00
      0.2700         1.00
      0.2710         1.00
      0.2720         1.00
      0.2730         1.00
      0.2740         1.00
      0.2750         1.00
      0.2760         1.00
      0.2770         1.00
      0.2780         1.00
      0.2790         1.00
      0.2800         1.00
      0.2810         1.00
      0.2820         1.00
      0.2830         1.00
      0.2840         1.00
      0.2850         1.00
      0.2860         1.00
      0.2870         1.00
      0.2880         1.00
      0.2890         1.00
      0.2900         1.00
      0.2910         1.00
      0.2920         1.00
      0.2930         1.00
      0.2940         1.00
      0.2950         1.00
      0.2960         1.00
      0.2970         1.00
      0.2980         1.00
      0.2990         1.00
      0.3000         1.00
      0.3010         1.00
      0.3020         1.00
      0.3030         1.00
      0.3040         1.00
      0.3050         1.00
      0.3060         1.00
      0.3070         1.00
      0.3080         1.00
      0.3090         1.00
      0.3100         1.00
      0.3110         1.00
      0.3120         1.00
      0.3130         1.00
      0.3140         1.00
      0.3150         1.00
      0.3160         1.00
      0.3170         1.00
      0.3180         1.00
      0.3190         1.00
      0.3200         1.00
      0.3210         1.00
      0.3220         1.00
      0.3230         1.00
      0.3240         1.00
      0.3250         1.00
      0.3260         1.00
      0.3270         1.00
      0.3280         1.00
      0.3290         1.00
      0.3300         1.00
      0.3310         1.00
      0.3320         1.00
      0.3330         1.00
      0.3340         1.00
      0.3350         1.00
      0.3360         1.00
      0.3370         1.00
      0.3380         1.00
      0.3390         1.00
      0.3400         1.00
      0.3410         1.00
      0.3420         1.00
      0.3430         1.00
      0.3440         1.00
      0.3450         1.00
      0.3460         1.00
      0.3470         1.00
      0.3480         1.00
      0.3490         1.00
      0.3500         1.00
      0.3510         1.00
      0.3520         1.00
      0.3530         1.00
      0.3540         1.00
      0.3550         1.00
      0.3560         1.00
      0.3570         1.00
      0.3580         1.00
      0.3590         1.00
      0.3600         1.00
      0.3610         1.00
      0.3620         1.00
      0.3630         1.00
      0.3640         1.00
      0.3650         1.00
      0.3660         1.00
      0.3670         1.00
      0.3680         1.00
      0.3690         1.00
      0.3700         1.00
      0.3710         1.00
      0.3720         1.00
      0.3730         1.00
      0.3740         1.00
      0.3750         1.00
      0.3760         1.00
      0.3770         1.00
      0.3780         1.00
      0.3790         1.00
      0.3800         1.00
      0.3810         1.00
      0.3820         1.00
      0.3830         1.00
      0.3840         1.00
      0.3850         1.00
      0.3860         1.00
      0.3870         1.00
      0.3880         1.00
      0.3890         1.00
      0.3900         1.00
      0.3910         1.00
      0.3920         1.00
      0.3930         1.00
      0.3940         1.00
      0.3950         1.00
      0.3960         1.00
      0.3970         1.00
      0.3980         1.00
      0.3990         1.00
      0.4000         1.00
      0.4010         1.00
      0.4020         1.00
      0.4030         1.00
      0.4040         1.00
      0.4050         1.00
      0.4060         1.00
      0.4070         1.00
      0.4080         1.00
      0.4090         1.00
      0.4100         1.00
      0.4110         1.00
      0.4120         1.00
      0.4130         1.00
      0.4140         1.00
      0.4150         1.00
      0.4160         1.00
      0.4170         1.00
      0.4180         1.00
      0.4190         1.00
      0.4200         1.00
      0.4210         1.00
      0.4220         1.00
      0.4230         1.00
      0.4240         1.00
      0.4250         1.00
      0.4260         1.00
      0.4270         1.00
      0.4280         1.00
      0.4290         1.00
      0.4300         1.00
      0.4310         1.00
      0.4320         1.00
      0.4330         1.00
      0.4340         1.00
      0.4350         1.00
      0.4360         1.00
      0.4370         1.00
      0.4380         1.00
      0.4390         1.00
      0.4400         1.00
      0.4410         1.00
      0.4420         1.00
      0.4430         1.00
      0.4440         1.00
      0.4450         1.00
      0.4460         1.00
      0.4470         1.00
      0.4480         1.00
      0.4490         1.00
      0.4500         1.00
      0.4510         1.00
      0.4520         1.00
      0.4530         1.00
      0.4540         1.00
      0.4550         1.00
      0.4560         1.00
      0.4570         1.00
      0.4580         1.00
      0.4590         1.00
      0.4600         1.00
      0.4610         1.00
      0.4620         1.00
      0.4630         1.00
      0.4640         1.00
      0.4650         1.00
      0.4660         1.00
      0.4670         1.00
      0.4680         1.00
      0.4690         1.00
      0.4700         1.00
      0.4710         1.00
      0.4720         1.00
      0.4730         1.00
      0.4740         1.00
      0.4750         1.00
      0.4760         1.00
      0.4770         1.00
      0.4780         1.00
      0.4790         1.00
      0.4800         1.00
      0.4810         1.00
      0.4820         1.00
      0.4830         1.00
      0.4840         1.00
      0.4850         1.00
      0.4860         1.00
      0.4870         1.00
      0.4880         1.00
      0.4890         1.00
      0.4900         1.00
      0.4910         1.00
      0.4920         1.00
      0.4930         1.00
      0.4940         1.00
      0.4950         1.00
      0.4960         1.00
      0.4970         1.00
      0.4980         1.00
      0.4990         1.00
      0.5000         1.00
      0.5010         1.00
      0.5020         1.00
      0.5030         1.00
      0.5040         1.00
      0.5050         1.00
      0.5060         1.00
      0.5070         1.00
      0.5080         1.00
      0.5090         1.00
      0.5100         1.00
      0.5110         1.00
      0.5120         1.00
      0.5130         1.00
      0.5140         1.00
      0.5150         1.00
      0.5160         1.00
      0.5170         1.00
      0.5180         1.00
      0.5190         1.00
      0.5200         1.00
      0.5210         1.00
      0.5220         1.00
      0.5230         1.00
      0.5240         1.00
      0.5250         1.00
      0.5260         1.00
      0.5270         1.00
      0.5280         1.00
      0.5290         1.00
      0.5300         1.00
      0.5310         1.00
      0.5320         1.00
      0.5330         1.00
      0.5340         1.00
      0.5350         1.00
      0.5360         1.00
      0.5370         1.00
      0.5380         1.00
      0.5390         1.00
      0.5400         1.00
      0.5410         1.00
      0.5420         1.00
      0.5430         1.00
      0.5440         1.00
      0.5450         1.00
      0.5460         1.00
      0.5470         1.00
      0.5480         1.00
      0.5490         1.00
      0.5500         1.00
      0.5510         1.00
      0.5520         1.00
      0.5530         1.00
      0.5540         1.00
      0.5550         1.00
      0.5560         1.00
      0.5570         1.00
      0.5580         1.00
      0.5590         1.00
      0.5600         1.00
      0.5610         1.00
      0.5620         1.00
      0.5630         1.00
      0.5640         1.00
      0.5650         1.00
      0.5660         1.00
      0.5670         1.00
      0.5680         1.00
      0.5690         1.00
      0.5700         1.00
      0.5710         1.00
      0.5720         1.00
      0.5730         1.00
      0.5740         1.00
      0.5750         1.00
      0.5760         1.00
      0.5770         1.00
      0.5780         1.00
      0.5790         1.00
      0.5800         1.00
      0.5810         1.00
      0.5820         1.00
      0.5830         1.00
      0.5840         1.00
      0.5850         1.00
      0.5860         1.00
      0.5870         1.00
      0.5880         1.00
      0.5890         1.00
      0.5900         1.00
      0.5910         1.00
      0.5920         1.00
      0.5930         1.00
      0.5940         1.00
      0.5950         1.00
      0.5960         1.00
      0.5970         1.00
      0.5980         1.00
      0.5990         1.00
      0.6000         1.00
      0.6010         1.00
      0.6020         1.00
      0.6030         1.00
      0.6040         1.00
      0.6050         1.00
      0.6060         1.00
      0.6070         1.00
      0.6080         1.00
      0.6090         1.00
      0.6100         1.00
      0.6110         1.00
      0.6120         1.00
      0.6130         1.00
      0.6140         1.00
      0.6150         1.00
      0.6160         1.00
      0.6170         1.00
      0.6180         1.00
      0.6190         1.00
      0.6200         1.00
      0.6210         1.00
      0.6220         1.00
      0.6230         1.00
      0.6240         1.00
      0.6250         1.00
      0.6260         1.00
      0.6270         1.00
      0.6280         1.00
      0.6290         1.00
      0.6300         1.00
      0.6310         1.00
      0.6320         1.00
      0.6330         1.00
      0.6340         1.00
      0.6350         1.00
      0.6360         1.00
      0.6370         1.00
      0.6380         1.00
      0.6390         1.00
      0.6400         1.00
      0.6410         1.00
      0.6420         1.00
      0.6430         1.00
      0.6440         1.00
      0.6450         1.00
      0.6460         1.00
      0.6470         1.00
      0.6480         1.00
      0.6490         1.00
      0.6500         1.00
      0.6510         1.00
      0.6520         1.00
      0.6530         1.00
      0.6540         1.00
      0.6550         1.00
      0.6560         1.00
      0.6570         1.00
      0.6580         1.00
      0.6590         1.00
      0.6600         1.00
      0.6610         1.00
      0.6620         1.00
      0.6630         1.00
      0.6640         1.00
      0.6650         1.00
      0.6660         1.00
      0.6670         1.00
      0.6680         1.00
      0.6690         1.00
      0.6700         1.00
      0.6710         1.00
      0.6720         1.00
      0.6730         1.00
      0.6740         1.00
      0.6750         1.00
      0.6760         1.00
      0.6770         1.00
      0.6780         1.00
      0.6790         1.00
      0.6800         1.00
      0.6810         1.00
      0.6820         1.00
      0.6830         1.00
      0.6840         1.00
      0.6850         1.00
      0.6860         1.00
      0.6870         1.00
      0.6880         1.00
      0.6890         1.00
      0.6900         1.00
      0.6910         1.00
      0.6920         1.00
      0.6930         1.00
      0.6940         1.00
      0.6950         1.00
      0.6960         1.00
      0.6970         1.00
      0.6980         1.00
      0.6990         1.00
      0.7000         1.00
      0.7010         1.00
      0.7020         1.00
      0.7030         1.00
      0.7040         1.00
      0.7050         1.00
      0.7060         1.00
      0.7070         1.00
      0.7080         1.00
      0.7090         1.00
      0.7100         1.00
      0.7110         1.00
      0.7120         1.00
      0.7130         1.00
      0.7140         1.00
      0.7150         1.00
      0.7160         1.00
      0.7170         1.00
      0.7180         1.00
      0.7190         1.00
      0.7200         1.00
      0.7210         1.00
      0.7220         1.00
      0.7230         1.00
      0.7240         1.00
      0.7250         1.00
      0.7260         1.00
      0.7270         1.00
      0.7280         1.00
      0.7290         1.00
      0.7300         1.00
      0.7310         1.00
      0.7320         1.00
      0.7330         1.00
      0.7340         1.00
      0.7350         1.00
      0.7360         1.00
      0.7370         1.00
      0.7380         1.00
      0.7390         1.00
      0.7400         1.00
      0.7410         1.00
      0.7420         1.00
      0.7430         1.00
      0.7440         1.00
      0.7450         1.00
      0.7460         1.00
      0.7470         1.00
      0.7480         1.00
      0.7490         1.00
      0.7500         1.00
      0.7510         1.00
      0.7520         1.00
      0.7530         1.00
      0.7540         1.00
      0.7550         1.00
      0.7560         1.00
      0.7570         1.00
      0.7580         1.00
      0.7590         1.00
      0.7600         1.00
      0.7610         1.00
      0.7620         1.00
      0.7630         1.00
      0.7640         1.00
      0.7650         1.00
      0.7660         1.00
      0.7670         1.00
      0.7680         1.00
      0.7690         1.00
      0.7700         1.00
      0.7710         1.00
      0.7720         1.00
      0.7730         1.00
      0.7740         1.00
      0.7750         1.00
      0.7760         1.00
      0.7770         1.00
      0.7780         1.00
      0.7790         1.00
      0.7800         1.00
      0.7810         1.00
      0.7820         1.00
      0.7830         1.00
      0.7840         1.00
      0.7850         1.00
      0.7860         1.00
      0.7870         1.00
      0.7880         1.00
      0.7890         1.00
      0.7900         1.00
      0.7910         1.00
      0.7920         1.00
      0.7930         1.00
      0.7940         1.00
      0.7950         1.00
      0.7960         1.00
      0.7970         1.00
      0.7980         1.00
      0.7990         1.00
      0.8000         1.00
      0.8010         1.00
      0.8020         1.00
      0.8030         1.00
      0.8040         1.00
      0.8050         1.00
      0.8060         1.00
      0.8070         1.00
      0.8080         1.00
      0.8090         1.00
      0.8100         1.00
      0.8110         1.00
      0.8120         1.00
      0.8130         1.00
      0.8140         1.00
      0.8150         1.00
      0.8160         1.00
      0.8170         1.00
      0.8180         1.00
      0.8190         1.00
      0.8200         1.00
      0.8210         1.00
      0.8220         1.00
      0.8230         1.00
      0.8240         1.00
      0.8250         1.00
      0.8260         1.00
      0.8270         1.00
      0.8280         1.00
      0.8290         1.00
      0.8300         1.00
      0.8310         1.00
      0.8320         1.00
      0.8330         1.00
      0.8340         1.00
      0.8350         1.00
      0.8360         1.00
      0.8370         1.00
      0.8380         1.00
      0.8390         1.00
      0.8400         1.00
      0.8410         1.00
      0.8420         1.00
      0.8430         1.00
      0.8440         1.00
      0.8450         1.00
      0.8460         1.00
      0.8470         1.00
      0.8480         1.00
      0.8490         1.00
      0.8500         1.00
      0.8510         1.00
      0.8520         1.00
      0.8530         1.00
      0.8540         1.00
      0.8550         1.00
      0.8560         1.00
      0.8570         1.00
      0.8580         1.00
      0.8590         1.00
      0.8600         1.00
      0.8610         1.00
      0.8620         1.00
      0.8630         1.00
      0.8640         1.00
      0.8650         1.00
      0.8660         1.00
      0.8670         1.00
      0.8680         1.00
      0.8690         1.00
      0.8700         1.00
      0.8710         1.00
      0.8720         1.00
      0.8730         1.00
      0.8740         1.00
      0.8750         1.00
      0.8760         1.00
      0.8770         1.00
      0.8780         1.00
      0.8790         1.00
      0.8800         1.00
      0.8810         1.00
      0.8820         1.00
      0.8830         1.00
      0.8840         1.00
      0.8850         1.00
      0.8860         1.00
      0.8870         1.00
      0.8880         1.00
      0.8890         1.00
      0.8900         1.00
      0.8910         1.00
      0.8920         1.00
      0.8930         1.00
      0.8940         1.00
      0.8950         1.00
      0.8960         1.00
      0.8970         1.00
      0.8980         1.00
      0.8990         1.00
      0.9000         1.00
      0.9010         1.00
      0.9020         1.00
      0.9030         1.00
      0.9040         1.00
      0.9050         1.00
      0.9060         1.00
      0.9070         1.00
      0.9080         1.00
      0.9090         1.00
      0.9100         1.00
      0.9110         1.00
      0.9120         1.00
      0.9130         1.00
      0.9140         1.00
      0.9150         1.00
      0.9160         1.00
      0.9170         1.00
      0.9180         1.00
      0.9190         1.00
      0.9200         1.00
      0.9210         1.00
      0.9220         1.00
      0.9230         1.00
      0.9240         1.00
      0.9250         1.00
      0.9260         1.00
      0.9270         1.00
      0.9280         1.00
      0.9290         1.00
      0.9300         1.00
      0.9310         1.00
      0.9320         1.00
      0.9330         1.00
      0.9340         1.00
      0.9350         1.00
      0.9360         1.00
      0.9370         1.00
      0.9380         1.00
      0.9390         1.00
      0.9400         1.00
      0.9410         1.00
      0.9420         1.00
      0.9430         1.00
      0.9440         1.00
      0.9450         1.00
      0.9460         1.01
      0.9470         1.00
      0.9480         1.00
      0.9490         1.00
      0.9500         1.49
      0.9510         1.00
      0.9520         1.00
      0.9530         1.54
      0.9540         1.67
      0.9550         1.68
      0.9560         1.67
      0.9570         1.65
      0.9580         1.66
      0.9590         1.72
      0.9600         1.73
      0.9610         1.64
      0.9620         1.66
      0.9630         1.51
      0.9640         1.47
      0.9650         1.38
      0.9660         1.36
      0.9670         1.39
      0.9680         1.35
      0.9690         1.45
      0.9700         1.30
      0.9710         1.18
      0.9720         1.31
      0.9730         1.26
      0.9740         1.19
      0.9750         1.15
      0.9760         1.15
      0.9770         1.19
      0.9780         1.24
      0.9790         1.28
      0.9800         1.31
      0.9810         1.39
      0.9820         1.41
      0.9830         1.57
      0.9840         1.57
      0.9850         1.68
      0.9860         1.56
      0.9870         1.65
      0.9880         1.76
      0.9890         1.72
      0.9900         1.79
      0.9910         1.92
      0.9920         1.99
      0.9930         2.10
      0.9940         2.17
      0.9950         2.22
      0.9960         2.22
      0.9970         2.19
      0.9980         2.75
      0.9990         2.11
      1.0000         2.13
      1.0010         2.09
      1.0020         2.10
      1.0030         2.06
      1.0040         1.98
      1.0050         2.05
      1.0060         2.14
      1.0070         2.11
      1.0080         2.06
      1.0090         2.11
      1.0100         2.15
      1.0110         2.17
      1.0120         2.07
      1.0130         1.93
      1.0140         1.91
      1.0150         1.93
      1.0160         2.06
      1.0170         2.04
      1.0180         2.06
      1.0190         2.18
      1.0200         2.14
      1.0210         2.19
      1.0220         2.27
      1.0230         2.37
      1.0240         2.52
      1.0250         2.48
      1.0260         2.54
      1.0270         2.54
      1.0280         2.64
      1.0290         2.63
      1.0300         2.63
      1.0310         3.20
      1.0320         3.25
      1.0330         3.43
      1.0340         3.48
      1.0350         3.45
      1.0360         3.43
      1.0370         3.53
      1.0380         3.55
      1.0390         3.58
      1.0400         3.61
      1.0410         3.68
      1.0420         3.57
      1.0430         3.51
      1.0440         3.02
      1.0450         3.06
      1.0460         3.05
      1.0470         3.16
      1.0480         3.17
      1.0490         3.18
      1.0500         3.25
      1.0510         3.24
      1.0520         3.37
      1.0530         3.35
      1.0540         3.37
      1.0550         3.41
      1.0560         3.47
      1.0570         3.54
      1.0580         3.59
      1.0590         3.47
      1.0600         3.52
      1.0610         3.51
      1.0620         3.59
      1.0630         3.72
      1.0640         3.69
      1.0650         3.74
      1.0660         3.74
      1.0670         3.73
      1.0680         3.78
      1.0690         3.85
      1.0700         3.92
      1.0710         3.97
      1.0720         3.99
      1.0730         4.66
      1.0740         4.77
      1.0750         4.77
      1.0760         4.33
      1.0770         4.86
      1.0780         4.82
      1.0790         5.10
      1.0800         5.06
      1.0810         5.25
      1.0820         5.32
      1.0830         4.75
      1.0840         4.91
      1.0850         5.46
      1.0860         5.44
      1.0870         5.51
      1.0880         5.57
      1.0890         5.70
      1.0900         5.17
      1.0910         5.24
      1.0920         5.24
      1.0930         5.29
      1.0940         5.29
      1.0950         5.39
      1.0960         5.33
      1.0970         5.47
      1.0980         5.59
      1.0990         5.52
      1.1000         5.67
      1.1010         6.30
      1.1020         6.42
      1.1030         6.58
      1.1040         6.77
      1.1050         6.79
      1.1060         6.93
      1.1070         6.96
      1.1080         7.18
      1.1090         7.21
      1.1100         7.43
      1.1110         7.60
      1.1120         7.70
      1.1130         7.70
      1.1140         7.83
      1.1150         7.91
      1.1160         8.19
      1.1170         8.22
      1.1180         8.26
      1.1190         8.42
      1.1200         8.49
      1.1210         8.41
      1.1220         8.42
      1.1230         8.42
      1.1240         8.41
      1.1250         8.55
      1.1260         8.57
      1.1270         8.63
      1.1280         8.40
      1.1290         8.43
      1.1300         8.44
      1.1310         8.24
      1.1320         8.43
      1.1330         8.32
      1.1340         8.31
      1.1350         8.31
      1.1360         8.31
      1.1370         8.30
      1.1380         8.37
      1.1390         8.25
      1.1400         8.34
      1.1410         8.48
      1.1420         8.46
      1.1430         8.51
      1.1440         8.47
      1.1450         8.48
      1.1460         8.59
      1.1470         8.67
      1.1480         8.79
      1.1490         8.86
      1.1500         8.98
      1.1510         9.18
      1.1520         8.98
      1.1530         9.08
      1.1540         9.24
      1.1550         9.44
      1.1560         9.51
      1.1570         9.63
      1.1580         9.64
      1.1590         9.90
      1.1600         9.90
      1.1610         9.86
      1.1620         9.94
      1.1630         9.89
      1.1640         9.96
      1.1650        10.02
      1.1660        10.02
      1.1670        10.21
      1.1680        10.36
      1.1690        10.39
      1.1700        10.27
      1.1710        10.36
      1.1720        10.47
      1.1730        10.59
      1.1740        10.62
      1.1750        10.58
      1.1760        10.71
      1.1770        10.72
      1.1780        10.75
      1.1790        10.70
      1.1800        10.71
      1.1810        10.71
      1.1820        10.72
      1.1830        10.91
      1.1840        10.90
      1.1850        10.94
      1.1860        11.02
      1.1870        11.02
      1.1880        11.66
      1.1890        11.88
      1.1900        12.09
      1.1910        12.13
      1.1920        12.28
      1.1930        12.33
      1.1940        12.40
      1.1950        12.53
      1.1960        12.63
      1.1970        12.72
      1.1980        12.87
      1.1990        12.94
      1.2000        13.03
      1.2010        13.09
      1.2020        12.69
      1.2030        12.77
      1.2040        12.91
      1.2050        13.07
      1.2060        13.11
      1.2070        13.23
      1.2080        13.32
      1.2090        13.36
      1.2100        13.36
      1.2110        13.54
      1.2120        13.64
      1.2130        13.72
      1.2140        13.84
      1.2150        13.99
      1.2160        13.94
      1.2170        14.02
      1.2180        14.20
      1.2190        14.25
      1.2200        14.32
      1.2210        14.39
      1.2220        14.46
      1.2230        14.54
      1.2240        14.67
      1.2250        14.81
      1.2260        15.01
      1.2270        15.01
      1.2280        15.08
      1.2290        15.13
      1.2300        15.31
      1.2310        15.40
      1.2320        15.45
      1.2330        15.58
      1.2340        15.65
      1.2350        15.63
      1.2360        15.67
      1.2370        15.57
      1.2380        15.65
      1.2390        15.74
      1.2400        15.79
      1.2410        15.94
      1.2420        16.09
      1.2430        16.08
      1.2440        16.12
      1.2450        16.00
      1.2460        15.93
      1.2470        15.98
      1.2480        15.98
      1.2490        15.97
      1.2500        15.83
      1.2510        15.74
      1.2520        15.85
      1.2530        15.82
      1.2540        15.90
      1.2550        15.89
      1.2560        15.95
      1.2570        16.12
      1.2580        16.12
      1.2590        16.27
      1.2600        16.37
      1.2610        16.23
      1.2620        16.05
      1.2630        16.18
      1.2640        16.12
      1.2650        16.16
      1.2660        16.25
      1.2670        16.35
      1.2680        16.31
      1.2690        16.44
      1.2700        16.67
      1.2710        16.94
      1.2720        17.01
      1.2730        17.13
      1.2740        17.16
      1.2750        17.27
      1.2760        17.31
      1.2770        17.39
      1.2780        17.38
      1.2790        17.36
      1.2800        17.25
      1.2810        17.89
      1.2820        18.14
      1.2830        18.06
      1.2840        18.30
      1.2850        18.34
      1.2860        18.42
      1.2870        18.57
      1.2880        18.69
      1.2890        18.56
      1.2900        18.54
      1.2910        18.49
      1.2920        18.56
      1.2930        18.54
      1.2940        18.65
      1.2950        18.58
      1.2960        18.56
      1.2970        18.67
      1.2980        18.76
      1.2990        18.65
      1.3000        18.67
      1.3010        18.75
      1.3020        18.78
      1.3030        18.90
      1.3040        18.96
      1.3050        19.06
      1.3060        19.05
      1.3070        19.04
      1.3080        19.10
      1.3090        19.20
      1.3100        19.19
      1.3110        19.37
      1.3120        19.30
      1.3130        19.55
      1.3140        19.71
      1.3150        19.96
      1.3160        20.12
      1.3170        20.19
      1.3180        20.23
      1.3190        20.43
      1.3200        20.45
      1.3210        20.57
      1.3220        20.63
      1.3230        20.75
      1.3240        20.69
      1.3250        20.82
      1.3260        20.95
      1.3270        20.45
      1.3280        20.91
      1.3290        21.13
      1.3300        21.29
      1.3310        20.83
      1.3320        20.90
      1.3330        20.80
      1.3340        20.82
      1.3350        20.71
      1.3360        20.75
      1.3370        20.64
      1.3380        20.64
      1.3390        20.69
      1.3400        21.35
      1.3410        21.38
      1.3420        21.47
      1.3430        21.34
      1.3440        21.50
      1.3450        21.49
      1.3460        21.52
      1.3470        21.62
      1.3480        21.27
      1.3490        21.23
      1.3500        21.34
      1.3510        21.40
      1.3520        22.01
      1.3530        22.10
      1.3540        21.55
      1.3550        22.32
      1.3560        22.36
      1.3570        22.39
      1.3580        22.51
      1.3590        22.53
      1.3600        22.56
      1.3610        22.56
      1.3620        22.70
      1.3630        22.93
      1.3640        22.99
      1.3650        23.08
      1.3660        23.21
      1.3670        23.28
      1.3680        23.39
      1.3690        23.40
      1.3700        23.37
      1.3710        23.42
      1.3720        23.40
      1.3730        23.48
      1.3740        23.56
      1.3750        23.43
      1.3760        23.36
      1.3770        23.51
      1.3780        23.51
      1.3790        23.49
      1.3800        23.53
      1.3810        23.18
      1.3820        23.10
      1.3830        23.22
      1.3840        23.31
      1.3850        23.39
      1.3860        23.62
      1.3870        23.59
      1.3880        23.60
      1.3890        23.62
      1.3900        24.24
      1.3910        24.32
      1.3920        24.50
      1.3930        24.70
      1.3940        24.79
      1.3950        24.96
      1.3960        25.12
      1.3970        25.28
      1.3980        24.84
      1.3990        24.95
      1.4000        25.03
      1.4010        25.14
      1.4020        25.26
      1.4030        25.21
      1.4040        25.18
      1.4050        25.24
      1.4060        25.14
      1.4070        25.15
      1.4080        25.20
      1.4090        25.24
      1.4100        25.31
      1.4110        25.37
      1.4120        25.35
      1.4130        25.23
      1.4140        25.31
      1.4150        25.29
      1.4160        25.43
      1.4170        25.35
      1.4180        25.35
      1.4190        25.34
      1.4200        25.35
      1.4210        25.28
      1.4220        25.27
      1.4230        25.27
      1.4240        25.34
      1.4250        25.38
      1.4260        25.42
      1.4270        25.53
      1.4280        26.01
      1.4290        26.01
      1.4300        26.03
      1.4310        26.09
      1.4320        26.06
      1.4330        26.10
      1.4340        26.05
      1.4350        26.10
      1.4360        26.23
      1.4370        26.37
      1.4380        26.40
      1.4390        26.45
      1.4400        26.54
      1.4410        26.65
      1.4420        26.95
      1.4430        27.12
      1.4440        27.15
      1.4450        27.03
      1.4460        27.00
      1.4470        27.08
      1.4480        27.18
      1.4490        27.32
      1.4500        27.28
      1.4510        27.36
      1.4520        27.47
      1.4530        27.60
      1.4540        27.69
      1.4550        27.79
      1.4560        27.78
      1.4570        27.69
      1.4580        27.73
      1.4590        27.69
      1.4600        27.70
      1.4610        27.59
      1.4620        27.41
      1.4630        27.45
      1.4640        27.55
      1.4650        27.77
      1.4660        27.86
      1.4670        27.93
      1.4680        27.90
      1.4690        27.93
      1.4700        28.04
      1.4710        27.78
      1.4720        27.80
      1.4730        27.76
      1.4740        27.35
      1.4750        27.37
      1.4760        27.52
      1.4770        27.48
      1.4780        27.57
      1.4790        27.68
      1.4800        27.78
      1.4810        27.94
      1.4820        27.98
      1.4830        27.85
      1.4840        27.77
      1.4850        27.64
      1.4860        27.56
      1.4870        27.44
      1.4880        27.38
      1.4890        27.40
      1.4900        27.44
      1.4910        27.59
      1.4920        27.65
      1.4930        27.69
      1.4940        27.68
      1.4950        27.62
      1.4960        27.54
      1.4970        27.76
      1.4980        28.31
      1.4990        28.27
      1.5000        28.42
      1.5010        28.39
      1.5020        28.44
      1.5030        28.63
      1.5040        28.59
      1.5050        28.63
      1.5060        28.73
      1.5070        28.85
      1.5080        28.92
      1.5090        29.08
      1.5100        29.11
      1.5110        29.17
      1.5120        29.11
      1.5130        29.13
      1.5140        29.32
      1.5150        29.36
      1.5160        29.25
      1.5170        29.15
      1.5180        29.05
      1.5190        29.17
      1.5200        29.17
      1.5210        29.23
      1.5220        29.40
      1.5230        29.39
      1.5240        29.55
      1.5250        29.50
      1.5260        29.57
      1.5270        29.53
      1.5280        29.57
      1.5290        29.50
      1.5300        29.47
      1.5310        29.44
      1.5320        29.41
      1.5330        29.42
      1.5340        29.49
      1.5350        29.72
      1.5360        29.85
      1.5370        29.80
      1.5380        29.84
      1.5390        29.64
      1.5400        29.46
      1.5410        29.44
      1.5420        29.23
      1.5430        29.24
      1.5440        29.28
      1.5450        29.52
      1.5460        29.56
      1.5470        29.58
      1.5480        29.52
      1.5490        29.44
      1.5500        29.49
      1.5510        29.36
      1.5520        29.49
      1.5530        29.49
      1.5540        29.23
      1.5550        29.08
      1.5560        28.96
      1.5570        29.17
      1.5580        29.40
      1.5590        29.60
      1.5600        29.70
      1.5610        29.78
      1.5620        29.79
      1.5630        29.75
      1.5640        29.78
      1.5650        29.80
      1.5660        29.78
      1.5670        29.90
      1.5680        30.03
      1.5690        30.14
      1.5700        29.97
      1.5710        30.16
      1.5720        30.20
      1.5730        30.21
      1.5740        30.30
      1.5750        30.47
      1.5760        30.57
      1.5770        30.48
      1.5780        30.25
      1.5790        30.33
      1.5800        30.29
      1.5810        30.22
      1.5820        30.19
      1.5830        30.24
      1.5840        30.08
      1.5850        29.85
      1.5860        29.71
      1.5870        29.67
      1.5880        29.56
      1.5890        29.66
      1.5900        29.91
      1.5910        29.97
      1.5920        29.95
      1.5930        30.04
      1.5940        30.00
      1.5950        29.84
      1.5960        29.88
      1.5970        29.80
      1.5980        29.92
      1.5990        29.81
      1.6000        29.76
      1.6010        29.73
      1.6020        29.86
      1.6030        29.88
      1.6040        30.14
      1.6050        30.19
      1.6060        30.30
      1.6070        30.30
      1.6080        30.32
      1.6090        30.26
      1.6100        30.20
      1.6110        30.32
      1.6120        30.30
      1.6130        30.18
      1.6140        30.08
      1.6150        30.16
      1.6160        30.18
      1.6170        30.19
      1.6180        30.15
      1.6190        30.36
      1.6200        30.47
      1.6210        30.54
      1.6220        30.42
      1.6230        30.39
      1.6240        30.16
      1.6250        30.28
      1.6260        30.34
      1.6270        30.35
      1.6280        30.46
      1.6290        30.38
      1.6300        30.19
      1.6310        30.08
      1.6320        30.11
      1.6330        30.19
      1.6340        30.21
      1.6350        30.17
      1.6360        30.15
      1.6370        30.16
      1.6380        30.22
      1.6390        30.03
      1.6400        29.48
      1.6410        29.86
      1.6420        29.96
      1.6430        30.02
      1.6440        30.14
      1.6450        29.91
      1.6460        30.13
      1.6470        30.20
      1.6480        30.18
      1.6490        30.38
      1.6500        30.45
      1.6510        30.34
      1.6520        30.32
      1.6530        30.44
      1.6540        30.60
      1.6550        30.71
      1.6560        30.80
      1.6570        30.87
      1.6580        30.88
      1.6590        30.91
      1.6600        31.13
      1.6610        31.24
      1.6620        31.29
      1.6630        31.17
      1.6640        31.19
      1.6650        31.28
      1.6660        31.05
      1.6670        31.01
      1.6680        30.96
      1.6690        30.74
      1.6700        30.84
      1.6710        30.80
      1.6720        30.73
      1.6730        30.64
      1.6740        30.50
      1.6750        30.32
      1.6760        30.11
      1.6770        30.21
      1.6780        30.03
      1.6790        30.07
      1.6800        29.91
      1.6810        29.86
      1.6820        29.93
      1.6830        30.02
      1.6840        29.95
      1.6850        30.03
      1.6860        29.99
      1.6870        30.05
      1.6880        30.10
      1.6890        30.07
      1.6900        30.16
      1.6910        30.23
      1.6920        30.31
      1.6930        30.24
      1.6940        30.40
      1.6950        30.52
      1.6960        30.64
      1.6970        30.52
      1.6980        30.71
      1.6990        30.73
      1.7000        30.67
      1.7010        30.63
      1.7020        30.56
      1.7030        30.52
      1.7040        30.58
      1.7050        30.46
      1.7060        30.52
      1.7070        29.89
      1.7080        29.81
      1.7090        30.32
      1.7100        30.32
      1.7110        30.32
      1.7120        30.32
      1.7130        30.36
      1.7140        30.21
      1.7150        30.04
      1.7160        29.96
      1.7170        29.95
      1.7180        29.89
      1.7190        29.87
      1.7200        29.97
      1.7210        30.05
      1.7220        30.07
      1.7230        30.11
      1.7240        30.12
      1.7250        30.26
      1.7260        30.30
      1.7270        30.50
      1.7280        30.63
      1.7290        30.82
      1.7300        30.79
      1.7310        30.95
      1.7320        30.94
      1.7330        30.79
      1.7340        30.97
      1.7350        31.06
      1.7360        31.23
      1.7370        31.21
      1.7380        31.23
      1.7390        31.23
      1.7400        31.29
      1.7410        31.29
      1.7420        31.19
      1.7430        31.34
      1.7440        31.31
      1.7450        31.31
      1.7460        31.44
      1.7470        31.20
      1.7480        31.15
      1.7490        30.99
      1.7500        30.93
      1.7510        30.77
      1.7520        30.78
      1.7530        30.98
      1.7540        30.86
      1.7550        30.88
      1.7560        30.76
      1.7570        30.82
      1.7580        30.77
      1.7590        30.70
      1.7600        30.70
      1.7610        30.64
      1.7620        30.57
      1.7630        30.45
      1.7640        30.49
      1.7650        30.50
      1.7660        30.32
      1.7670        30.32
      1.7680        30.33
      1.7690        30.41
      1.7700        30.49
      1.7710        30.57
      1.7720        30.57
      1.7730        30.67
      1.7740        30.79
      1.7750        30.90
      1.7760        30.91
      1.7770        30.89
      1.7780        30.96
      1.7790        30.97
      1.7800        30.88
      1.7810        30.82
      1.7820        30.85
      1.7830        30.75
      1.7840        30.61
      1.7850        30.46
      1.7860        30.48
      1.7870        30.58
      1.7880        30.54
      1.7890        30.53
      1.7900        30.34
      1.7910        30.15
      1.7920        30.06
      1.7930        29.62
      1.7940        29.48
      1.7950        29.37
      1.7960        29.23
      1.7970        29.21
      1.7980        29.11
      1.7990        29.09
      1.8000        28.97
      1.8010        28.92
      1.8020        28.54
      1.8030        28.62
      1.8040        28.67
      1.8050        28.72
      1.8060        28.84
      1.8070        28.76
      1.8080        28.83
      1.8090        28.83
      1.8100        28.83
      1.8110        29.44
      1.8120        29.51
      1.8130        29.75
      1.8140        29.74
      1.8150        29.69
      1.8160        29.86
      1.8170        29.74
      1.8180        29.82
      1.8190        29.78
      1.8200        29.87
      1.8210        29.93
      1.8220        29.94
      1.8230        29.93
      1.8240        30.02
      1.8250        30.02
      1.8260        29.86
      1.8270        29.77
      1.8280        29.59
      1.8290        29.44
      1.8300        29.51
      1.8310        29.47
      1.8320        29.40
      1.8330        29.45
      1.8340        29.41
      1.8350        29.32
      1.8360        28.63
      1.8370        29.14
      1.8380        29.14
      1.8390        29.08
      1.8400        29.13
      1.8410        29.17
      1.8420        29.09
      1.8430        28.87
      1.8440        28.69
      1.8450        28.68
      1.8460        28.78
      1.8470        28.84
      1.8480        29.02
      1.8490        29.08
      1.8500        28.98
      1.8510        28.89
      1.8520        28.99
      1.8530        28.86
      1.8540        28.93
      1.8550        29.08
      1.8560        29.01
      1.8570        28.96
      1.8580        28.77
      1.8590        28.88
      1.8600        28.80
      1.8610        28.81
      1.8620        28.92
      1.8630        29.14
      1.8640        29.20
      1.8650        29.12
      1.8660        28.99
      1.8670        28.84
      1.8680        28.70
      1.8690        28.65
      1.8700        28.67
      1.8710        28.64
      1.8720        28.49
      1.8730        28.50
      1.8740        28.34
      1.8750        28.25
      1.8760        28.37
      1.8770        28.43
      1.8780        28.49
      1.8790        28.42
      1.8800        28.38
      1.8810        28.27
      1.8820        28.15
      1.8830        28.02
      1.8840        27.94
      1.8850        28.01
      1.8860        28.01
      1.8870        27.99
      1.8880        27.89
      1.8890        27.97
      1.8900        28.03
      1.8910        28.18
      1.8920        28.22
      1.8930        28.22
      1.8940        28.32
      1.8950        28.24
      1.8960        28.26
      1.8970        28.25
      1.8980        28.21
      1.8990        28.12
      1.9000        28.05
      1.9010        28.10
      1.9020        27.98
      1.9030        27.82
      1.9040        27.86
      1.9050        27.86
      1.9060        27.83
      1.9070        27.99
      1.9080        28.03
      1.9090        27.90
      1.9100        27.87
      1.9110        27.68
      1.9120        27.66
      1.9130        27.61
      1.9140        27.57
      1.9150        27.67
      1.9160        27.69
      1.9170        27.49
      1.9180        27.47
      1.9190        27.52
      1.9200        27.63
      1.9210        27.52
      1.9220        27.51
      1.9230        27.52
      1.9240        27.44
      1.9250        27.48
      1.9260        27.43
      1.9270        27.35
      1.9280        27.44
      1.9290        27.47
      1.9300        27.47
      1.9310        27.60
      1.9320        27.55
      1.9330        27.60
      1.9340        27.56
      1.9350        27.68
      1.9360        27.51
      1.9370        27.76
      1.9380        27.85
      1.9390        27.85
      1.9400        27.79
      1.9410        27.95
      1.9420        28.07
      1.9430        28.24
      1.9440        28.19
      1.9450        28.07
      1.9460        27.99
      1.9470        27.99
      1.9480        27.92
      1.9490        27.84
      1.9500        27.86
      1.9510        27.66
      1.9520        27.70
      1.9530        27.63
      1.9540        27.55
      1.9550        27.30
      1.9560        27.38
      1.9570        27.19
      1.9580        27.05
      1.9590        26.98
      1.9600        26.99
      1.9610        26.87
      1.9620        26.82
      1.9630        26.63
      1.9640        26.78
      1.9650        26.62
      1.9660        26.80
      1.9670        26.83
      1.9680        26.71
      1.9690        26.69
      1.9700        26.58
      1.9710        26.67
      1.9720        26.62
      1.9730        26.46
      1.9740        26.54
      1.9750        26.59
      1.9760        26.67
      1.9770        26.67
      1.9780        26.78
      1.9790        26.66
      1.9800        26.67
      1.9810        26.66
      1.9820        26.63
      1.9830        26.76
      1.9840        26.67
      1.9850        26.68
      1.9860        26.55
      1.9870        26.39
      1.9880        26.40
      1.9890        26.45
      1.9900        26.48
      1.9910        26.40
      1.9920        26.35
      1.9930        26.31
      1.9940        26.19
      1.9950        25.60
      1.9960        25.55
      1.9970        25.60
      1.9980        25.41
      1.9990        25.47
      2.0000        25.36
      2.0010        25.24
      2.0020        25.20
      2.0030        25.09
      2.0040        25.19
      2.0050        25.17
      2.0060        25.21
      2.0070        25.10
      2.0080        25.18
      2.0090        25.55
      2.0100        25.55
      2.0110        25.54
      2.0120        25.47
      2.0130        25.74
      2.0140        25.83
      2.0150        25.97
      2.0160        25.95
      2.0170        25.87
      2.0180        25.99
      2.0190        25.94
      2.0200        25.93
      2.0210        26.00
      2.0220        26.07
      2.0230        26.12
      2.0240        26.05
      2.0250        26.19
      2.0260        26.13
      2.0270        26.24
      2.0280        26.33
      2.0290        26.31
      2.0300        26.21
      2.0310        26.24
      2.0320        26.31
      2.0330        26.19
      2.0340        26.05
      2.0350        26.08
      2.0360        25.98
      2.0370        26.01
      2.0380        26.07
      2.0390        26.20
      2.0400        26.00
      2.0410        25.95
      2.0420        25.84
      2.0430        25.76
      2.0440        25.56
      2.0450        25.44
      2.0460        25.38
      2.0470        25.37
      2.0480        25.10
      2.0490        25.21
      2.0500        25.13
      2.0510        24.97
      2.0520        25.01
      2.0530        24.98
      2.0540        25.08
      2.0550        24.97
      2.0560        25.01
      2.0570        24.89
      2.0580        24.75
      2.0590        24.77
      2.0600        24.86
      2.0610        24.87
      2.0620        24.84
      2.0630        24.80
      2.0640        24.32
      2.0650        24.86
      2.0660        24.76
      2.0670        24.18
      2.0680        24.78
      2.0690        24.77
      2.0700        24.82
      2.0710        25.01
      2.0720        24.97
      2.0730        25.00
      2.0740        24.47
      2.0750        24.88
      2.0760        24.97
      2.0770        25.01
      2.0780        24.96
      2.0790        24.81
      2.0800        24.85
      2.0810        24.93
      2.0820        25.06
      2.0830        25.20
      2.0840        25.30
      2.0850        25.06
      2.0860        25.28
      2.0870        25.36
      2.0880        25.17
      2.0890        24.98
      2.0900        24.97
      2.0910        24.96
      2.0920        24.93
      2.0930        24.77
      2.0940        24.94
      2.0950        25.03
      2.0960        24.98
      2.0970        24.88
      2.0980        25.02
      2.0990        25.08
      2.1000        25.14
      2.1010        25.21
      2.1020        25.16
      2.1030        25.22
      2.1040        25.33
      2.1050        25.37
      2.1060        25.19
      2.1070        25.23
      2.1080        25.23
      2.1090        25.42
      2.1100        25.57
      2.1110        25.50
      2.1120        25.57
      2.1130        25.73
      2.1140        25.50
      2.1150        25.49
      2.1160        25.42
      2.1170        25.59
      2.1180        25.47
      2.1190        25.45
      2.1200        25.39
      2.1210        25.27
      2.1220        25.15
      2.1230        25.15
      2.1240        25.07
      2.1250        25.13
      2.1260        25.25
      2.1270        25.15
      2.1280        25.25
      2.1290        25.05
      2.1300        24.82
      2.1310        24.77
      2.1320        24.59
      2.1330        24.54
      2.1340        24.55
      2.1350        24.40
      2.1360        24.43
      2.1370        24.31
      2.1380        24.29
      2.1390        24.34
      2.1400        24.34
      2.1410        24.34
      2.1420        24.46
      2.1430        24.38
      2.1440        24.52
      2.1450        24.58
      2.1460        24.56
      2.1470        24.65
      2.1480        24.54
      2.1490        24.81
      2.1500        25.01
      2.1510        25.15
      2.1520        25.18
      2.1530        25.14
      2.1540        25.19
      2.1550        25.28
      2.1560        25.30
      2.1570        25.24
      2.1580        25.36
      2.1590        24.78
      2.1600        25.24
      2.1610        24.63
      2.1620        24.60
      2.1630        24.37
      2.1640        24.20
      2.1650        24.14
      2.1660        24.01
      2.1670        23.94
      2.1680        23.85
      2.1690        23.69
      2.1700        23.43
      2.1710        23.25
      2.1720        23.27
      2.1730        23.23
      2.1740        23.11
      2.1750        23.10
      2.1760        23.04
      2.1770        23.45
      2.1780        22.86
      2.1790        22.82
      2.1800        22.83
      2.1810        23.30
      2.1820        23.18
      2.1830        23.24
      2.1840        23.23
      2.1850        23.28
      2.1860        23.41
      2.1870        23.38
      2.1880        23.44
      2.1890        23.34
      2.1900        23.44
      2.1910        23.36
      2.1920        23.23
      2.1930        23.19
      2.1940        23.29
      2.1950        23.29
      2.1960        23.19
      2.1970        23.09
      2.1980        23.01
      2.1990        23.04
      2.2000        22.84
      2.2010        22.90
      2.2020        22.85
      2.2030        22.76
      2.2040        22.72
      2.2050        22.50
      2.2060        21.82
      2.2070        21.67
      2.2080        21.55
      2.2090        21.51
      2.2100        21.48
      2.2110        21.34
      2.2120        21.28
      2.2130        21.27
      2.2140        21.12
      2.2150        21.00
      2.2160        20.93
      2.2170        20.88
      2.2180        20.87
      2.2190        20.67
      2.2200        20.60
      2.2210        20.48
      2.2220        20.56
      2.2230        20.53
      2.2240        20.47
      2.2250        20.52
      2.2260        20.53
      2.2270        20.65
      2.2280        20.68
      2.2290        20.56
      2.2300        21.14
      2.2310        21.19
      2.2320        21.10
      2.2330        21.10
      2.2340        21.05
      2.2350        21.08
      2.2360        21.04
      2.2370        21.28
      2.2380        21.21
      2.2390        21.22
      2.2400        21.24
      2.2410        21.22
      2.2420        21.09
      2.2430        20.94
      2.2440        20.83
      2.2450        20.59
      2.2460        20.52
      2.2470        20.46
      2.2480        20.36
      2.2490        20.37
      2.2500        20.15
      2.2510        20.04
      2.2520        19.88
      2.2530        19.94
      2.2540        19.80
      2.2550        19.71
      2.2560        19.69
      2.2570        19.65
      2.2580        19.71
      2.2590        19.23
      2.2600        19.18
      2.2610        19.65
      2.2620        19.69
      2.2630        19.83
      2.2640        19.85
      2.2650        19.89
      2.2660        19.93
      2.2670        19.87
      2.2680        19.81
      2.2690        19.87
      2.2700        19.95
      2.2710        20.07
      2.2720        20.12
      2.2730        20.07
      2.2740        20.02
      2.2750        20.08
      2.2760        20.03
      2.2770        19.94
      2.2780        19.86
      2.2790        19.84
      2.2800        19.69
      2.2810        19.52
      2.2820        19.60
      2.2830        19.28
      2.2840        19.08
      2.2850        18.82
      2.2860        18.27
      2.2870        18.70
      2.2880        18.69
      2.2890        17.95
      2.2900        17.78
      2.2910        17.70
      2.2920        17.67
      2.2930        17.58
      2.2940        17.60
      2.2950        17.32
      2.2960        17.32
      2.2970        17.28
      2.2980        17.23
      2.2990        17.12
      2.3000        17.04
      2.3010        16.97
      2.3020        16.79
      2.3030        16.78
      2.3040        16.83
      2.3050        16.90
      2.3060        16.82
      2.3070        16.87
      2.3080        16.86
      2.3090        16.88
      2.3100        16.99
      2.3110        16.95
      2.3120        17.01
      2.3130        17.01
      2.3140        16.92
      2.3150        16.94
      2.3160        16.79
      2.3170        16.67
      2.3180        16.66
      2.3190        16.72
      2.3200        16.64
      2.3210        16.67
      2.3220        16.59
      2.3230        16.56
      2.3240        16.48
      2.3250        16.35
      2.3260        16.28
      2.3270        16.16
      2.3280        15.97
      2.3290        15.86
      2.3300        15.72
      2.3310        15.62
      2.3320        15.48
      2.3330        15.42
      2.3340        15.42
      2.3350        15.20
      2.3360        15.11
      2.3370        15.09
      2.3380        15.11
      2.3390        15.03
      2.3400        15.01
      2.3410        14.96
      2.3420        14.84
      2.3430        14.87
      2.3440        14.85
      2.3450        14.97
      2.3460        14.91
      2.3470        14.91
      2.3480        14.99
      2.3490        14.91
      2.3500        14.81
      2.3510        14.85
      2.3520        14.76
      2.3530        14.73
      2.3540        14.68
      2.3550        14.85
      2.3560        14.77
      2.3570        14.78
      2.3580        14.60
      2.3590        14.56
      2.3600        14.59
      2.3610        14.51
      2.3620        14.53
      2.3630        14.34
      2.3640        14.21
      2.3650        14.04
      2.3660        13.86
      2.3670        13.78
      2.3680        13.77
      2.3690        13.80
      2.3700        13.63
      2.3710        13.50
      2.3720        13.40
      2.3730        13.21
      2.3740        12.99
      2.3750        12.83
      2.3760        12.92
      2.3770        12.71
      2.3780        12.49
      2.3790        12.38
      2.3800        12.11
      2.3810        12.06
      2.3820        12.01
      2.3830        11.90
      2.3840        11.72
      2.3850        11.60
      2.3860        11.43
      2.3870        11.31
      2.3880        11.18
      2.3890        11.10
      2.3900        11.12
      2.3910        11.05
      2.3920        10.95
      2.3930        10.86
      2.3940        10.94
      2.3950        10.90
      2.3960        10.74
      2.3970        10.76
      2.3980        10.82
      2.3990        10.81
      2.4000        10.75
      2.4010        10.66
      2.4020        10.63
      2.4030        10.72
      2.4040        10.75
      2.4050        10.77
      2.4060        10.85
      2.4070        10.73
      2.4080        10.70
      2.4090        10.62
      2.4100        10.63
      2.4110        10.59
      2.4120        10.75
      2.4130        10.75
      2.4140        10.69
      2.4150        10.63
      2.4160        10.63
      2.4170        10.62
      2.4180        10.62
      2.4190        10.57
      2.4200        10.80
      2.4210        10.90
      2.4220        10.78
      2.4230        10.69
      2.4240        10.74
      2.4250        10.89
      2.4260        11.00
      2.4270        11.15
      2.4280        11.20
      2.4290        11.36
      2.4300        11.39
      2.4310        11.33
      2.4320        11.25
      2.4330        11.29
      2.4340        11.36
      2.4350        11.49
      2.4360        11.51
      2.4370        11.57
      2.4380        11.56
      2.4390        11.59
      2.4400        11.53
      2.4410        11.38
      2.4420        11.37
      2.4430        11.54
      2.4440        11.49
      2.4450        11.37
      2.4460        11.30
      2.4470        11.13
      2.4480        10.92
      2.4490        10.79
      2.4500        10.64
      2.4510        10.59
      2.4520        10.59
      2.4530        10.45
      2.4540        10.35
      2.4550        10.18
      2.4560        10.05
      2.4570         9.79
      2.4580         9.74
      2.4590         9.73
      2.4600         9.54
      2.4610         9.45
      2.4620         9.44
      2.4630         9.17
      2.4640         9.05
      2.4650         8.50
      2.4660         8.42
      2.4670         8.41
      2.4680         8.90
      2.4690         8.88
      2.4700         8.93
      2.4710         8.98
      2.4720         8.89
      2.4730         8.89
      2.4740         8.79
      2.4750         8.74
      2.4760         8.75
      2.4770         8.89
      2.4780         8.76
      2.4790         8.59
      2.4800         8.56
      2.4810         8.63
      2.4820         8.59
      2.4830         8.57
      2.4840         8.65
      2.4850         8.56
      2.4860         8.69
      2.4870         8.46
      2.4880         8.35
      2.4890         8.19
      2.4900         8.12
      2.4910         7.92
      2.4920         7.77
      2.4930         7.70
      2.4940         7.61
      2.4950         7.49
      2.4960         7.40
      2.4970         6.68
      2.4980         6.72
      2.4990         6.72
      2.5000         6.68
      2.5010         6.44
      2.5020         6.30
      2.5030         6.18
      2.5040         5.99
      2.5050         5.88
      2.5060         5.79
      2.5070         5.80
      2.5080         5.76
      2.5090         5.71
      2.5100         5.59
      2.5110         5.57
      2.5120         5.48
      2.5130         5.45
      2.5140         5.52
      2.5150         5.60
      2.5160         5.56
      2.5170         5.56
      2.5180         5.49
      2.5190         5.40
      2.5200         5.36
      2.5210         5.97
      2.5220         6.04
      2.5230         6.02
      2.5240         6.25
      2.5250         6.25
      2.5260         6.16
      2.5270         6.13
      2.5280         6.07
      2.5290         5.98
      2.5300         5.93
      2.5310         5.71
      2.5320         5.71
      2.5330         5.66
      2.5340         5.51
      2.5350         5.40
      2.5360         5.26
      2.5370         5.09
      2.5380         4.45
      2.5390         4.42
      2.5400         4.28
      2.5410         4.20
      2.5420         4.19
      2.5430         4.27
      2.5440         4.16
      2.5450         4.15
      2.5460         4.30
      2.5470         4.30
      2.5480         4.35
      2.5490         4.34
      2.5500         4.36
      2.5510         4.46
      2.5520         4.39
      2.5530         4.35
      2.5540         4.47
      2.5550         4.42
      2.5560         4.46
      2.5570         4.52
      2.5580         4.49
      2.5590         4.45
      2.5600         4.54
      2.5610         5.13
      2.5620         5.21
      2.5630         5.03
      2.5640         5.02
      2.5650         4.91
      2.5660         4.77
      2.5670         5.39
      2.5680         4.72
      2.5690         4.14
      2.5700         4.11
      2.5710         4.04
      2.5720         4.59
      2.5730         4.52
      2.5740         4.35
      2.5750         4.27
      2.5760         4.25
      2.5770         3.62
      2.5780         3.65
      2.5790         3.66
      2.5800         3.51
      2.5810         3.33
      2.5820         3.16
      2.5830         3.20
      2.5840         3.27
      2.5850         3.13
      2.5860         3.01
      2.5870         2.79
      2.5880         2.74
      2.5890         2.82
      2.5900         2.62
      2.5910         2.54
      2.5920         2.40
      2.5930         2.37
      2.5940         2.44
      2.5950         2.41
      2.5960         2.40
      2.5970         2.50
      2.5980         2.44
      2.5990         2.48
      2.6000         2.58
      2.6010         2.59
      2.6020         2.75
      2.6030         2.67
      2.6040         2.61
      2.6050         2.65
      2.6060         2.67
      2.6070         2.79
      2.6080         2.80
      2.6090         2.76
      2.6100         2.86
      2.6110         2.91
      2.6120         2.83
      2.6130         2.75
      2.6140         2.58
      2.6150         2.53
      2.6160         2.48
      2.6170         2.37
      2.6180         2.29
      2.6190         2.12
      2.6200         2.03
      2.6210         1.99
      2.6220         1.83
      2.6230         1.30
      2.6240         1.15
      2.6250         1.08
      2.6260         1.07
      2.6270         1.00
      2.6280         1.00
      2.6290         1.00
      2.6300         1.00
      2.6310         1.00
      2.6320         1.00
      2.6330         1.00
      2.6340         1.00
      2.6350         1.00
      2.6360         1.00
      2.6370         1.00
      2.6380         1.00
      2.6390         1.00
      2.6400         1.01
      2.6410         1.03
      2.6420         1.01
      2.6430         1.00
      2.6440         1.00
      2.6450         1.00
      2.6460         1.00
      2.6470         1.00
      2.6480         1.53
      2.6490         1.53
      2.6500         1.49
      2.6510         1.42
      2.6520         1.51
      2.6530         1.55
      2.6540         1.58
      2.6550         1.42
      2.6560         1.40
      2.6570         1.32
      2.6580         1.26
      2.6590         1.00
      2.6600         1.00
      2.6610         1.00
      2.6620         1.00
      2.6630         1.00
      2.6640         1.00
      2.6650         1.00
      2.6660         1.00
      2.6670         1.00
      2.6680         1.00
      2.6690         1.00
      2.6700         1.00
      2.6710         1.00
      2.6720         1.00
      2.6730         1.00
      2.6740         1.00
      2.6750         1.00
      2.6760         1.00
      2.6770         1.00
      2.6780         1.00
      2.6790         1.00
      2.6800         1.00
      2.6810         1.00
      2.6820         1.00
      2.6830         1.00
      2.6840         1.00
      2.6850         1.00
      2.6860         1.00
      2.6870         1.00
      2.6880         1.00
      2.6890         1.00
      2.6900         1.00
      2.6910         1.00
      2.6920         1.00
      2.6930         1.00
      2.6940         1.00
      2.6950         1.00
      2.6960         1.00
      2.6970         1.00
      2.6980         1.00
      2.6990         1.00
      2.7000         1.00
      2.7010         1.00
      2.7020         1.00
      2.7030         1.00
      2.7040         1.00
      2.7050         1.00
      2.7060         1.00
      2.7070         1.00
      2.7080         1.00
      2.7090         1.00
      2.7100         1.00
      2.7110         1.00
      2.7120         1.00
      2.7130         1.00
      2.7140         1.00
      2.7150         1.00
      2.7160         1.00
      2.7170         1.00
      2.7180         1.00
      2.7190         1.00
      2.7200         1.00
      2.7210         1.00
      2.7220         1.00
      2.7230         1.00
      2.7240         1.00
      2.7250         1.00
      2.7260         1.00
      2.7270         1.00
      2.7280         1.00
      2.7290         1.00
      2.7300         1.00
      2.7310         1.00
      2.7320         1.00
      2.7330         1.00
      2.7340         1.00
      2.7350         1.00
      2.7360         1.00
      2.7370         1.00
      2.7380         1.00
      2.7390         1.00
      2.7400         1.00
      2.7410         1.00
      2.7420         1.00
      2.7430         1.00
      2.7440         1.00
      2.7450         1.00
      2.7460         1.00
      2.7470         1.00
      2.7480         1.00
      2.7490         1.00
      2.7500         1.00
      2.7510         1.00
      2.7520         1.00
      2.7530         1.00
      2.7540         1.00
      2.7550         1.00
      2.7560         1.00
      2.7570         1.00
      2.7580         1.00
      2.7590         1.00
      2.7600         1.00
      2.7610         1.00
      2.7620         1.00
      2.7630         1.00
      2.7640         1.00
      2.7650         1.00
      2.7660         1.00
      2.7670         1.00
      2.7680         1.00
      2.7690         1.00
      2.7700         1.00
      2.7710         1.00
      2.7720         1.00
      2.7730         1.00
      2.7740         1.00
      2.7750         1.00
      2.7760         1.00
      2.7770         1.00
      2.7780         1.00
      2.7790         1.00
      2.7800         1.00
      2.7810         1.00
      2.7820         1.00
      2.7830         1.00
      2.7840         1.00
      2.7850         1.00
      2.7860         1.00
      2.7870         1.00
      2.7880         1.00
      2.7890         1.00
      2.7900         1.00
      2.7910         1.00
      2.7920         1.00
      2.7930         1.00
      2.7940         1.00
      2.7950         1.00
      2.7960         1.00
      2.7970         1.00
      2.7980         1.00
      2.7990         1.00
      2.8000         1.00
      2.8010         1.00
      2.8020         1.00
      2.8030         1.00
      2.8040         1.00
      2.8050         1.00
      2.8060         1.00
      2.8070         1.00
      2.8080         1.00
      2.8090         1.00
      2.8100         1.00
      2.8110         1.00
      2.8120         1.00
      2.8130         1.00
      2.8140         1.00
      2.8150         1.00
      2.8160         1.00
      2.8170         1.00
      2.8180         1.00
      2.8190         1.00
      2.8200         1.00
      2.8210         1.00
      2.8220         1.00
      2.8230         1.00
      2.8240         1.00
      2.8250         1.00
      2.8260         1.00
      2.8270         1.00
      2.8280         1.00
      2.8290         1.00
      2.8300         1.00
      2.8310         1.00
      2.8320         1.00
      2.8330         1.00
      2.8340         1.00
      2.8350         1.00
      2.8360         1.00
      2.8370         1.00
      2.8380         1.00
      2.8390         1.00
      2.8400         1.00
      2.8410         1.00
      2.8420         1.00
      2.8430         1.00
      2.8440         1.00
      2.8450         1.00
      2.8460         1.00
      2.8470         1.00
      2.8480         1.00
      2.8490         1.00
      2.8500         1.00
      2.8510         1.00
      2.8520         1.00
      2.8530         1.00
      2.8540         1.00
      2.8550         1.00
      2.8560         1.00
      2.8570         1.00
      2.8580         1.00
      2.8590         1.00
      2.8600         1.00
      2.8610         1.00
      2.8620         1.00
      2.8630         1.00
      2.8640         1.00
      2.8650         1.00
      2.8660         1.00
      2.8670         1.00
      2.8680         1.00
      2.8690         1.00
      2.8700         1.00
      2.8710         1.00
      2.8720         1.00
      2.8730         1.00
      2.8740         1.00
      2.8750         1.00
      2.8760         1.00
      2.8770         1.00
      2.8780         1.00
      2.8790         1.00
      2.8800         1.00
      2.8810         1.00
      2.8820         1.00
      2.8830         1.00
      2.8840         1.00
      2.8850         1.00
      2.8860         1.00
      2.8870         1.00
      2.8880         1.00
      2.8890         1.00
      2.8900         1.00
      2.8910         1.00
      2.8920         1.00
      2.8930         1.00
      2.8940         1.00
      2.8950         1.00
      2.8960         1.00
      2.8970         1.00
      2.8980         1.00
      2.8990         1.00
      2.9000         1.00
      2.9010         1.00
      2.9020         1.00
      2.9030         1.00
      2.9040         1.00
      2.9050         1.00
      2.9060         1.00
      2.9070         1.00
      2.9080         1.00
      2.9090         1.00
      2.9100         1.00
      2.9110         1.00
      2.9120         1.00
      2.9130         1.00
      2.9140         1.00
      2.9150         1.00
      2.9160         1.00
      2.9170         1.00
      2.9180         1.00
      2.9190         1.00
      2.9200         1.00
      2.9210         1.00
      2.9220         1.00
      2.9230         1.00
      2.9240         1.00
      2.9250         1.00
      2.9260         1.00
      2.9270         1.00
      2.9280         1.00
      2.9290         1.00
      2.9300         1.00
      2.9310         1.00
      2.9320         1.00
      2.9330         1.00
      2.9340         1.00
      2.9350         1.00
      2.9360         1.00
      2.9370         1.00
      2.9380         1.00
      2.9390         1.00
      2.9400         1.00
      2.9410         1.00
      2.9420         1.00
      2.9430         1.00
      2.9440         1.00
      2.9450         1.00
      2.9460         1.00
      2.9470         1.00
      2.9480         1.00
      2.9490         1.00
      2.9500         1.00
      2.9510         1.00
      2.9520         1.00
      2.9530         1.00
      2.9540         1.00
      2.9550         1.00
      2.9560         1.00
      2.9570         1.00
      2.9580         1.00
      2.9590         1.00
      2.9600         1.00
      2.9610         1.00
      2.9620         1.00
      2.9630         1.00
      2.9640         1.00
      2.9650         1.00
      2.9660         1.00
      2.9670         1.00
      2.9680         1.00
      2.9690         1.00
      2.9700         1.00
      2.9710         1.00
      2.9720         1.00
      2.9730         1.00
      2.9740         1.00
      2.9750         1.00
      2.9760         1.00
      2.9770         1.00
      2.9780         1.00
      2.9790         1.00
      2.9800         1.00
      2.9810         1.00
      2.9820         1.00
      2.9830         1.00
      2.9840         1.00
      2.9850         1.00
      2.9860         1.00
      2.9870         1.00
      2.9880         1.00
      2.9890         1.00
      2.9900         1.00
      2.9910         1.00
      2.9920         1.00
      2.9930         1.00
      2.9940         1.00
      2.9950         1.00
      2.9960         1.00
      2.9970         1.00
      2.9980         1.00
      2.9990         1.00
