        Time   Palpation Force
      0.0000         1.00
      0.0010         1.00
      0.0020         1.00
      0.0030         1.00
      0.0040         1.00
      0.0050         1.00
      0.0060         1.00
      0.0070         1.00
      0.0080         1.00
      0.0090         1.00
      0.0100         1.00
      0.0110         1.00
      0.0120         1.00
      0.0130         1.00
      0.0140         1.00
      0.0150         1.00
      0.0160         1.00
      0.0170         1.00
      0.0180         1.00
      0.0190         1.00
      0.0200         1.00
      0.0210         1.00
      0.0220         1.00
      0.0230         1.00
      0.0240         1.00
      0.0250         1.00
      0.0260         1.00
      0.0270         1.00
      0.0280         1.00
      0.0290         1.00
      0.0300         1.00
      0.0310         1.00
      0.0320         1.00
      0.0330         1.00
      0.0340         1.00
      0.0350         1.00
      0.0360         1.00
      0.0370         1.00
      0.0380         1.00
      0.0390         1.00
      0.0400         1.00
      0.0410         1.00
      0.0420         1.00
      0.0430         1.00
      0.0440         1.00
      0.0450         1.00
      0.0460         1.00
      0.0470         1.00
      0.0480         1.00
      0.0490         1.00
      0.0500         1.00
      0.0510         1.00
      0.0520         1.00
      0.0530         1.00
      0.0540         1.00
      0.0550         1.00
      0.0560         1.00
      0.0570         1.00
      0.0580         1.00
      0.0590         1.00
      0.0600         1.00
      0.0610         1.00
      0.0620         1.00
      0.0630         1.00
      0.0640         1.00
      0.0650         1.00
      0.0660         1.00
      0.0670         1.00
      0.0680         1.00
      0.0690         1.00
      0.0700         1.00
      0.0710         1.00
      0.0720         1.00
      0.0730         1.00
      0.0740         1.00
      0.0750         1.00
      0.0760         1.00
      0.0770         1.00
      0.0780         1.00
      0.0790         1.00
      0.0800         1.00
      0.0810         1.00
      0.0820         1.00
      0.0830         1.00
      0.0840         1.00
      0.0850         1.00
      0.0860         1.00
      0.0870         1.00
      0.0880         1.00
      0.0890         1.00
      0.0900         1.00
      0.0910         1.00
      0.0920         1.00
      0.0930         1.00
      0.0940         1.00
      0.0950         1.00
      0.0960         1.00
      0.0970         1.00
      0.0980         1.00
      0.0990         1.00
      0.1000         1.00
      0.1010         1.00
      0.1020         1.00
      0.1030         1.00
      0.1040         1.00
      0.1050         1.00
      0.1060         1.00
      0.1070         1.00
      0.1080         1.00
      0.1090         1.00
      0.1100         1.00
      0.1110         1.00
      0.1120         1.00
      0.1130         1.00
      0.1140         1.00
      0.1150         1.00
      0.1160         1.00
      0.1170         1.00
      0.1180         1.00
      0.1190         1.00
      0.1200         1.00
      0.1210         1.00
      0.1220         1.00
      0.1230         1.00
      0.1240         1.00
      0.1250         1.00
      0.1260         1.00
      0.1270         1.00
      0.1280         1.00
      0.1290         1.00
      0.1300         1.00
      0.1310         1.00
      0.1320         1.00
      0.1330         1.00
      0.1340         1.00
      0.1350         1.00
      0.1360         1.00
      0.1370         1.00
      0.1380         1.00
      0.1390         1.00
      0.1400         1.00
      0.1410         1.00
      0.1420         1.00
      0.1430         1.00
      0.1440         1.00
      0.1450         1.00
      0.1460         1.00
      0.1470         1.00
      0.1480         1.00
      0.1490         1.00
      0.1500         1.00
      0.1510         1.00
      0.1520         1.00
      0.1530         1.00
      0.1540         1.00
      0.1550         1.00
      0.1560         1.00
      0.1570         1.00
      0.1580         1.00
      0.1590         1.00
      0.1600         1.00
      0.1610         1.00
      0.1620         1.00
      0.1630         1.00
      0.1640         1.00
      0.1650         1.00
      0.1660         1.00
      0.1670         1.00
      0.1680         1.00
      0.1690         1.00
      0.1700         1.00
      0.1710         1.00
      0.1720         1.00
      0.1730         1.00
      0.1740         1.00
      0.1750         1.00
      0.1760         1.00
      0.1770         1.00
      0.1780         1.00
      0.1790         1.00
      0.1800         1.00
      0.1810         1.00
      0.1820         1.00
      0.1830         1.00
      0.1840         1.00
      0.1850         1.00
      0.1860         1.00
      0.1870         1.00
      0.1880         1.00
      0.1890         1.00
      0.1900         1.00
      0.1910         1.00
      0.1920         1.00
      0.1930         1.00
      0.1940         1.00
      0.1950         1.00
      0.1960         1.00
      0.1970         1.00
      0.1980         1.00
      0.1990         1.00
      0.2000         1.00
      0.2010         1.00
      0.2020         1.00
      0.2030         1.00
      0.2040         1.00
      0.2050         1.00
      0.2060         1.00
      0.2070         1.00
      0.2080         1.00
      0.2090         1.00
      0.2100         1.00
      0.2110         1.00
      0.2120         1.00
      0.2130         1.00
      0.2140         1.00
      0.2150         1.00
      0.2160         1.00
      0.2170         1.00
      0.2180         1.00
      0.2190         1.00
      0.2200         1.00
      0.2210         1.00
      0.2220         1.00
      0.2230         1.00
      0.2240         1.00
      0.2250         1.00
      0.2260         1.00
      0.2270         1.00
      0.2280         1.00
      0.2290         1.00
      0.2300         1.00
      0.2310         1.00
      0.2320         1.00
      0.2330         1.00
      0.2340         1.00
      0.2350         1.00
      0.2360         1.00
      0.2370         1.00
      0.2380         1.00
      0.2390         1.00
      0.2400         1.00
      0.2410         1.00
      0.2420         1.00
      0.2430         1.00
      0.2440         1.00
      0.2450         1.00
      0.2460         1.00
      0.2470         1.00
      0.2480         1.00
      0.2490         1.00
      0.2500         1.00
      0.2510         1.00
      0.2520         1.00
      0.2530         1.00
      0.2540         1.00
      0.2550         1.00
      0.2560         1.00
      0.2570         1.00
      0.2580         1.00
      0.2590         1.00
      0.2600         1.00
      0.2610         1.00
      0.2620         1.00
      0.2630         1.00
      0.2640         1.00
      0.2650         1.00
      0.2660         1.00
      0.2670         1.00
      0.2680         1.00
      0.2690         1.00
      0.2700         1.00
      0.2710         1.00
      0.2720         1.00
      0.2730         1.00
      0.2740         1.00
      0.2750         1.00
      0.2760         1.00
      0.2770         1.00
      0.2780         1.00
      0.2790         1.00
      0.2800         1.00
      0.2810         1.00
      0.2820         1.00
      0.2830         1.00
      0.2840         1.00
      0.2850         1.00
      0.2860         1.00
      0.2870         1.00
      0.2880         1.00
      0.2890         1.00
      0.2900         1.00
      0.2910         1.00
      0.2920         1.00
      0.2930         1.00
      0.2940         1.00
      0.2950         1.00
      0.2960         1.00
      0.2970         1.00
      0.2980         1.00
      0.2990         1.00
      0.3000         1.00
      0.3010         1.00
      0.3020         1.00
      0.3030         1.00
      0.3040         1.00
      0.3050         1.00
      0.3060         1.00
      0.3070         1.00
      0.3080         1.00
      0.3090         1.00
      0.3100         1.00
      0.3110         1.00
      0.3120         1.00
      0.3130         1.00
      0.3140         1.00
      0.3150         1.00
      0.3160         1.00
      0.3170         1.00
      0.3180         1.00
      0.3190         1.00
      0.3200         1.00
      0.3210         1.00
      0.3220         1.00
      0.3230         1.00
      0.3240         1.00
      0.3250         1.00
      0.3260         1.00
      0.3270         1.00
      0.3280         1.00
      0.3290         1.00
      0.3300         1.00
      0.3310         1.00
      0.3320         1.00
      0.3330         1.00
      0.3340         1.00
      0.3350         1.00
      0.3360         1.00
      0.3370         1.00
      0.3380         1.00
      0.3390         1.00
      0.3400         1.00
      0.3410         1.00
      0.3420         1.00
      0.3430         1.00
      0.3440         1.00
      0.3450         1.00
      0.3460         1.00
      0.3470         1.00
      0.3480         1.00
      0.3490         1.00
      0.3500         1.00
      0.3510         1.00
      0.3520         1.00
      0.3530         1.00
      0.3540         1.00
      0.3550         1.00
      0.3560         1.00
      0.3570         1.00
      0.3580         1.00
      0.3590         1.00
      0.3600         1.00
      0.3610         1.00
      0.3620         1.00
      0.3630         1.00
      0.3640         1.00
      0.3650         1.00
      0.3660         1.00
      0.3670         1.00
      0.3680         1.00
      0.3690         1.00
      0.3700         1.00
      0.3710         1.00
      0.3720         1.00
      0.3730         1.00
      0.3740         1.00
      0.3750         1.00
      0.3760         1.00
      0.3770         1.00
      0.3780         1.00
      0.3790         1.00
      0.3800         1.00
      0.3810         1.00
      0.3820         1.00
      0.3830         1.00
      0.3840         1.00
      0.3850         1.00
      0.3860         1.00
      0.3870         1.00
      0.3880         1.00
      0.3890         1.00
      0.3900         1.00
      0.3910         1.00
      0.3920         1.00
      0.3930         1.00
      0.3940         1.00
      0.3950         1.00
      0.3960         1.00
      0.3970         1.00
      0.3980         1.00
      0.3990         1.00
      0.4000         1.00
      0.4010         1.00
      0.4020         1.00
      0.4030         1.00
      0.4040         1.00
      0.4050         1.00
      0.4060         1.00
      0.4070         1.00
      0.4080         1.00
      0.4090         1.00
      0.4100         1.00
      0.4110         1.00
      0.4120         1.00
      0.4130         1.00
      0.4140         1.00
      0.4150         1.00
      0.4160         1.00
      0.4170         1.00
      0.4180         1.00
      0.4190         1.00
      0.4200         1.00
      0.4210         1.00
      0.4220         1.00
      0.4230         1.00
      0.4240         1.00
      0.4250         1.00
      0.4260         1.00
      0.4270         1.00
      0.4280         1.00
      0.4290         1.00
      0.4300         1.00
      0.4310         1.00
      0.4320         1.00
      0.4330         1.00
      0.4340         1.00
      0.4350         1.00
      0.4360         1.00
      0.4370         1.00
      0.4380         1.00
      0.4390         1.00
      0.4400         1.00
      0.4410         1.00
      0.4420         1.00
      0.4430         1.00
      0.4440         1.00
      0.4450         1.00
      0.4460         1.00
      0.4470         1.00
      0.4480         1.00
      0.4490         1.00
      0.4500         1.00
      0.4510         1.00
      0.4520         1.00
      0.4530         1.00
      0.4540         1.00
      0.4550         1.00
      0.4560         1.00
      0.4570         1.00
      0.4580         1.00
      0.4590         1.00
      0.4600         1.00
      0.4610         1.00
      0.4620         1.00
      0.4630         1.00
      0.4640         1.00
      0.4650         1.00
      0.4660         1.00
      0.4670         1.00
      0.4680         1.00
      0.4690         1.00
      0.4700         1.00
      0.4710         1.00
      0.4720         1.00
      0.4730         1.00
      0.4740         1.00
      0.4750         1.00
      0.4760         1.00
      0.4770         1.00
      0.4780         1.00
      0.4790         1.00
      0.4800         1.00
      0.4810         1.00
      0.4820         1.00
      0.4830         1.00
      0.4840         1.00
      0.4850         1.00
      0.4860         1.00
      0.4870         1.00
      0.4880         1.00
      0.4890         1.00
      0.4900         1.00
      0.4910         1.00
      0.4920         1.00
      0.4930         1.00
      0.4940         1.00
      0.4950         1.00
      0.4960         1.00
      0.4970         1.00
      0.4980         1.00
      0.4990         1.00
      0.5000         1.00
      0.5010         1.00
      0.5020         1.00
      0.5030         1.00
      0.5040         1.00
      0.5050         1.00
      0.5060         1.00
      0.5070         1.00
      0.5080         1.00
      0.5090         1.00
      0.5100         1.00
      0.5110         1.00
      0.5120         1.00
      0.5130         1.00
      0.5140         1.00
      0.5150         1.00
      0.5160         1.00
      0.5170         1.00
      0.5180         1.00
      0.5190         1.00
      0.5200         1.00
      0.5210         1.00
      0.5220         1.00
      0.5230         1.00
      0.5240         1.00
      0.5250         1.00
      0.5260         1.00
      0.5270         1.00
      0.5280         1.00
      0.5290         1.00
      0.5300         1.00
      0.5310         1.00
      0.5320         1.00
      0.5330         1.00
      0.5340         1.00
      0.5350         1.00
      0.5360         1.00
      0.5370         1.00
      0.5380         1.00
      0.5390         1.00
      0.5400         1.00
      0.5410         1.00
      0.5420         1.00
      0.5430         1.00
      0.5440         1.00
      0.5450         1.00
      0.5460         1.00
      0.5470         1.00
      0.5480         1.00
      0.5490         1.00
      0.5500         1.00
      0.5510         1.00
      0.5520         1.00
      0.5530         1.00
      0.5540         1.00
      0.5550         1.00
      0.5560         1.00
      0.5570         1.00
      0.5580         1.00
      0.5590         1.00
      0.5600         1.00
      0.5610         1.00
      0.5620         1.00
      0.5630         1.00
      0.5640         1.00
      0.5650         1.00
      0.5660         1.00
      0.5670         1.00
      0.5680         1.00
      0.5690         1.00
      0.5700         1.00
      0.5710         1.00
      0.5720         1.00
      0.5730         1.00
      0.5740         1.00
      0.5750         1.00
      0.5760         1.00
      0.5770         1.00
      0.5780         1.00
      0.5790         1.00
      0.5800         1.00
      0.5810         1.00
      0.5820         1.00
      0.5830         1.00
      0.5840         1.00
      0.5850         1.00
      0.5860         1.00
      0.5870         1.00
      0.5880         1.00
      0.5890         1.00
      0.5900         1.00
      0.5910         1.00
      0.5920         1.00
      0.5930         1.00
      0.5940         1.00
      0.5950         1.00
      0.5960         1.00
      0.5970         1.00
      0.5980         1.00
      0.5990         1.00
      0.6000         1.00
      0.6010         1.00
      0.6020         1.00
      0.6030         1.00
      0.6040         1.00
      0.6050         1.00
      0.6060         1.00
      0.6070         1.00
      0.6080         1.00
      0.6090         1.00
      0.6100         1.00
      0.6110         1.00
      0.6120         1.00
      0.6130         1.00
      0.6140         1.00
      0.6150         1.00
      0.6160         1.00
      0.6170         1.00
      0.6180         1.00
      0.6190         1.00
      0.6200         1.00
      0.6210         1.00
      0.6220         1.00
      0.6230         1.00
      0.6240         1.00
      0.6250         1.00
      0.6260         1.00
      0.6270         1.00
      0.6280         1.00
      0.6290         1.00
      0.6300         1.00
      0.6310         1.00
      0.6320         1.00
      0.6330         1.00
      0.6340         1.00
      0.6350         1.00
      0.6360         1.00
      0.6370         1.00
      0.6380         1.00
      0.6390         1.00
      0.6400         1.00
      0.6410         1.00
      0.6420         1.00
      0.6430         1.00
      0.6440         1.00
      0.6450         1.00
      0.6460         1.00
      0.6470         1.00
      0.6480         1.00
      0.6490         1.00
      0.6500         1.00
      0.6510         1.00
      0.6520         1.00
      0.6530         1.00
      0.6540         1.00
      0.6550         1.00
      0.6560         1.00
      0.6570         1.00
      0.6580         1.00
      0.6590         1.00
      0.6600         1.00
      0.6610         1.00
      0.6620         1.00
      0.6630         1.00
      0.6640         1.00
      0.6650         1.00
      0.6660         1.00
      0.6670         1.00
      0.6680         1.00
      0.6690         1.00
      0.6700         1.00
      0.6710         1.00
      0.6720         1.00
      0.6730         1.00
      0.6740         1.00
      0.6750         1.00
      0.6760         1.00
      0.6770         1.00
      0.6780         1.00
      0.6790         1.00
      0.6800         1.00
      0.6810         1.00
      0.6820         1.00
      0.6830         1.00
      0.6840         1.00
      0.6850         1.00
      0.6860         1.00
      0.6870         1.00
      0.6880         1.00
      0.6890         1.00
      0.6900         1.00
      0.6910         1.00
      0.6920         1.00
      0.6930         1.00
      0.6940         1.00
      0.6950         1.00
      0.6960         1.00
      0.6970         1.00
      0.6980         1.00
      0.6990         1.00
      0.7000         1.00
      0.7010         1.00
      0.7020         1.00
      0.7030         1.00
      0.7040         1.00
      0.7050         1.00
      0.7060         1.00
      0.7070         1.00
      0.7080         1.00
      0.7090         1.00
      0.7100         1.00
      0.7110         1.00
      0.7120         1.00
      0.7130         1.00
      0.7140         1.00
      0.7150         1.00
      0.7160         1.00
      0.7170         1.00
      0.7180         1.00
      0.7190         1.00
      0.7200         1.00
      0.7210         1.00
      0.7220         1.00
      0.7230         1.00
      0.7240         1.00
      0.7250         1.00
      0.7260         1.00
      0.7270         1.00
      0.7280         1.00
      0.7290         1.00
      0.7300         1.00
      0.7310         1.00
      0.7320         1.00
      0.7330         1.00
      0.7340         1.00
      0.7350         1.00
      0.7360         1.00
      0.7370         1.00
      0.7380         1.00
      0.7390         1.00
      0.7400         1.00
      0.7410         1.00
      0.7420         1.00
      0.7430         1.00
      0.7440         1.00
      0.7450         1.00
      0.7460         1.00
      0.7470         1.00
      0.7480         1.00
      0.7490         1.00
      0.7500         1.00
      0.7510         1.00
      0.7520         1.00
      0.7530         1.00
      0.7540         1.00
      0.7550         1.00
      0.7560         1.00
      0.7570         1.00
      0.7580         1.00
      0.7590         1.00
      0.7600         1.00
      0.7610         1.00
      0.7620         1.00
      0.7630         1.00
      0.7640         1.00
      0.7650         1.00
      0.7660         1.00
      0.7670         1.00
      0.7680         1.00
      0.7690         1.00
      0.7700         1.00
      0.7710         1.00
      0.7720         1.00
      0.7730         1.00
      0.7740         1.00
      0.7750         1.00
      0.7760         1.00
      0.7770         1.00
      0.7780         1.00
      0.7790         1.00
      0.7800         1.00
      0.7810         1.00
      0.7820         1.00
      0.7830         1.00
      0.7840         1.00
      0.7850         1.00
      0.7860         1.00
      0.7870         1.00
      0.7880         1.00
      0.7890         1.00
      0.7900         1.00
      0.7910         1.00
      0.7920         1.00
      0.7930         1.00
      0.7940         1.00
      0.7950         1.00
      0.7960         1.00
      0.7970         1.00
      0.7980         1.00
      0.7990         1.00
      0.8000         1.00
      0.8010         1.00
      0.8020         1.00
      0.8030         1.00
      0.8040         1.00
      0.8050         1.00
      0.8060         1.00
      0.8070         1.00
      0.8080         1.00
      0.8090         1.00
      0.8100         1.00
      0.8110         1.00
      0.8120         1.00
      0.8130         1.00
      0.8140         1.00
      0.8150         1.00
      0.8160         1.00
      0.8170         1.00
      0.8180         1.00
      0.8190         1.00
      0.8200         1.00
      0.8210         1.00
      0.8220         1.00
      0.8230         1.00
      0.8240         1.00
      0.8250         1.00
      0.8260         1.00
      0.8270         1.00
      0.8280         1.00
      0.8290         1.00
      0.8300         1.00
      0.8310         1.00
      0.8320         1.00
      0.8330         1.00
      0.8340         1.00
      0.8350         1.00
      0.8360         1.00
      0.8370         1.00
      0.8380         1.00
      0.8390         1.00
      0.8400         1.00
      0.8410         1.00
      0.8420         1.00
      0.8430         1.00
      0.8440         1.00
      0.8450         1.00
      0.8460         1.00
      0.8470         1.00
      0.8480         1.00
      0.8490         1.00
      0.8500         1.00
      0.8510         1.00
      0.8520         1.00
      0.8530         1.00
      0.8540         1.00
      0.8550         1.00
      0.8560         1.00
      0.8570         1.00
      0.8580         1.00
      0.8590         1.00
      0.8600         1.00
      0.8610         1.00
      0.8620         1.00
      0.8630         1.00
      0.8640         1.00
      0.8650         1.00
      0.8660         1.00
      0.8670         1.00
      0.8680         1.00
      0.8690         1.00
      0.8700         1.00
      0.8710         1.00
      0.8720         1.00
      0.8730         1.00
      0.8740         1.00
      0.8750         1.00
      0.8760         1.00
      0.8770         1.00
      0.8780         1.00
      0.8790         1.00
      0.8800         1.00
      0.8810         1.00
      0.8820         1.00
      0.8830         1.00
      0.8840         1.00
      0.8850         1.00
      0.8860         1.00
      0.8870         1.00
      0.8880         1.00
      0.8890         1.00
      0.8900         1.00
      0.8910         1.00
      0.8920         1.00
      0.8930         1.00
      0.8940         1.00
      0.8950         1.00
      0.8960         1.00
      0.8970         1.00
      0.8980         1.00
      0.8990         1.00
      0.9000         1.00
      0.9010         1.00
      0.9020         1.00
      0.9030         1.00
      0.9040         1.00
      0.9050         1.00
      0.9060         1.00
      0.9070         1.00
      0.9080         1.00
      0.9090         1.00
      0.9100         1.00
      0.9110         1.00
      0.9120         1.00
      0.9130         1.00
      0.9140         1.00
      0.9150         1.00
      0.9160         1.00
      0.9170         1.00
      0.9180         1.00
      0.9190         1.00
      0.9200         1.00
      0.9210         1.00
      0.9220         1.00
      0.9230         1.00
      0.9240         1.00
      0.9250         1.00
      0.9260         1.00
      0.9270         1.00
      0.9280         1.00
      0.9290         1.00
      0.9300         1.00
      0.9310         1.00
      0.9320         1.00
      0.9330         1.00
      0.9340         1.00
      0.9350         1.00
      0.9360         1.00
      0.9370         1.00
      0.9380         1.00
      0.9390         1.00
      0.9400         1.00
      0.9410         1.00
      0.9420         1.00
      0.9430         1.00
      0.9440         1.00
      0.9450         1.00
      0.9460         1.00
      0.9470         1.00
      0.9480         1.00
      0.9490         1.00
      0.9500         1.00
      0.9510         1.00
      0.9520         1.00
      0.9530         1.00
      0.9540         1.00
      0.9550         1.00
      0.9560         1.00
      0.9570         1.00
      0.9580         1.00
      0.9590         1.00
      0.9600         1.00
      0.9610         1.00
      0.9620         1.00
      0.9630         1.00
      0.9640         1.00
      0.9650         1.00
      0.9660         1.00
      0.9670         1.00
      0.9680         1.00
      0.9690         1.00
      0.9700         1.00
      0.9710         1.00
      0.9720         1.00
      0.9730         1.00
      0.9740         1.00
      0.9750         1.00
      0.9760         1.00
      0.9770         1.00
      0.9780         1.00
      0.9790         1.00
      0.9800         1.00
      0.9810         1.00
      0.9820         1.00
      0.9830         1.00
      0.9840         1.00
      0.9850         1.00
      0.9860         1.00
      0.9870         1.00
      0.9880         1.00
      0.9890         1.00
      0.9900         1.00
      0.9910         1.00
      0.9920         1.00
      0.9930         1.00
      0.9940         1.00
      0.9950         1.00
      0.9960         1.00
      0.9970         1.00
      0.9980         1.00
      0.9990         1.00
      1.0000         1.00
      1.0010         1.00
      1.0020         1.00
      1.0030         1.00
      1.0040         1.00
      1.0050         1.00
      1.0060         1.00
      1.0070         1.00
      1.0080         1.00
      1.0090         1.00
      1.0100         1.00
      1.0110         1.00
      1.0120         1.00
      1.0130         1.00
      1.0140         1.00
      1.0150         1.00
      1.0160         1.00
      1.0170         1.00
      1.0180         1.00
      1.0190         1.00
      1.0200         1.00
      1.0210         1.00
      1.0220         1.00
      1.0230         1.00
      1.0240         1.00
      1.0250         1.00
      1.0260         1.00
      1.0270         1.00
      1.0280         1.00
      1.0290         1.00
      1.0300         1.00
      1.0310         1.00
      1.0320         1.00
      1.0330         1.00
      1.0340         1.00
      1.0350         1.00
      1.0360         1.00
      1.0370         1.00
      1.0380         1.00
      1.0390         1.00
      1.0400         1.00
      1.0410         1.00
      1.0420         1.00
      1.0430         1.00
      1.0440         1.00
      1.0450         1.00
      1.0460         1.00
      1.0470         1.00
      1.0480         1.00
      1.0490         1.00
      1.0500         1.00
      1.0510         1.00
      1.0520         1.00
      1.0530         1.00
      1.0540         1.00
      1.0550         1.00
      1.0560         1.00
      1.0570         1.00
      1.0580         1.00
      1.0590         1.00
      1.0600         1.00
      1.0610         1.00
      1.0620         1.00
      1.0630         1.00
      1.0640         1.00
      1.0650         1.00
      1.0660         1.00
      1.0670         1.00
      1.0680         1.00
      1.0690         1.00
      1.0700         1.00
      1.0710         1.00
      1.0720         1.14
      1.0730         1.00
      1.0740         1.00
      1.0750         1.00
      1.0760         1.00
      1.0770         1.00
      1.0780         1.00
      1.0790         1.00
      1.0800         1.00
      1.0810         1.00
      1.0820         1.00
      1.0830         1.00
      1.0840         1.00
      1.0850         1.00
      1.0860         1.00
      1.0870         1.00
      1.0880         1.00
      1.0890         1.00
      1.0900         1.00
      1.0910         1.00
      1.0920         1.00
      1.0930         1.00
      1.0940         1.00
      1.0950         1.00
      1.0960         1.00
      1.0970         1.00
      1.0980         1.00
      1.0990         1.00
      1.1000         1.00
      1.1010         1.00
      1.1020         1.00
      1.1030         1.00
      1.1040         1.00
      1.1050         1.00
      1.1060         1.00
      1.1070         1.00
      1.1080         1.00
      1.1090         1.00
      1.1100         1.16
      1.1110         1.13
      1.1120         1.15
      1.1130         1.16
      1.1140         1.16
      1.1150         1.28
      1.1160         1.39
      1.1170         1.35
      1.1180         1.39
      1.1190         1.34
      1.1200         1.38
      1.1210         1.42
      1.1220         1.42
      1.1230         1.46
      1.1240         1.50
      1.1250         1.42
      1.1260         1.34
      1.1270         1.34
      1.1280         1.27
      1.1290         1.33
      1.1300         1.34
      1.1310         1.41
      1.1320         1.45
      1.1330         1.46
      1.1340         1.53
      1.1350         1.53
      1.1360         1.48
      1.1370         1.49
      1.1380         1.57
      1.1390         1.67
      1.1400         1.65
      1.1410         1.64
      1.1420         1.64
      1.1430         1.57
      1.1440         1.15
      1.1450         1.76
      1.1460         1.97
      1.1470         1.98
      1.1480         2.16
      1.1490         2.09
      1.1500         2.09
      1.1510         2.21
      1.1520         2.26
      1.1530         2.32
      1.1540         2.44
      1.1550         2.97
      1.1560         3.13
      1.1570         3.25
      1.1580         3.16
      1.1590         3.25
      1.1600         3.21
      1.1610         3.24
      1.1620         3.27
      1.1630         3.35
      1.1640         3.30
      1.1650         3.38
      1.1660         3.33
      1.1670         3.30
      1.1680         3.18
      1.1690         2.74
      1.1700         2.75
      1.1710         2.70
      1.1720         2.67
      1.1730         2.68
      1.1740         2.55
      1.1750         2.55
      1.1760         2.55
      1.1770         2.55
      1.1780         2.53
      1.1790         2.48
      1.1800         2.60
      1.1810         2.66
      1.1820         2.69
      1.1830         2.77
      1.1840         2.94
      1.1850         3.12
      1.1860         3.13
      1.1870         3.28
      1.1880         3.40
      1.1890         3.51
      1.1900         3.57
      1.1910         3.58
      1.1920         3.68
      1.1930         4.36
      1.1940         4.45
      1.1950         4.56
      1.1960         4.59
      1.1970         4.57
      1.1980         4.66
      1.1990         4.64
      1.2000         4.75
      1.2010         4.72
      1.2020         4.75
      1.2030         4.76
      1.2040         4.70
      1.2050         4.75
      1.2060         4.85
      1.2070         4.78
      1.2080         4.72
      1.2090         4.48
      1.2100         4.02
      1.2110         4.10
      1.2120         4.17
      1.2130         4.10
      1.2140         4.15
      1.2150         4.21
      1.2160         4.25
      1.2170         4.92
      1.2180         5.01
      1.2190         5.20
      1.2200         5.13
      1.2210         5.21
      1.2220         5.29
      1.2230         5.31
      1.2240         5.38
      1.2250         5.44
      1.2260         5.51
      1.2270         5.55
      1.2280         5.66
      1.2290         6.03
      1.2300         6.16
      1.2310         6.29
      1.2320         6.32
      1.2330         6.40
      1.2340         6.49
      1.2350         6.52
      1.2360         6.58
      1.2370         6.62
      1.2380         6.64
      1.2390         6.70
      1.2400         6.86
      1.2410         7.00
      1.2420         7.12
      1.2430         7.17
      1.2440         7.13
      1.2450         7.03
      1.2460         7.07
      1.2470         7.14
      1.2480         7.22
      1.2490         7.17
      1.2500         7.10
      1.2510         7.15
      1.2520         7.14
      1.2530         6.66
      1.2540         6.72
      1.2550         6.64
      1.2560         6.72
      1.2570         6.71
      1.2580         6.77
      1.2590         6.75
      1.2600         6.73
      1.2610         6.79
      1.2620         6.90
      1.2630         7.00
      1.2640         7.10
      1.2650         7.77
      1.2660         7.82
      1.2670         7.80
      1.2680         7.81
      1.2690         7.93
      1.2700         8.09
      1.2710         8.20
      1.2720         8.37
      1.2730         8.55
      1.2740         8.75
      1.2750         8.90
      1.2760         8.95
      1.2770         9.11
      1.2780         9.91
      1.2790         9.50
      1.2800         9.68
      1.2810         9.64
      1.2820         9.81
      1.2830         9.82
      1.2840         9.99
      1.2850         9.97
      1.2860         9.84
      1.2870         9.98
      1.2880         9.99
      1.2890        10.04
      1.2900        10.05
      1.2910        10.03
      1.2920        10.05
      1.2930         9.94
      1.2940        10.04
      1.2950        10.09
      1.2960        10.16
      1.2970        10.16
      1.2980         9.96
      1.2990        10.07
      1.3000        10.04
      1.3010        10.16
      1.3020        10.13
      1.3030        10.20
      1.3040        10.16
      1.3050        10.11
      1.3060        10.39
      1.3070        10.57
      1.3080        10.63
      1.3090        10.82
      1.3100        11.11
      1.3110        11.36
      1.3120        11.61
      1.3130        11.87
      1.3140        11.99
      1.3150        12.12
      1.3160        12.25
      1.3170        12.55
      1.3180        12.75
      1.3190        12.76
      1.3200        13.02
      1.3210        13.16
      1.3220        13.30
      1.3230        13.37
      1.3240        13.42
      1.3250        13.60
      1.3260        13.67
      1.3270        13.63
      1.3280        14.33
      1.3290        14.35
      1.3300        14.25
      1.3310        14.24
      1.3320        14.20
      1.3330        14.20
      1.3340        14.16
      1.3350        14.20
      1.3360        14.28
      1.3370        14.28
      1.3380        14.13
      1.3390        14.07
      1.3400        14.04
      1.3410        14.19
      1.3420        14.19
      1.3430        14.03
      1.3440        14.04
      1.3450        13.82
      1.3460        13.91
      1.3470        14.60
      1.3480        14.65
      1.3490        14.29
      1.3500        14.50
      1.3510        14.64
      1.3520        14.73
      1.3530        14.87
      1.3540        15.05
      1.3550        15.23
      1.3560        15.37
      1.3570        15.54
      1.3580        15.73
      1.3590        15.84
      1.3600        15.86
      1.3610        15.84
      1.3620        16.07
      1.3630        16.23
      1.3640        16.42
      1.3650        16.33
      1.3660        16.34
      1.3670        16.30
      1.3680        16.33
      1.3690        16.30
      1.3700        16.44
      1.3710        16.52
      1.3720        16.53
      1.3730        16.72
      1.3740        16.73
      1.3750        16.73
      1.3760        16.75
      1.3770        16.82
      1.3780        16.87
      1.3790        17.02
      1.3800        17.07
      1.3810        17.22
      1.3820        17.24
      1.3830        17.43
      1.3840        17.41
      1.3850        17.59
      1.3860        17.72
      1.3870        18.02
      1.3880        18.10
      1.3890        18.26
      1.3900        18.39
      1.3910        18.39
      1.3920        18.62
      1.3930        18.71
      1.3940        19.39
      1.3950        19.60
      1.3960        19.89
      1.3970        19.98
      1.3980        20.04
      1.3990        20.13
      1.4000        20.30
      1.4010        20.40
      1.4020        20.53
      1.4030        20.71
      1.4040        20.85
      1.4050        20.98
      1.4060        21.12
      1.4070        21.13
      1.4080        21.23
      1.4090        21.19
      1.4100        21.27
      1.4110        21.08
      1.4120        20.96
      1.4130        20.87
      1.4140        20.91
      1.4150        20.95
      1.4160        20.94
      1.4170        20.91
      1.4180        21.00
      1.4190        21.02
      1.4200        21.08
      1.4210        21.10
      1.4220        21.29
      1.4230        21.38
      1.4240        21.36
      1.4250        21.43
      1.4260        21.59
      1.4270        21.52
      1.4280        21.62
      1.4290        21.82
      1.4300        22.33
      1.4310        21.79
      1.4320        22.75
      1.4330        23.10
      1.4340        23.21
      1.4350        23.44
      1.4360        23.65
      1.4370        23.79
      1.4380        24.04
      1.4390        24.25
      1.4400        24.35
      1.4410        24.58
      1.4420        24.66
      1.4430        24.70
      1.4440        24.95
      1.4450        25.04
      1.4460        25.05
      1.4470        25.16
      1.4480        25.26
      1.4490        25.27
      1.4500        25.30
      1.4510        25.50
      1.4520        25.42
      1.4530        25.39
      1.4540        25.47
      1.4550        25.53
      1.4560        25.52
      1.4570        25.58
      1.4580        25.55
      1.4590        25.46
      1.4600        24.96
      1.4610        24.93
      1.4620        24.93
      1.4630        25.05
      1.4640        25.05
      1.4650        25.01
      1.4660        24.99
      1.4670        25.08
      1.4680        25.16
      1.4690        25.10
      1.4700        25.12
      1.4710        25.22
      1.4720        25.83
      1.4730        25.87
      1.4740        26.05
      1.4750        26.07
      1.4760        26.22
      1.4770        26.48
      1.4780        26.59
      1.4790        26.85
      1.4800        26.91
      1.4810        27.18
      1.4820        27.35
      1.4830        27.55
      1.4840        27.50
      1.4850        27.73
      1.4860        27.89
      1.4870        28.09
      1.4880        28.09
      1.4890        28.46
      1.4900        28.56
      1.4910        28.51
      1.4920        28.52
      1.4930        28.66
      1.4940        28.61
      1.4950        28.71
      1.4960        28.55
      1.4970        28.38
      1.4980        28.42
      1.4990        28.43
      1.5000        28.50
      1.5010        28.34
      1.5020        28.57
      1.5030        28.54
      1.5040        28.67
      1.5050        28.59
      1.5060        28.46
      1.5070        28.38
      1.5080        28.34
      1.5090        28.22
      1.5100        28.10
      1.5110        28.27
      1.5120        28.24
      1.5130        28.30
      1.5140        28.49
      1.5150        28.52
      1.5160        28.79
      1.5170        28.91
      1.5180        29.03
      1.5190        29.03
      1.5200        29.08
      1.5210        29.28
      1.5220        29.38
      1.5230        29.42
      1.5240        29.51
      1.5250        29.70
      1.5260        29.93
      1.5270        29.96
      1.5280        30.03
      1.5290        30.20
      1.5300        30.33
      1.5310        30.17
      1.5320        30.21
      1.5330        30.20
      1.5340        30.18
      1.5350        30.25
      1.5360        30.12
      1.5370        30.19
      1.5380        30.01
      1.5390        30.04
      1.5400        30.15
      1.5410        30.07
      1.5420        29.85
      1.5430        29.89
      1.5440        29.79
      1.5450        29.14
      1.5460        29.61
      1.5470        29.75
      1.5480        29.98
      1.5490        29.87
      1.5500        29.90
      1.5510        29.94
      1.5520        29.99
      1.5530        30.18
      1.5540        30.29
      1.5550        30.29
      1.5560        30.45
      1.5570        30.49
      1.5580        30.81
      1.5590        31.01
      1.5600        31.05
      1.5610        31.13
      1.5620        31.31
      1.5630        31.48
      1.5640        31.70
      1.5650        31.91
      1.5660        31.90
      1.5670        32.02
      1.5680        31.92
      1.5690        31.92
      1.5700        32.04
      1.5710        32.26
      1.5720        32.45
      1.5730        32.32
      1.5740        32.25
      1.5750        32.31
      1.5760        32.31
      1.5770        32.48
      1.5780        32.56
      1.5790        32.46
      1.5800        32.32
      1.5810        32.40
      1.5820        32.40
      1.5830        32.23
      1.5840        32.16
      1.5850        31.98
      1.5860        32.19
      1.5870        32.08
      1.5880        32.12
      1.5890        32.27
      1.5900        32.23
      1.5910        32.19
      1.5920        32.14
      1.5930        32.19
      1.5940        32.38
      1.5950        32.41
      1.5960        32.46
      1.5970        32.45
      1.5980        32.40
      1.5990        32.58
      1.6000        32.73
      1.6010        32.84
      1.6020        32.86
      1.6030        33.14
      1.6040        33.31
      1.6050        33.58
      1.6060        33.53
      1.6070        33.60
      1.6080        33.67
      1.6090        33.76
      1.6100        33.85
      1.6110        33.96
      1.6120        34.10
      1.6130        34.22
      1.6140        34.29
      1.6150        34.31
      1.6160        34.39
      1.6170        34.38
      1.6180        34.31
      1.6190        34.14
      1.6200        34.22
      1.6210        34.31
      1.6220        34.38
      1.6230        34.21
      1.6240        34.23
      1.6250        34.13
      1.6260        34.13
      1.6270        34.17
      1.6280        34.24
      1.6290        34.41
      1.6300        34.46
      1.6310        34.54
      1.6320        34.51
      1.6330        34.56
      1.6340        34.39
      1.6350        34.50
      1.6360        34.59
      1.6370        34.85
      1.6380        35.04
      1.6390        35.05
      1.6400        35.15
      1.6410        35.11
      1.6420        35.44
      1.6430        35.45
      1.6440        35.51
      1.6450        35.55
      1.6460        35.66
      1.6470        35.83
      1.6480        35.86
      1.6490        35.69
      1.6500        35.77
      1.6510        35.70
      1.6520        35.81
      1.6530        35.78
      1.6540        36.01
      1.6550        35.97
      1.6560        35.96
      1.6570        35.78
      1.6580        35.74
      1.6590        35.85
      1.6600        35.80
      1.6610        35.89
      1.6620        35.65
      1.6630        35.91
      1.6640        35.74
      1.6650        35.87
      1.6660        35.91
      1.6670        35.86
      1.6680        35.96
      1.6690        36.00
      1.6700        36.00
      1.6710        36.08
      1.6720        36.06
      1.6730        36.15
      1.6740        36.11
      1.6750        36.15
      1.6760        36.12
      1.6770        36.31
      1.6780        36.29
      1.6790        36.42
      1.6800        36.58
      1.6810        36.57
      1.6820        36.72
      1.6830        36.81
      1.6840        36.92
      1.6850        37.07
      1.6860        37.17
      1.6870        37.33
      1.6880        37.38
      1.6890        37.45
      1.6900        37.55
      1.6910        37.59
      1.6920        37.61
      1.6930        37.58
      1.6940        37.67
      1.6950        37.81
      1.6960        37.83
      1.6970        37.72
      1.6980        37.68
      1.6990        37.75
      1.7000        37.64
      1.7010        37.64
      1.7020        37.51
      1.7030        37.39
      1.7040        37.47
      1.7050        37.45
      1.7060        37.37
      1.7070        37.32
      1.7080        37.19
      1.7090        37.11
      1.7100        37.10
      1.7110        37.03
      1.7120        37.10
      1.7130        37.02
      1.7140        36.95
      1.7150        36.91
      1.7160        37.05
      1.7170        37.07
      1.7180        37.17
      1.7190        37.11
      1.7200        37.14
      1.7210        37.19
      1.7220        37.32
      1.7230        37.21
      1.7240        37.40
      1.7250        37.39
      1.7260        37.42
      1.7270        37.35
      1.7280        37.53
      1.7290        37.73
      1.7300        37.79
      1.7310        37.87
      1.7320        37.79
      1.7330        37.91
      1.7340        38.00
      1.7350        38.04
      1.7360        38.15
      1.7370        38.23
      1.7380        38.27
      1.7390        38.27
      1.7400        38.22
      1.7410        38.18
      1.7420        38.11
      1.7430        38.33
      1.7440        38.08
      1.7450        38.10
      1.7460        38.18
      1.7470        38.14
      1.7480        38.10
      1.7490        37.98
      1.7500        37.85
      1.7510        37.95
      1.7520        37.86
      1.7530        37.93
      1.7540        37.83
      1.7550        37.75
      1.7560        37.66
      1.7570        37.52
      1.7580        37.52
      1.7590        37.47
      1.7600        37.63
      1.7610        37.62
      1.7620        37.46
      1.7630        37.51
      1.7640        37.55
      1.7650        37.51
      1.7660        37.39
      1.7670        37.36
      1.7680        37.41
      1.7690        37.61
      1.7700        37.72
      1.7710        37.54
      1.7720        37.69
      1.7730        37.66
      1.7740        37.72
      1.7750        37.76
      1.7760        37.78
      1.7770        37.84
      1.7780        37.86
      1.7790        37.93
      1.7800        37.79
      1.7810        37.73
      1.7820        37.86
      1.7830        37.71
      1.7840        37.63
      1.7850        37.57
      1.7860        37.54
      1.7870        37.72
      1.7880        37.49
      1.7890        37.37
      1.7900        37.23
      1.7910        37.29
      1.7920        37.25
      1.7930        37.01
      1.7940        37.01
      1.7950        36.91
      1.7960        36.96
      1.7970        36.96
      1.7980        36.89
      1.7990        36.82
      1.8000        36.90
      1.8010        36.73
      1.8020        36.72
      1.8030        36.61
      1.8040        36.76
      1.8050        36.77
      1.8060        36.83
      1.8070        36.87
      1.8080        37.07
      1.8090        37.12
      1.8100        37.15
      1.8110        37.07
      1.8120        37.05
      1.8130        37.19
      1.8140        37.14
      1.8150        37.22
      1.8160        37.10
      1.8170        37.04
      1.8180        36.99
      1.8190        37.12
      1.8200        37.01
      1.8210        37.23
      1.8220        37.12
      1.8230        37.12
      1.8240        36.90
      1.8250        36.84
      1.8260        36.86
      1.8270        36.68
      1.8280        36.54
      1.8290        36.35
      1.8300        36.32
      1.8310        36.38
      1.8320        36.52
      1.8330        36.54
      1.8340        36.40
      1.8350        36.28
      1.8360        36.26
      1.8370        36.32
      1.8380        36.29
      1.8390        36.17
      1.8400        36.24
      1.8410        36.16
      1.8420        36.30
      1.8430        36.37
      1.8440        36.53
      1.8450        36.64
      1.8460        36.55
      1.8470        36.56
      1.8480        36.56
      1.8490        36.68
      1.8500        36.72
      1.8510        36.73
      1.8520        36.69
      1.8530        36.76
      1.8540        36.89
      1.8550        36.95
      1.8560        37.04
      1.8570        36.91
      1.8580        36.97
      1.8590        37.06
      1.8600        37.06
      1.8610        37.22
      1.8620        37.18
      1.8630        37.25
      1.8640        37.22
      1.8650        37.12
      1.8660        37.10
      1.8670        37.04
      1.8680        36.99
      1.8690        36.89
      1.8700        36.85
      1.8710        36.76
      1.8720        36.73
      1.8730        36.56
      1.8740        36.55
      1.8750        36.61
      1.8760        36.41
      1.8770        36.47
      1.8780        36.47
      1.8790        36.37
      1.8800        36.26
      1.8810        36.09
      1.8820        36.09
      1.8830        35.95
      1.8840        36.03
      1.8850        36.09
      1.8860        36.14
      1.8870        36.22
      1.8880        36.17
      1.8890        36.17
      1.8900        36.21
      1.8910        36.36
      1.8920        36.45
      1.8930        36.52
      1.8940        36.38
      1.8950        36.31
      1.8960        36.54
      1.8970        36.62
      1.8980        36.67
      1.8990        36.55
      1.9000        36.58
      1.9010        36.69
      1.9020        36.59
      1.9030        36.63
      1.9040        36.60
      1.9050        36.61
      1.9060        36.52
      1.9070        36.62
      1.9080        36.74
      1.9090        36.79
      1.9100        36.80
      1.9110        36.60
      1.9120        36.44
      1.9130        36.50
      1.9140        36.49
      1.9150        36.39
      1.9160        36.31
      1.9170        36.13
      1.9180        36.17
      1.9190        36.24
      1.9200        36.22
      1.9210        36.21
      1.9220        36.23
      1.9230        36.32
      1.9240        36.28
      1.9250        36.12
      1.9260        36.21
      1.9270        36.05
      1.9280        35.96
      1.9290        35.96
      1.9300        36.04
      1.9310        36.20
      1.9320        36.18
      1.9330        36.25
      1.9340        36.38
      1.9350        36.46
      1.9360        36.37
      1.9370        36.60
      1.9380        36.58
      1.9390        36.69
      1.9400        36.77
      1.9410        36.73
      1.9420        36.65
      1.9430        36.60
      1.9440        36.57
      1.9450        36.61
      1.9460        36.49
      1.9470        36.57
      1.9480        36.57
      1.9490        36.43
      1.9500        36.30
      1.9510        36.29
      1.9520        36.19
      1.9530        35.98
      1.9540        35.87
      1.9550        35.80
      1.9560        35.83
      1.9570        35.60
      1.9580        35.44
      1.9590        35.29
      1.9600        35.18
      1.9610        35.23
      1.9620        35.26
      1.9630        35.23
      1.9640        35.13
      1.9650        35.14
      1.9660        35.24
      1.9670        35.11
      1.9680        35.06
      1.9690        35.18
      1.9700        35.33
      1.9710        35.25
      1.9720        35.40
      1.9730        35.57
      1.9740        35.64
      1.9750        35.84
      1.9760        35.84
      1.9770        35.91
      1.9780        35.97
      1.9790        36.07
      1.9800        36.00
      1.9810        35.91
      1.9820        35.99
      1.9830        35.98
      1.9840        36.05
      1.9850        35.92
      1.9860        35.80
      1.9870        35.72
      1.9880        35.78
      1.9890        35.65
      1.9900        35.46
      1.9910        35.42
      1.9920        35.21
      1.9930        35.02
      1.9940        34.87
      1.9950        34.79
      1.9960        34.70
      1.9970        34.58
      1.9980        34.60
      1.9990        34.59
      2.0000        34.74
      2.0010        34.71
      2.0020        34.73
      2.0030        34.64
      2.0040        34.59
      2.0050        34.75
      2.0060        34.84
      2.0070        34.88
      2.0080        34.99
      2.0090        35.15
      2.0100        35.08
      2.0110        35.11
      2.0120        35.24
      2.0130        35.39
      2.0140        35.54
      2.0150        35.43
      2.0160        35.35
      2.0170        35.52
      2.0180        35.36
      2.0190        35.31
      2.0200        35.13
      2.0210        35.16
      2.0220        35.09
      2.0230        35.17
      2.0240        35.27
      2.0250        35.13
      2.0260        35.00
      2.0270        35.07
      2.0280        34.97
      2.0290        34.77
      2.0300        34.68
      2.0310        34.61
      2.0320        34.55
      2.0330        34.42
      2.0340        34.31
      2.0350        34.32
      2.0360        34.25
      2.0370        34.12
      2.0380        34.02
      2.0390        33.82
      2.0400        33.90
      2.0410        33.82
      2.0420        33.74
      2.0430        33.65
      2.0440        33.50
      2.0450        33.47
      2.0460        33.47
      2.0470        33.42
      2.0480        33.26
      2.0490        33.26
      2.0500        33.39
      2.0510        33.33
      2.0520        33.41
      2.0530        33.37
      2.0540        33.46
      2.0550        33.38
      2.0560        33.62
      2.0570        33.80
      2.0580        33.93
      2.0590        34.13
      2.0600        34.07
      2.0610        34.17
      2.0620        34.13
      2.0630        34.16
      2.0640        34.16
      2.0650        34.08
      2.0660        34.02
      2.0670        34.04
      2.0680        34.09
      2.0690        34.14
      2.0700        34.17
      2.0710        34.26
      2.0720        34.15
      2.0730        34.05
      2.0740        33.95
      2.0750        33.92
      2.0760        33.67
      2.0770        33.42
      2.0780        33.36
      2.0790        33.30
      2.0800        33.28
      2.0810        33.21
      2.0820        33.16
      2.0830        33.16
      2.0840        33.12
      2.0850        33.18
      2.0860        33.22
      2.0870        33.14
      2.0880        33.18
      2.0890        33.24
      2.0900        33.12
      2.0910        33.06
      2.0920        32.97
      2.0930        33.02
      2.0940        33.09
      2.0950        33.20
      2.0960        33.37
      2.0970        33.41
      2.0980        33.44
      2.0990        33.36
      2.1000        33.39
      2.1010        33.33
      2.1020        33.42
      2.1030        33.27
      2.1040        33.32
      2.1050        33.34
      2.1060        33.32
      2.1070        33.31
      2.1080        33.32
      2.1090        33.08
      2.1100        33.01
      2.1110        32.97
      2.1120        33.00
      2.1130        32.99
      2.1140        33.00
      2.1150        32.74
      2.1160        32.63
      2.1170        32.59
      2.1180        32.52
      2.1190        32.46
      2.1200        32.32
      2.1210        32.30
      2.1220        32.27
      2.1230        32.20
      2.1240        32.16
      2.1250        32.12
      2.1260        32.12
      2.1270        32.05
      2.1280        31.92
      2.1290        32.02
      2.1300        31.97
      2.1310        31.77
      2.1320        31.77
      2.1330        31.78
      2.1340        31.51
      2.1350        31.67
      2.1360        31.63
      2.1370        31.58
      2.1380        31.43
      2.1390        31.45
      2.1400        31.52
      2.1410        31.56
      2.1420        31.61
      2.1430        31.67
      2.1440        31.59
      2.1450        31.69
      2.1460        31.64
      2.1470        31.69
      2.1480        31.53
      2.1490        31.35
      2.1500        31.50
      2.1510        31.58
      2.1520        31.63
      2.1530        31.52
      2.1540        31.55
      2.1550        31.31
      2.1560        31.12
      2.1570        31.05
      2.1580        31.14
      2.1590        31.11
      2.1600        31.04
      2.1610        30.84
      2.1620        30.69
      2.1630        30.66
      2.1640        30.53
      2.1650        30.43
      2.1660        30.35
      2.1670        30.19
      2.1680        30.19
      2.1690        30.27
      2.1700        30.11
      2.1710        30.00
      2.1720        29.88
      2.1730        29.86
      2.1740        29.80
      2.1750        29.82
      2.1760        29.84
      2.1770        29.75
      2.1780        29.69
      2.1790        29.69
      2.1800        29.75
      2.1810        29.66
      2.1820        29.52
      2.1830        29.58
      2.1840        29.66
      2.1850        29.60
      2.1860        29.51
      2.1870        29.48
      2.1880        29.45
      2.1890        29.31
      2.1900        29.27
      2.1910        29.28
      2.1920        29.29
      2.1930        29.24
      2.1940        29.16
      2.1950        29.13
      2.1960        29.07
      2.1970        29.06
      2.1980        28.93
      2.1990        28.89
      2.2000        28.58
      2.2010        28.63
      2.2020        28.67
      2.2030        28.43
      2.2040        28.32
      2.2050        28.05
      2.2060        28.01
      2.2070        27.80
      2.2080        27.74
      2.2090        27.67
      2.2100        27.55
      2.2110        27.39
      2.2120        27.11
      2.2130        26.98
      2.2140        26.91
      2.2150        26.87
      2.2160        26.88
      2.2170        26.87
      2.2180        26.77
      2.2190        26.57
      2.2200        26.71
      2.2210        26.61
      2.2220        26.50
      2.2230        26.57
      2.2240        26.55
      2.2250        26.59
      2.2260        26.49
      2.2270        26.61
      2.2280        26.57
      2.2290        26.45
      2.2300        26.45
      2.2310        26.40
      2.2320        26.36
      2.2330        26.31
      2.2340        26.37
      2.2350        26.22
      2.2360        26.09
      2.2370        25.95
      2.2380        25.80
      2.2390        25.72
      2.2400        25.51
      2.2410        25.28
      2.2420        25.02
      2.2430        24.87
      2.2440        24.63
      2.2450        24.61
      2.2460        24.47
      2.2470        24.27
      2.2480        24.15
      2.2490        24.06
      2.2500        23.89
      2.2510        23.84
      2.2520        23.84
      2.2530        23.76
      2.2540        23.48
      2.2550        23.42
      2.2560        23.19
      2.2570        23.15
      2.2580        23.07
      2.2590        23.02
      2.2600        22.89
      2.2610        22.93
      2.2620        23.12
      2.2630        22.90
      2.2640        22.81
      2.2650        22.55
      2.2660        22.44
      2.2670        22.28
      2.2680        21.69
      2.2690        21.57
      2.2700        21.49
      2.2710        21.41
      2.2720        21.27
      2.2730        21.10
      2.2740        21.50
      2.2750        20.74
      2.2760        21.16
      2.2770        20.36
      2.2780        20.29
      2.2790        20.06
      2.2800        19.85
      2.2810        20.05
      2.2820        19.08
      2.2830        19.48
      2.2840        19.27
      2.2850        19.08
      2.2860        18.47
      2.2870        18.82
      2.2880        18.18
      2.2890        18.06
      2.2900        17.76
      2.2910        17.56
      2.2920        17.31
      2.2930        17.12
      2.2940        16.94
      2.2950        16.95
      2.2960        16.83
      2.2970        16.77
      2.2980        16.64
      2.2990        16.50
      2.3000        16.39
      2.3010        16.37
      2.3020        16.56
      2.3030        16.33
      2.3040        16.35
      2.3050        16.26
      2.3060        16.25
      2.3070        16.21
      2.3080        16.05
      2.3090        15.92
      2.3100        15.95
      2.3110        15.84
      2.3120        15.78
      2.3130        15.76
      2.3140        15.62
      2.3150        15.47
      2.3160        15.91
      2.3170        15.85
      2.3180        15.69
      2.3190        15.57
      2.3200        15.50
      2.3210        15.35
      2.3220        15.05
      2.3230        14.42
      2.3240        14.21
      2.3250        14.61
      2.3260        13.93
      2.3270        13.73
      2.3280        14.11
      2.3290        14.00
      2.3300        13.77
      2.3310        13.66
      2.3320        13.42
      2.3330        12.78
      2.3340        12.65
      2.3350        12.60
      2.3360        12.38
      2.3370        12.10
      2.3380        12.05
      2.3390        11.87
      2.3400        11.64
      2.3410        11.58
      2.3420        11.44
      2.3430        11.40
      2.3440        11.34
      2.3450        11.37
      2.3460        11.19
      2.3470        11.21
      2.3480        11.08
      2.3490        11.00
      2.3500        10.96
      2.3510        10.83
      2.3520        10.79
      2.3530        10.63
      2.3540        10.54
      2.3550        10.26
      2.3560        10.24
      2.3570        10.19
      2.3580        10.10
      2.3590        10.10
      2.3600        10.05
      2.3610         9.93
      2.3620         9.84
      2.3630         9.70
      2.3640         9.52
      2.3650         9.21
      2.3660         8.97
      2.3670         8.63
      2.3680         8.66
      2.3690         8.53
      2.3700         8.26
      2.3710         8.06
      2.3720         7.94
      2.3730         7.74
      2.3740         7.62
      2.3750         7.63
      2.3760         7.36
      2.3770         7.33
      2.3780         7.28
      2.3790         7.06
      2.3800         6.93
      2.3810         6.79
      2.3820         6.68
      2.3830         6.50
      2.3840         6.47
      2.3850         6.47
      2.3860         6.54
      2.3870         6.47
      2.3880         6.20
      2.3890         6.19
      2.3900         6.17
      2.3910         6.25
      2.3920         6.21
      2.3930         6.22
      2.3940         6.18
      2.3950         6.09
      2.3960         6.06
      2.3970         5.94
      2.3980         5.79
      2.3990         5.80
      2.4000         5.75
      2.4010         5.56
      2.4020         5.49
      2.4030         5.37
      2.4040         4.75
      2.4050         4.58
      2.4060         4.38
      2.4070         4.32
      2.4080         4.13
      2.4090         4.04
      2.4100         4.36
      2.4110         3.66
      2.4120         3.51
      2.4130         3.37
      2.4140         3.21
      2.4150         3.13
      2.4160         3.10
      2.4170         2.95
      2.4180         2.87
      2.4190         2.86
      2.4200         2.75
      2.4210         2.72
      2.4220         2.72
      2.4230         2.75
      2.4240         2.61
      2.4250         2.63
      2.4260         2.59
      2.4270         2.46
      2.4280         2.46
      2.4290         2.45
      2.4300         2.48
      2.4310         2.38
      2.4320         2.44
      2.4330         2.33
      2.4340         2.33
      2.4350         2.27
      2.4360         2.87
      2.4370         2.94
      2.4380         2.78
      2.4390         2.55
      2.4400         2.66
      2.4410         2.63
      2.4420         2.53
      2.4430         2.30
      2.4440         2.16
      2.4450         2.10
      2.4460         1.49
      2.4470         1.47
      2.4480         1.39
      2.4490         1.27
      2.4500         1.16
      2.4510         1.00
      2.4520         1.00
      2.4530         1.00
      2.4540         1.00
      2.4550         1.00
      2.4560         1.00
      2.4570         1.00
      2.4580         1.00
      2.4590         1.00
      2.4600         1.00
      2.4610         1.00
      2.4620         1.00
      2.4630         1.00
      2.4640         1.00
      2.4650         1.00
      2.4660         1.00
      2.4670         1.00
      2.4680         1.00
      2.4690         1.00
      2.4700         1.00
      2.4710         1.00
      2.4720         1.00
      2.4730         1.00
      2.4740         1.00
      2.4750         1.00
      2.4760         1.00
      2.4770         1.00
      2.4780         1.00
      2.4790         1.00
      2.4800         1.00
      2.4810         1.00
      2.4820         1.00
      2.4830         1.00
      2.4840         1.00
      2.4850         1.00
      2.4860         1.00
      2.4870         1.00
      2.4880         1.00
      2.4890         1.00
      2.4900         1.00
      2.4910         1.00
      2.4920         1.00
      2.4930         1.00
      2.4940         1.00
      2.4950         1.00
      2.4960         1.00
      2.4970         1.00
      2.4980         1.00
      2.4990         1.00
      2.5000         1.00
      2.5010         1.00
      2.5020         1.00
      2.5030         1.00
      2.5040         1.00
      2.5050         1.00
      2.5060         1.00
      2.5070         1.00
      2.5080         1.00
      2.5090         1.00
      2.5100         1.00
      2.5110         1.00
      2.5120         1.00
      2.5130         1.00
      2.5140         1.00
      2.5150         1.00
      2.5160         1.00
      2.5170         1.00
      2.5180         1.00
      2.5190         1.00
      2.5200         1.00
      2.5210         1.00
      2.5220         1.00
      2.5230         1.00
      2.5240         1.00
      2.5250         1.00
      2.5260         1.00
      2.5270         1.00
      2.5280         1.00
      2.5290         1.00
      2.5300         1.00
      2.5310         1.00
      2.5320         1.00
      2.5330         1.00
      2.5340         1.00
      2.5350         1.00
      2.5360         1.00
      2.5370         1.00
      2.5380         1.00
      2.5390         1.00
      2.5400         1.00
      2.5410         1.00
      2.5420         1.00
      2.5430         1.00
      2.5440         1.00
      2.5450         1.00
      2.5460         1.00
      2.5470         1.00
      2.5480         1.00
      2.5490         1.00
      2.5500         1.00
      2.5510         1.00
      2.5520         1.00
      2.5530         1.00
      2.5540         1.00
      2.5550         1.00
      2.5560         1.00
      2.5570         1.00
      2.5580         1.00
      2.5590         1.00
      2.5600         1.00
      2.5610         1.00
      2.5620         1.00
      2.5630         1.00
      2.5640         1.00
      2.5650         1.00
      2.5660         1.00
      2.5670         1.00
      2.5680         1.00
      2.5690         1.00
      2.5700         1.00
      2.5710         1.00
      2.5720         1.00
      2.5730         1.00
      2.5740         1.00
      2.5750         1.00
      2.5760         1.00
      2.5770         1.00
      2.5780         1.00
      2.5790         1.00
      2.5800         1.00
      2.5810         1.00
      2.5820         1.00
      2.5830         1.00
      2.5840         1.00
      2.5850         1.00
      2.5860         1.00
      2.5870         1.00
      2.5880         1.00
      2.5890         1.00
      2.5900         1.00
      2.5910         1.00
      2.5920         1.00
      2.5930         1.00
      2.5940         1.00
      2.5950         1.00
      2.5960         1.00
      2.5970         1.00
      2.5980         1.00
      2.5990         1.00
      2.6000         1.00
      2.6010         1.00
      2.6020         1.00
      2.6030         1.00
      2.6040         1.00
      2.6050         1.00
      2.6060         1.00
      2.6070         1.00
      2.6080         1.00
      2.6090         1.00
      2.6100         1.00
      2.6110         1.00
      2.6120         1.00
      2.6130         1.00
      2.6140         1.00
      2.6150         1.00
      2.6160         1.00
      2.6170         1.00
      2.6180         1.00
      2.6190         1.00
      2.6200         1.00
      2.6210         1.00
      2.6220         1.00
      2.6230         1.00
      2.6240         1.00
      2.6250         1.00
      2.6260         1.00
      2.6270         1.00
      2.6280         1.00
      2.6290         1.00
      2.6300         1.00
      2.6310         1.00
      2.6320         1.00
      2.6330         1.00
      2.6340         1.00
      2.6350         1.00
      2.6360         1.00
      2.6370         1.00
      2.6380         1.00
      2.6390         1.00
      2.6400         1.00
      2.6410         1.00
      2.6420         1.00
      2.6430         1.00
      2.6440         1.00
      2.6450         1.00
      2.6460         1.00
      2.6470         1.00
      2.6480         1.00
      2.6490         1.00
      2.6500         1.00
      2.6510         1.00
      2.6520         1.00
      2.6530         1.00
      2.6540         1.00
      2.6550         1.00
      2.6560         1.00
      2.6570         1.00
      2.6580         1.00
      2.6590         1.00
      2.6600         1.00
      2.6610         1.00
      2.6620         1.00
      2.6630         1.00
      2.6640         1.00
      2.6650         1.00
      2.6660         1.00
      2.6670         1.00
      2.6680         1.00
      2.6690         1.00
      2.6700         1.00
      2.6710         1.00
      2.6720         1.00
      2.6730         1.00
      2.6740         1.00
      2.6750         1.00
      2.6760         1.00
      2.6770         1.00
      2.6780         1.00
      2.6790         1.00
      2.6800         1.00
      2.6810         1.00
      2.6820         1.00
      2.6830         1.00
      2.6840         1.00
      2.6850         1.00
      2.6860         1.00
      2.6870         1.00
      2.6880         1.00
      2.6890         1.00
      2.6900         1.00
      2.6910         1.00
      2.6920         1.00
      2.6930         1.00
      2.6940         1.00
      2.6950         1.00
      2.6960         1.00
      2.6970         1.00
      2.6980         1.00
      2.6990         1.00
      2.7000         1.00
      2.7010         1.00
      2.7020         1.00
      2.7030         1.00
      2.7040         1.00
      2.7050         1.00
      2.7060         1.00
      2.7070         1.00
      2.7080         1.00
      2.7090         1.00
      2.7100         1.00
      2.7110         1.00
      2.7120         1.00
      2.7130         1.00
      2.7140         1.00
      2.7150         1.00
      2.7160         1.00
      2.7170         1.00
      2.7180         1.00
      2.7190         1.00
      2.7200         1.00
      2.7210         1.00
      2.7220         1.00
      2.7230         1.00
      2.7240         1.00
      2.7250         1.00
      2.7260         1.00
      2.7270         1.00
      2.7280         1.00
      2.7290         1.00
      2.7300         1.00
      2.7310         1.00
      2.7320         1.00
      2.7330         1.00
      2.7340         1.00
      2.7350         1.00
      2.7360         1.00
      2.7370         1.00
      2.7380         1.00
      2.7390         1.00
      2.7400         1.00
      2.7410         1.00
      2.7420         1.00
      2.7430         1.00
      2.7440         1.00
      2.7450         1.00
      2.7460         1.00
      2.7470         1.00
      2.7480         1.00
      2.7490         1.00
      2.7500         1.00
      2.7510         1.00
      2.7520         1.00
      2.7530         1.00
      2.7540         1.00
      2.7550         1.00
      2.7560         1.00
      2.7570         1.00
      2.7580         1.00
      2.7590         1.00
      2.7600         1.00
      2.7610         1.00
      2.7620         1.00
      2.7630         1.00
      2.7640         1.00
      2.7650         1.00
      2.7660         1.00
      2.7670         1.00
      2.7680         1.00
      2.7690         1.00
      2.7700         1.00
      2.7710         1.00
      2.7720         1.00
      2.7730         1.00
      2.7740         1.00
      2.7750         1.00
      2.7760         1.00
      2.7770         1.00
      2.7780         1.00
      2.7790         1.00
      2.7800         1.00
      2.7810         1.00
      2.7820         1.00
      2.7830         1.00
      2.7840         1.00
      2.7850         1.00
      2.7860         1.00
      2.7870         1.00
      2.7880         1.00
      2.7890         1.00
      2.7900         1.00
      2.7910         1.00
      2.7920         1.00
      2.7930         1.00
      2.7940         1.00
      2.7950         1.00
      2.7960         1.00
      2.7970         1.00
      2.7980         1.00
      2.7990         1.00
      2.8000         1.00
      2.8010         1.00
      2.8020         1.00
      2.8030         1.00
      2.8040         1.00
      2.8050         1.00
      2.8060         1.00
      2.8070         1.00
      2.8080         1.00
      2.8090         1.00
      2.8100         1.00
      2.8110         1.00
      2.8120         1.00
      2.8130         1.00
      2.8140         1.00
      2.8150         1.00
      2.8160         1.00
      2.8170         1.00
      2.8180         1.00
      2.8190         1.00
      2.8200         1.00
      2.8210         1.00
      2.8220         1.00
      2.8230         1.00
      2.8240         1.00
      2.8250         1.00
      2.8260         1.00
      2.8270         1.00
      2.8280         1.00
      2.8290         1.00
      2.8300         1.00
      2.8310         1.00
      2.8320         1.00
      2.8330         1.00
      2.8340         1.00
      2.8350         1.00
      2.8360         1.00
      2.8370         1.00
      2.8380         1.00
      2.8390         1.00
      2.8400         1.00
      2.8410         1.00
      2.8420         1.00
      2.8430         1.00
      2.8440         1.00
      2.8450         1.00
      2.8460         1.00
      2.8470         1.00
      2.8480         1.00
      2.8490         1.00
      2.8500         1.00
      2.8510         1.00
      2.8520         1.00
      2.8530         1.00
      2.8540         1.00
      2.8550         1.00
      2.8560         1.00
      2.8570         1.00
      2.8580         1.00
      2.8590         1.00
      2.8600         1.00
      2.8610         1.00
      2.8620         1.00
      2.8630         1.00
      2.8640         1.00
      2.8650         1.00
      2.8660         1.00
      2.8670         1.00
      2.8680         1.00
      2.8690         1.00
      2.8700         1.00
      2.8710         1.00
      2.8720         1.00
      2.8730         1.00
      2.8740         1.00
      2.8750         1.00
      2.8760         1.00
      2.8770         1.00
      2.8780         1.00
      2.8790         1.00
      2.8800         1.00
      2.8810         1.00
      2.8820         1.00
      2.8830         1.00
      2.8840         1.00
      2.8850         1.00
      2.8860         1.00
      2.8870         1.00
      2.8880         1.00
      2.8890         1.00
      2.8900         1.00
      2.8910         1.00
      2.8920         1.00
      2.8930         1.00
      2.8940         1.00
      2.8950         1.00
      2.8960         1.00
      2.8970         1.00
      2.8980         1.00
      2.8990         1.00
      2.9000         1.00
      2.9010         1.00
      2.9020         1.00
      2.9030         1.00
      2.9040         1.00
      2.9050         1.00
      2.9060         1.00
      2.9070         1.00
      2.9080         1.00
      2.9090         1.00
      2.9100         1.00
      2.9110         1.00
      2.9120         1.00
      2.9130         1.00
      2.9140         1.00
      2.9150         1.00
      2.9160         1.00
      2.9170         1.00
      2.9180         1.00
      2.9190         1.00
      2.9200         1.00
      2.9210         1.00
      2.9220         1.00
      2.9230         1.00
      2.9240         1.00
      2.9250         1.00
      2.9260         1.00
      2.9270         1.00
      2.9280         1.00
      2.9290         1.00
      2.9300         1.00
      2.9310         1.00
      2.9320         1.00
      2.9330         1.00
      2.9340         1.00
      2.9350         1.00
      2.9360         1.00
      2.9370         1.00
      2.9380         1.00
      2.9390         1.00
      2.9400         1.00
      2.9410         1.00
      2.9420         1.00
      2.9430         1.00
      2.9440         1.00
      2.9450         1.00
      2.9460         1.00
      2.9470         1.00
      2.9480         1.00
      2.9490         1.00
      2.9500         1.00
      2.9510         1.00
      2.9520         1.00
      2.9530         1.00
      2.9540         1.00
      2.9550         1.00
      2.9560         1.00
      2.9570         1.00
      2.9580         1.00
      2.9590         1.00
      2.9600         1.00
      2.9610         1.00
      2.9620         1.00
      2.9630         1.00
      2.9640         1.00
      2.9650         1.00
      2.9660         1.00
      2.9670         1.00
      2.9680         1.00
      2.9690         1.00
      2.9700         1.00
      2.9710         1.00
      2.9720         1.00
      2.9730         1.00
      2.9740         1.00
      2.9750         1.00
      2.9760         1.00
      2.9770         1.00
      2.9780         1.00
      2.9790         1.00
      2.9800         1.00
      2.9810         1.00
      2.9820         1.00
      2.9830         1.00
      2.9840         1.00
      2.9850         1.00
      2.9860         1.00
      2.9870         1.00
      2.9880         1.00
      2.9890         1.00
      2.9900         1.00
      2.9910         1.00
      2.9920         1.00
      2.9930         1.00
      2.9940         1.00
      2.9950         1.00
      2.9960         1.00
      2.9970         1.00
      2.9980         1.00
      2.9990         1.00
