        Time   Palpation Force
      0.0000         1.00
      0.0010         1.00
      0.0020         1.00
      0.0030         1.00
      0.0040         1.00
      0.0050         1.00
      0.0060         1.00
      0.0070         1.00
      0.0080         1.00
      0.0090         1.00
      0.0100         1.00
      0.0110         1.00
      0.0120         1.00
      0.0130         1.00
      0.0140         1.00
      0.0150         1.00
      0.0160         1.00
      0.0170         1.00
      0.0180         1.00
      0.0190         1.00
      0.0200         1.00
      0.0210         1.00
      0.0220         1.00
      0.0230         1.00
      0.0240         1.00
      0.0250         1.00
      0.0260         1.00
      0.0270         1.00
      0.0280         1.00
      0.0290         1.00
      0.0300         1.00
      0.0310         1.00
      0.0320         1.00
      0.0330         1.00
      0.0340         1.00
      0.0350         1.00
      0.0360         1.00
      0.0370         1.00
      0.0380         1.00
      0.0390         1.00
      0.0400         1.00
      0.0410         1.00
      0.0420         1.00
      0.0430         1.00
      0.0440         1.00
      0.0450         1.00
      0.0460         1.00
      0.0470         1.00
      0.0480         1.00
      0.0490         1.00
      0.0500         1.00
      0.0510         1.00
      0.0520         1.00
      0.0530         1.00
      0.0540         1.00
      0.0550         1.00
      0.0560         1.00
      0.0570         1.00
      0.0580         1.00
      0.0590         1.00
      0.0600         1.00
      0.0610         1.00
      0.0620         1.00
      0.0630         1.00
      0.0640         1.00
      0.0650         1.00
      0.0660         1.00
      0.0670         1.00
      0.0680         1.00
      0.0690         1.00
      0.0700         1.00
      0.0710         1.00
      0.0720         1.00
      0.0730         1.00
      0.0740         1.00
      0.0750         1.00
      0.0760         1.00
      0.0770         1.00
      0.0780         1.00
      0.0790         1.00
      0.0800         1.00
      0.0810         1.00
      0.0820         1.00
      0.0830         1.00
      0.0840         1.00
      0.0850         1.00
      0.0860         1.00
      0.0870         1.00
      0.0880         1.00
      0.0890         1.00
      0.0900         1.00
      0.0910         1.00
      0.0920         1.00
      0.0930         1.00
      0.0940         1.00
      0.0950         1.00
      0.0960         1.00
      0.0970         1.00
      0.0980         1.00
      0.0990         1.00
      0.1000         1.00
      0.1010         1.00
      0.1020         1.00
      0.1030         1.00
      0.1040         1.00
      0.1050         1.00
      0.1060         1.00
      0.1070         1.00
      0.1080         1.00
      0.1090         1.00
      0.1100         1.00
      0.1110         1.00
      0.1120         1.00
      0.1130         1.00
      0.1140         1.00
      0.1150         1.00
      0.1160         1.00
      0.1170         1.00
      0.1180         1.00
      0.1190         1.00
      0.1200         1.00
      0.1210         1.00
      0.1220         1.00
      0.1230         1.00
      0.1240         1.00
      0.1250         1.00
      0.1260         1.00
      0.1270         1.00
      0.1280         1.00
      0.1290         1.00
      0.1300         1.00
      0.1310         1.00
      0.1320         1.00
      0.1330         1.00
      0.1340         1.00
      0.1350         1.00
      0.1360         1.00
      0.1370         1.00
      0.1380         1.00
      0.1390         1.00
      0.1400         1.00
      0.1410         1.00
      0.1420         1.00
      0.1430         1.00
      0.1440         1.00
      0.1450         1.00
      0.1460         1.00
      0.1470         1.00
      0.1480         1.00
      0.1490         1.00
      0.1500         1.00
      0.1510         1.00
      0.1520         1.00
      0.1530         1.00
      0.1540         1.00
      0.1550         1.00
      0.1560         1.00
      0.1570         1.00
      0.1580         1.00
      0.1590         1.00
      0.1600         1.00
      0.1610         1.00
      0.1620         1.00
      0.1630         1.00
      0.1640         1.00
      0.1650         1.00
      0.1660         1.00
      0.1670         1.00
      0.1680         1.00
      0.1690         1.00
      0.1700         1.00
      0.1710         1.00
      0.1720         1.00
      0.1730         1.00
      0.1740         1.00
      0.1750         1.00
      0.1760         1.00
      0.1770         1.00
      0.1780         1.00
      0.1790         1.00
      0.1800         1.00
      0.1810         1.00
      0.1820         1.00
      0.1830         1.00
      0.1840         1.00
      0.1850         1.00
      0.1860         1.00
      0.1870         1.00
      0.1880         1.00
      0.1890         1.00
      0.1900         1.00
      0.1910         1.00
      0.1920         1.00
      0.1930         1.00
      0.1940         1.00
      0.1950         1.00
      0.1960         1.00
      0.1970         1.00
      0.1980         1.00
      0.1990         1.00
      0.2000         1.00
      0.2010         1.00
      0.2020         1.00
      0.2030         1.00
      0.2040         1.00
      0.2050         1.00
      0.2060         1.00
      0.2070         1.00
      0.2080         1.00
      0.2090         1.00
      0.2100         1.00
      0.2110         1.00
      0.2120         1.00
      0.2130         1.00
      0.2140         1.00
      0.2150         1.00
      0.2160         1.00
      0.2170         1.00
      0.2180         1.00
      0.2190         1.00
      0.2200         1.00
      0.2210         1.00
      0.2220         1.00
      0.2230         1.00
      0.2240         1.00
      0.2250         1.00
      0.2260         1.00
      0.2270         1.00
      0.2280         1.00
      0.2290         1.00
      0.2300         1.00
      0.2310         1.00
      0.2320         1.00
      0.2330         1.00
      0.2340         1.00
      0.2350         1.00
      0.2360         1.00
      0.2370         1.00
      0.2380         1.00
      0.2390         1.00
      0.2400         1.00
      0.2410         1.00
      0.2420         1.00
      0.2430         1.00
      0.2440         1.00
      0.2450         1.00
      0.2460         1.00
      0.2470         1.00
      0.2480         1.00
      0.2490         1.00
      0.2500         1.00
      0.2510         1.00
      0.2520         1.00
      0.2530         1.00
      0.2540         1.00
      0.2550         1.00
      0.2560         1.00
      0.2570         1.00
      0.2580         1.00
      0.2590         1.00
      0.2600         1.00
      0.2610         1.00
      0.2620         1.00
      0.2630         1.00
      0.2640         1.00
      0.2650         1.00
      0.2660         1.00
      0.2670         1.00
      0.2680         1.00
      0.2690         1.00
      0.2700         1.00
      0.2710         1.00
      0.2720         1.00
      0.2730         1.00
      0.2740         1.00
      0.2750         1.00
      0.2760         1.00
      0.2770         1.00
      0.2780         1.00
      0.2790         1.00
      0.2800         1.00
      0.2810         1.00
      0.2820         1.00
      0.2830         1.00
      0.2840         1.00
      0.2850         1.00
      0.2860         1.00
      0.2870         1.00
      0.2880         1.00
      0.2890         1.00
      0.2900         1.00
      0.2910         1.00
      0.2920         1.00
      0.2930         1.00
      0.2940         1.00
      0.2950         1.00
      0.2960         1.00
      0.2970         1.00
      0.2980         1.00
      0.2990         1.00
      0.3000         1.00
      0.3010         1.00
      0.3020         1.00
      0.3030         1.00
      0.3040         1.00
      0.3050         1.00
      0.3060         1.00
      0.3070         1.00
      0.3080         1.00
      0.3090         1.00
      0.3100         1.00
      0.3110         1.00
      0.3120         1.00
      0.3130         1.00
      0.3140         1.00
      0.3150         1.00
      0.3160         1.00
      0.3170         1.00
      0.3180         1.00
      0.3190         1.00
      0.3200         1.00
      0.3210         1.00
      0.3220         1.00
      0.3230         1.00
      0.3240         1.00
      0.3250         1.00
      0.3260         1.00
      0.3270         1.00
      0.3280         1.00
      0.3290         1.00
      0.3300         1.00
      0.3310         1.00
      0.3320         1.00
      0.3330         1.00
      0.3340         1.00
      0.3350         1.00
      0.3360         1.00
      0.3370         1.00
      0.3380         1.00
      0.3390         1.00
      0.3400         1.00
      0.3410         1.00
      0.3420         1.00
      0.3430         1.00
      0.3440         1.00
      0.3450         1.00
      0.3460         1.00
      0.3470         1.00
      0.3480         1.00
      0.3490         1.00
      0.3500         1.00
      0.3510         1.00
      0.3520         1.00
      0.3530         1.00
      0.3540         1.00
      0.3550         1.00
      0.3560         1.00
      0.3570         1.00
      0.3580         1.00
      0.3590         1.00
      0.3600         1.00
      0.3610         1.00
      0.3620         1.00
      0.3630         1.00
      0.3640         1.00
      0.3650         1.00
      0.3660         1.00
      0.3670         1.00
      0.3680         1.00
      0.3690         1.00
      0.3700         1.00
      0.3710         1.00
      0.3720         1.00
      0.3730         1.00
      0.3740         1.00
      0.3750         1.00
      0.3760         1.00
      0.3770         1.00
      0.3780         1.00
      0.3790         1.00
      0.3800         1.00
      0.3810         1.00
      0.3820         1.00
      0.3830         1.00
      0.3840         1.00
      0.3850         1.00
      0.3860         1.00
      0.3870         1.00
      0.3880         1.00
      0.3890         1.00
      0.3900         1.00
      0.3910         1.00
      0.3920         1.00
      0.3930         1.00
      0.3940         1.00
      0.3950         1.00
      0.3960         1.00
      0.3970         1.00
      0.3980         1.00
      0.3990         1.00
      0.4000         1.00
      0.4010         1.00
      0.4020         1.00
      0.4030         1.00
      0.4040         1.00
      0.4050         1.00
      0.4060         1.00
      0.4070         1.00
      0.4080         1.00
      0.4090         1.00
      0.4100         1.00
      0.4110         1.00
      0.4120         1.00
      0.4130         1.00
      0.4140         1.00
      0.4150         1.00
      0.4160         1.00
      0.4170         1.00
      0.4180         1.00
      0.4190         1.00
      0.4200         1.00
      0.4210         1.00
      0.4220         1.00
      0.4230         1.00
      0.4240         1.00
      0.4250         1.00
      0.4260         1.00
      0.4270         1.00
      0.4280         1.00
      0.4290         1.00
      0.4300         1.00
      0.4310         1.00
      0.4320         1.00
      0.4330         1.00
      0.4340         1.00
      0.4350         1.00
      0.4360         1.00
      0.4370         1.00
      0.4380         1.00
      0.4390         1.00
      0.4400         1.00
      0.4410         1.00
      0.4420         1.00
      0.4430         1.00
      0.4440         1.00
      0.4450         1.00
      0.4460         1.00
      0.4470         1.00
      0.4480         1.00
      0.4490         1.00
      0.4500         1.00
      0.4510         1.00
      0.4520         1.00
      0.4530         1.00
      0.4540         1.00
      0.4550         1.00
      0.4560         1.00
      0.4570         1.00
      0.4580         1.00
      0.4590         1.00
      0.4600         1.00
      0.4610         1.00
      0.4620         1.00
      0.4630         1.00
      0.4640         1.00
      0.4650         1.00
      0.4660         1.00
      0.4670         1.00
      0.4680         1.00
      0.4690         1.00
      0.4700         1.00
      0.4710         1.00
      0.4720         1.00
      0.4730         1.00
      0.4740         1.00
      0.4750         1.00
      0.4760         1.00
      0.4770         1.00
      0.4780         1.00
      0.4790         1.00
      0.4800         1.00
      0.4810         1.00
      0.4820         1.00
      0.4830         1.00
      0.4840         1.00
      0.4850         1.00
      0.4860         1.00
      0.4870         1.00
      0.4880         1.00
      0.4890         1.00
      0.4900         1.00
      0.4910         1.00
      0.4920         1.00
      0.4930         1.00
      0.4940         1.00
      0.4950         1.00
      0.4960         1.00
      0.4970         1.00
      0.4980         1.00
      0.4990         1.00
      0.5000         1.00
      0.5010         1.00
      0.5020         1.00
      0.5030         1.00
      0.5040         1.00
      0.5050         1.00
      0.5060         1.00
      0.5070         1.00
      0.5080         1.00
      0.5090         1.00
      0.5100         1.00
      0.5110         1.00
      0.5120         1.00
      0.5130         1.00
      0.5140         1.00
      0.5150         1.00
      0.5160         1.00
      0.5170         1.00
      0.5180         1.00
      0.5190         1.00
      0.5200         1.00
      0.5210         1.00
      0.5220         1.00
      0.5230         1.00
      0.5240         1.00
      0.5250         1.00
      0.5260         1.00
      0.5270         1.00
      0.5280         1.00
      0.5290         1.00
      0.5300         1.00
      0.5310         1.00
      0.5320         1.00
      0.5330         1.00
      0.5340         1.00
      0.5350         1.00
      0.5360         1.00
      0.5370         1.00
      0.5380         1.00
      0.5390         1.00
      0.5400         1.00
      0.5410         1.00
      0.5420         1.00
      0.5430         1.00
      0.5440         1.00
      0.5450         1.00
      0.5460         1.00
      0.5470         1.00
      0.5480         1.00
      0.5490         1.00
      0.5500         1.00
      0.5510         1.00
      0.5520         1.00
      0.5530         1.00
      0.5540         1.00
      0.5550         1.00
      0.5560         1.00
      0.5570         1.00
      0.5580         1.00
      0.5590         1.00
      0.5600         1.00
      0.5610         1.00
      0.5620         1.00
      0.5630         1.00
      0.5640         1.00
      0.5650         1.00
      0.5660         1.00
      0.5670         1.00
      0.5680         1.00
      0.5690         1.00
      0.5700         1.00
      0.5710         1.00
      0.5720         1.00
      0.5730         1.00
      0.5740         1.00
      0.5750         1.00
      0.5760         1.00
      0.5770         1.00
      0.5780         1.00
      0.5790         1.00
      0.5800         1.00
      0.5810         1.00
      0.5820         1.00
      0.5830         1.00
      0.5840         1.00
      0.5850         1.00
      0.5860         1.00
      0.5870         1.00
      0.5880         1.00
      0.5890         1.00
      0.5900         1.00
      0.5910         1.00
      0.5920         1.00
      0.5930         1.00
      0.5940         1.00
      0.5950         1.00
      0.5960         1.00
      0.5970         1.00
      0.5980         1.00
      0.5990         1.00
      0.6000         1.00
      0.6010         1.00
      0.6020         1.00
      0.6030         1.00
      0.6040         1.00
      0.6050         1.00
      0.6060         1.00
      0.6070         1.00
      0.6080         1.00
      0.6090         1.00
      0.6100         1.00
      0.6110         1.00
      0.6120         1.00
      0.6130         1.00
      0.6140         1.00
      0.6150         1.00
      0.6160         1.00
      0.6170         1.00
      0.6180         1.00
      0.6190         1.00
      0.6200         1.00
      0.6210         1.00
      0.6220         1.00
      0.6230         1.00
      0.6240         1.00
      0.6250         1.00
      0.6260         1.00
      0.6270         1.00
      0.6280         1.00
      0.6290         1.00
      0.6300         1.00
      0.6310         1.00
      0.6320         1.00
      0.6330         1.00
      0.6340         1.00
      0.6350         1.00
      0.6360         1.00
      0.6370         1.00
      0.6380         1.00
      0.6390         1.00
      0.6400         1.00
      0.6410         1.00
      0.6420         1.00
      0.6430         1.00
      0.6440         1.00
      0.6450         1.00
      0.6460         1.00
      0.6470         1.00
      0.6480         1.00
      0.6490         1.00
      0.6500         1.00
      0.6510         1.00
      0.6520         1.00
      0.6530         1.00
      0.6540         1.00
      0.6550         1.00
      0.6560         1.00
      0.6570         1.00
      0.6580         1.00
      0.6590         1.00
      0.6600         1.00
      0.6610         1.00
      0.6620         1.00
      0.6630         1.00
      0.6640         1.00
      0.6650         1.00
      0.6660         1.00
      0.6670         1.00
      0.6680         1.00
      0.6690         1.00
      0.6700         1.00
      0.6710         1.00
      0.6720         1.00
      0.6730         1.00
      0.6740         1.00
      0.6750         1.00
      0.6760         1.00
      0.6770         1.00
      0.6780         1.00
      0.6790         1.00
      0.6800         1.00
      0.6810         1.00
      0.6820         1.00
      0.6830         1.00
      0.6840         1.00
      0.6850         1.00
      0.6860         1.00
      0.6870         1.00
      0.6880         1.00
      0.6890         1.00
      0.6900         1.00
      0.6910         1.00
      0.6920         1.00
      0.6930         1.00
      0.6940         1.00
      0.6950         1.00
      0.6960         1.00
      0.6970         1.00
      0.6980         1.00
      0.6990         1.00
      0.7000         1.00
      0.7010         1.00
      0.7020         1.00
      0.7030         1.00
      0.7040         1.00
      0.7050         1.00
      0.7060         1.00
      0.7070         1.00
      0.7080         1.00
      0.7090         1.00
      0.7100         1.00
      0.7110         1.00
      0.7120         1.00
      0.7130         1.00
      0.7140         1.00
      0.7150         1.00
      0.7160         1.00
      0.7170         1.00
      0.7180         1.00
      0.7190         1.00
      0.7200         1.00
      0.7210         1.00
      0.7220         1.00
      0.7230         1.00
      0.7240         1.00
      0.7250         1.00
      0.7260         1.00
      0.7270         1.00
      0.7280         1.00
      0.7290         1.00
      0.7300         1.00
      0.7310         1.00
      0.7320         1.00
      0.7330         1.00
      0.7340         1.00
      0.7350         1.00
      0.7360         1.00
      0.7370         1.00
      0.7380         1.00
      0.7390         1.00
      0.7400         1.00
      0.7410         1.00
      0.7420         1.00
      0.7430         1.00
      0.7440         1.00
      0.7450         1.00
      0.7460         1.00
      0.7470         1.00
      0.7480         1.00
      0.7490         1.00
      0.7500         1.00
      0.7510         1.00
      0.7520         1.00
      0.7530         1.00
      0.7540         1.00
      0.7550         1.00
      0.7560         1.00
      0.7570         1.00
      0.7580         1.00
      0.7590         1.00
      0.7600         1.00
      0.7610         1.00
      0.7620         1.00
      0.7630         1.00
      0.7640         1.00
      0.7650         1.00
      0.7660         1.00
      0.7670         1.00
      0.7680         1.00
      0.7690         1.00
      0.7700         1.00
      0.7710         1.00
      0.7720         1.00
      0.7730         1.00
      0.7740         1.00
      0.7750         1.00
      0.7760         1.00
      0.7770         1.00
      0.7780         1.00
      0.7790         1.00
      0.7800         1.00
      0.7810         1.00
      0.7820         1.00
      0.7830         1.00
      0.7840         1.00
      0.7850         1.00
      0.7860         1.00
      0.7870         1.00
      0.7880         1.00
      0.7890         1.00
      0.7900         1.00
      0.7910         1.00
      0.7920         1.00
      0.7930         1.00
      0.7940         1.00
      0.7950         1.00
      0.7960         1.00
      0.7970         1.00
      0.7980         1.00
      0.7990         1.00
      0.8000         1.00
      0.8010         1.00
      0.8020         1.00
      0.8030         1.00
      0.8040         1.00
      0.8050         1.00
      0.8060         1.00
      0.8070         1.00
      0.8080         1.00
      0.8090         1.00
      0.8100         1.00
      0.8110         1.00
      0.8120         1.00
      0.8130         1.00
      0.8140         1.00
      0.8150         1.00
      0.8160         1.00
      0.8170         1.00
      0.8180         1.00
      0.8190         1.00
      0.8200         1.00
      0.8210         1.00
      0.8220         1.00
      0.8230         1.00
      0.8240         1.00
      0.8250         1.00
      0.8260         1.00
      0.8270         1.00
      0.8280         1.00
      0.8290         1.00
      0.8300         1.00
      0.8310         1.00
      0.8320         1.00
      0.8330         1.00
      0.8340         1.00
      0.8350         1.00
      0.8360         1.00
      0.8370         1.00
      0.8380         1.00
      0.8390         1.00
      0.8400         1.00
      0.8410         1.00
      0.8420         1.00
      0.8430         1.00
      0.8440         1.00
      0.8450         1.00
      0.8460         1.00
      0.8470         1.00
      0.8480         1.00
      0.8490         1.00
      0.8500         1.00
      0.8510         1.00
      0.8520         1.00
      0.8530         1.00
      0.8540         1.00
      0.8550         1.00
      0.8560         1.00
      0.8570         1.00
      0.8580         1.00
      0.8590         1.00
      0.8600         1.00
      0.8610         1.00
      0.8620         1.00
      0.8630         1.00
      0.8640         1.00
      0.8650         1.00
      0.8660         1.00
      0.8670         1.00
      0.8680         1.00
      0.8690         1.00
      0.8700         1.00
      0.8710         1.00
      0.8720         1.00
      0.8730         1.00
      0.8740         1.00
      0.8750         1.00
      0.8760         1.00
      0.8770         1.00
      0.8780         1.00
      0.8790         1.00
      0.8800         1.00
      0.8810         1.00
      0.8820         1.00
      0.8830         1.00
      0.8840         1.00
      0.8850         1.00
      0.8860         1.00
      0.8870         1.00
      0.8880         1.00
      0.8890         1.00
      0.8900         1.00
      0.8910         1.00
      0.8920         1.00
      0.8930         1.00
      0.8940         1.00
      0.8950         1.00
      0.8960         1.00
      0.8970         1.00
      0.8980         1.00
      0.8990         1.00
      0.9000         1.00
      0.9010         1.00
      0.9020         1.00
      0.9030         1.00
      0.9040         1.00
      0.9050         1.00
      0.9060         1.00
      0.9070         1.00
      0.9080         1.00
      0.9090         1.00
      0.9100         1.00
      0.9110         1.00
      0.9120         1.00
      0.9130         1.00
      0.9140         1.00
      0.9150         1.00
      0.9160         1.00
      0.9170         1.00
      0.9180         1.00
      0.9190         1.00
      0.9200         1.00
      0.9210         1.00
      0.9220         1.00
      0.9230         1.00
      0.9240         1.00
      0.9250         1.00
      0.9260         1.00
      0.9270         1.00
      0.9280         1.00
      0.9290         1.00
      0.9300         1.00
      0.9310         1.00
      0.9320         1.00
      0.9330         1.00
      0.9340         1.00
      0.9350         1.00
      0.9360         1.00
      0.9370         1.00
      0.9380         1.00
      0.9390         1.00
      0.9400         1.00
      0.9410         1.00
      0.9420         1.00
      0.9430         1.00
      0.9440         1.00
      0.9450         1.00
      0.9460         1.00
      0.9470         1.00
      0.9480         1.00
      0.9490         1.00
      0.9500         1.00
      0.9510         1.00
      0.9520         1.00
      0.9530         1.00
      0.9540         1.00
      0.9550         1.00
      0.9560         1.00
      0.9570         1.00
      0.9580         1.00
      0.9590         1.00
      0.9600         1.00
      0.9610         1.00
      0.9620         1.00
      0.9630         1.00
      0.9640         1.00
      0.9650         1.00
      0.9660         1.00
      0.9670         1.00
      0.9680         1.00
      0.9690         1.00
      0.9700         1.00
      0.9710         1.00
      0.9720         1.00
      0.9730         1.00
      0.9740         1.00
      0.9750         1.00
      0.9760         1.00
      0.9770         1.00
      0.9780         1.00
      0.9790         1.00
      0.9800         1.00
      0.9810         1.00
      0.9820         1.00
      0.9830         1.00
      0.9840         1.00
      0.9850         1.00
      0.9860         1.00
      0.9870         1.00
      0.9880         1.00
      0.9890         1.00
      0.9900         1.00
      0.9910         1.00
      0.9920         1.00
      0.9930         1.00
      0.9940         1.00
      0.9950         1.00
      0.9960         1.00
      0.9970         1.00
      0.9980         1.00
      0.9990         1.00
      1.0000         1.00
      1.0010         1.00
      1.0020         1.00
      1.0030         1.00
      1.0040         1.00
      1.0050         1.00
      1.0060         1.00
      1.0070         1.00
      1.0080         1.00
      1.0090         1.00
      1.0100         1.00
      1.0110         1.00
      1.0120         1.00
      1.0130         1.00
      1.0140         1.00
      1.0150         1.00
      1.0160         1.00
      1.0170         1.00
      1.0180         1.00
      1.0190         1.00
      1.0200         1.00
      1.0210         1.00
      1.0220         1.00
      1.0230         1.00
      1.0240         1.00
      1.0250         1.00
      1.0260         1.00
      1.0270         1.00
      1.0280         1.00
      1.0290         1.00
      1.0300         1.00
      1.0310         1.00
      1.0320         1.00
      1.0330         1.00
      1.0340         1.00
      1.0350         1.00
      1.0360         1.00
      1.0370         1.00
      1.0380         1.00
      1.0390         1.00
      1.0400         1.00
      1.0410         1.00
      1.0420         1.19
      1.0430         1.20
      1.0440         1.24
      1.0450         1.79
      1.0460         1.83
      1.0470         1.80
      1.0480         1.34
      1.0490         1.73
      1.0500         1.71
      1.0510         1.71
      1.0520         1.12
      1.0530         1.09
      1.0540         1.01
      1.0550         1.00
      1.0560         1.01
      1.0570         1.65
      1.0580         1.86
      1.0590         1.79
      1.0600         1.74
      1.0610         1.34
      1.0620         1.29
      1.0630         1.26
      1.0640         1.15
      1.0650         1.00
      1.0660         1.00
      1.0670         1.23
      1.0680         1.17
      1.0690         1.30
      1.0700         1.31
      1.0710         1.38
      1.0720         1.44
      1.0730         1.33
      1.0740         1.39
      1.0750         1.46
      1.0760         1.45
      1.0770         1.34
      1.0780         1.23
      1.0790         1.29
      1.0800         1.26
      1.0810         1.23
      1.0820         1.22
      1.0830         1.85
      1.0840         1.42
      1.0850         2.00
      1.0860         1.97
      1.0870         1.90
      1.0880         1.92
      1.0890         1.98
      1.0900         2.01
      1.0910         1.96
      1.0920         1.40
      1.0930         2.52
      1.0940         2.66
      1.0950         1.60
      1.0960         1.56
      1.0970         2.21
      1.0980         1.75
      1.0990         2.29
      1.1000         2.44
      1.1010         2.40
      1.1020         2.51
      1.1030         1.93
      1.1040         1.95
      1.1050         2.47
      1.1060         2.14
      1.1070         2.16
      1.1080         2.15
      1.1090         2.19
      1.1100         2.28
      1.1110         2.22
      1.1120         2.26
      1.1130         2.29
      1.1140         2.33
      1.1150         2.31
      1.1160         2.33
      1.1170         2.24
      1.1180         2.33
      1.1190         2.31
      1.1200         2.31
      1.1210         2.37
      1.1220         2.45
      1.1230         2.49
      1.1240         3.16
      1.1250         3.34
      1.1260         3.42
      1.1270         4.18
      1.1280         4.34
      1.1290         4.37
      1.1300         4.45
      1.1310         4.71
      1.1320         5.11
      1.1330         5.19
      1.1340         5.28
      1.1350         5.46
      1.1360         5.64
      1.1370         5.84
      1.1380         5.80
      1.1390         5.98
      1.1400         5.86
      1.1410         5.75
      1.1420         5.74
      1.1430         5.77
      1.1440         5.62
      1.1450         5.71
      1.1460         5.55
      1.1470         5.39
      1.1480         5.36
      1.1490         5.32
      1.1500         4.74
      1.1510         4.55
      1.1520         4.43
      1.1530         4.41
      1.1540         4.48
      1.1550         4.35
      1.1560         4.31
      1.1570         4.23
      1.1580         4.19
      1.1590         3.64
      1.1600         3.70
      1.1610         4.23
      1.1620         4.17
      1.1630         3.79
      1.1640         3.91
      1.1650         4.41
      1.1660         4.60
      1.1670         4.76
      1.1680         4.88
      1.1690         5.02
      1.1700         5.24
      1.1710         5.99
      1.1720         6.15
      1.1730         6.19
      1.1740         6.33
      1.1750         6.52
      1.1760         6.73
      1.1770         6.78
      1.1780         6.96
      1.1790         7.39
      1.1800         7.52
      1.1810         7.63
      1.1820         7.68
      1.1830         7.55
      1.1840         7.50
      1.1850         7.55
      1.1860         7.48
      1.1870         7.51
      1.1880         7.47
      1.1890         7.44
      1.1900         7.38
      1.1910         7.50
      1.1920         7.47
      1.1930         7.74
      1.1940         7.83
      1.1950         7.89
      1.1960         7.90
      1.1970         8.02
      1.1980         8.18
      1.1990         8.04
      1.2000         8.22
      1.2010         8.33
      1.2020         8.59
      1.2030         8.83
      1.2040         9.02
      1.2050         9.15
      1.2060         9.41
      1.2070         9.69
      1.2080         9.86
      1.2090        10.05
      1.2100        10.33
      1.2110        10.31
      1.2120        10.52
      1.2130        10.53
      1.2140        10.68
      1.2150        10.73
      1.2160        10.87
      1.2170        11.11
      1.2180        10.99
      1.2190        11.17
      1.2200        11.15
      1.2210        11.19
      1.2220        11.25
      1.2230        11.41
      1.2240        11.46
      1.2250        11.59
      1.2260        11.54
      1.2270        11.52
      1.2280        11.45
      1.2290        11.51
      1.2300        11.41
      1.2310        11.46
      1.2320        11.34
      1.2330        11.46
      1.2340        11.35
      1.2350        11.44
      1.2360        11.50
      1.2370        11.58
      1.2380        11.71
      1.2390        11.85
      1.2400        11.95
      1.2410        12.05
      1.2420        12.14
      1.2430        12.32
      1.2440        12.42
      1.2450        12.48
      1.2460        12.60
      1.2470        12.70
      1.2480        12.93
      1.2490        13.04
      1.2500        13.16
      1.2510        13.44
      1.2520        13.64
      1.2530        13.84
      1.2540        14.02
      1.2550        14.32
      1.2560        14.42
      1.2570        14.56
      1.2580        14.76
      1.2590        14.77
      1.2600        14.86
      1.2610        15.00
      1.2620        15.04
      1.2630        14.94
      1.2640        14.98
      1.2650        14.94
      1.2660        14.90
      1.2670        14.87
      1.2680        14.93
      1.2690        15.00
      1.2700        15.15
      1.2710        15.14
      1.2720        15.23
      1.2730        15.09
      1.2740        15.11
      1.2750        15.01
      1.2760        15.18
      1.2770        15.16
      1.2780        15.20
      1.2790        15.27
      1.2800        15.38
      1.2810        15.45
      1.2820        15.53
      1.2830        15.56
      1.2840        15.60
      1.2850        15.74
      1.2860        16.00
      1.2870        16.26
      1.2880        16.33
      1.2890        16.36
      1.2900        16.41
      1.2910        16.71
      1.2920        16.80
      1.2930        17.02
      1.2940        17.25
      1.2950        17.33
      1.2960        17.45
      1.2970        17.56
      1.2980        17.64
      1.2990        17.81
      1.3000        17.94
      1.3010        18.05
      1.3020        18.02
      1.3030        18.12
      1.3040        18.29
      1.3050        18.39
      1.3060        18.35
      1.3070        18.34
      1.3080        18.36
      1.3090        18.47
      1.3100        18.60
      1.3110        18.48
      1.3120        18.46
      1.3130        18.47
      1.3140        18.47
      1.3150        18.55
      1.3160        18.53
      1.3170        18.59
      1.3180        18.72
      1.3190        18.71
      1.3200        18.71
      1.3210        18.75
      1.3220        18.90
      1.3230        19.05
      1.3240        19.28
      1.3250        19.36
      1.3260        19.44
      1.3270        19.63
      1.3280        19.76
      1.3290        19.97
      1.3300        19.99
      1.3310        20.10
      1.3320        20.34
      1.3330        20.54
      1.3340        20.76
      1.3350        20.80
      1.3360        20.82
      1.3370        20.97
      1.3380        20.90
      1.3390        20.92
      1.3400        20.97
      1.3410        20.82
      1.3420        20.98
      1.3430        21.12
      1.3440        21.09
      1.3450        21.10
      1.3460        21.24
      1.3470        21.19
      1.3480        21.21
      1.3490        21.18
      1.3500        21.25
      1.3510        21.31
      1.3520        21.21
      1.3530        21.27
      1.3540        21.14
      1.3550        21.35
      1.3560        21.35
      1.3570        21.45
      1.3580        21.49
      1.3590        21.48
      1.3600        21.58
      1.3610        21.85
      1.3620        21.93
      1.3630        21.84
      1.3640        21.97
      1.3650        22.03
      1.3660        22.02
      1.3670        22.10
      1.3680        22.36
      1.3690        22.46
      1.3700        22.61
      1.3710        22.69
      1.3720        22.70
      1.3730        22.60
      1.3740        22.82
      1.3750        22.86
      1.3760        23.12
      1.3770        23.14
      1.3780        23.28
      1.3790        23.52
      1.3800        23.55
      1.3810        23.68
      1.3820        23.77
      1.3830        24.05
      1.3840        23.99
      1.3850        24.07
      1.3860        24.16
      1.3870        24.20
      1.3880        24.20
      1.3890        24.27
      1.3900        24.29
      1.3910        24.31
      1.3920        24.43
      1.3930        24.48
      1.3940        24.51
      1.3950        24.35
      1.3960        24.36
      1.3970        24.31
      1.3980        24.34
      1.3990        24.23
      1.4000        24.38
      1.4010        24.35
      1.4020        24.24
      1.4030        24.14
      1.4040        24.22
      1.4050        24.35
      1.4060        24.54
      1.4070        24.52
      1.4080        24.53
      1.4090        24.49
      1.4100        24.54
      1.4110        24.72
      1.4120        24.91
      1.4130        25.05
      1.4140        24.98
      1.4150        25.24
      1.4160        25.36
      1.4170        25.49
      1.4180        25.57
      1.4190        25.78
      1.4200        25.89
      1.4210        26.00
      1.4220        25.96
      1.4230        26.07
      1.4240        26.26
      1.4250        26.51
      1.4260        26.36
      1.4270        26.50
      1.4280        26.48
      1.4290        26.53
      1.4300        26.55
      1.4310        26.56
      1.4320        26.48
      1.4330        26.44
      1.4340        26.57
      1.4350        26.41
      1.4360        26.25
      1.4370        26.18
      1.4380        26.25
      1.4390        26.18
      1.4400        26.00
      1.4410        25.97
      1.4420        26.17
      1.4430        26.22
      1.4440        26.14
      1.4450        25.92
      1.4460        25.97
      1.4470        25.96
      1.4480        25.97
      1.4490        26.19
      1.4500        26.22
      1.4510        26.10
      1.4520        26.28
      1.4530        26.34
      1.4540        26.42
      1.4550        26.54
      1.4560        26.70
      1.4570        26.91
      1.4580        26.97
      1.4590        27.03
      1.4600        27.12
      1.4610        27.16
      1.4620        27.21
      1.4630        27.26
      1.4640        27.23
      1.4650        27.34
      1.4660        27.42
      1.4670        27.59
      1.4680        27.59
      1.4690        27.50
      1.4700        27.54
      1.4710        27.58
      1.4720        27.40
      1.4730        27.55
      1.4740        27.41
      1.4750        27.51
      1.4760        27.36
      1.4770        27.21
      1.4780        27.23
      1.4790        27.34
      1.4800        27.23
      1.4810        27.12
      1.4820        26.99
      1.4830        26.88
      1.4840        26.98
      1.4850        26.93
      1.4860        26.97
      1.4870        26.84
      1.4880        26.82
      1.4890        26.92
      1.4900        26.95
      1.4910        27.00
      1.4920        27.14
      1.4930        27.08
      1.4940        27.14
      1.4950        27.16
      1.4960        27.17
      1.4970        27.29
      1.4980        27.22
      1.4990        27.13
      1.5000        27.17
      1.5010        27.44
      1.5020        27.61
      1.5030        27.77
      1.5040        27.79
      1.5050        27.78
      1.5060        27.83
      1.5070        27.82
      1.5080        27.92
      1.5090        27.92
      1.5100        27.76
      1.5110        27.91
      1.5120        27.87
      1.5130        27.90
      1.5140        27.94
      1.5150        27.83
      1.5160        27.91
      1.5170        27.73
      1.5180        27.73
      1.5190        27.82
      1.5200        27.81
      1.5210        27.78
      1.5220        27.71
      1.5230        27.62
      1.5240        27.62
      1.5250        27.61
      1.5260        27.70
      1.5270        27.67
      1.5280        27.62
      1.5290        27.62
      1.5300        27.84
      1.5310        27.66
      1.5320        27.66
      1.5330        27.62
      1.5340        27.72
      1.5350        27.72
      1.5360        27.93
      1.5370        28.06
      1.5380        28.25
      1.5390        28.26
      1.5400        28.47
      1.5410        28.45
      1.5420        28.51
      1.5430        28.68
      1.5440        28.75
      1.5450        28.87
      1.5460        28.84
      1.5470        29.04
      1.5480        29.22
      1.5490        29.24
      1.5500        29.15
      1.5510        29.30
      1.5520        29.35
      1.5530        29.40
      1.5540        29.43
      1.5550        29.61
      1.5560        29.53
      1.5570        29.65
      1.5580        29.61
      1.5590        29.56
      1.5600        29.55
      1.5610        29.48
      1.5620        29.67
      1.5630        29.47
      1.5640        29.45
      1.5650        29.51
      1.5660        29.40
      1.5670        29.37
      1.5680        29.45
      1.5690        29.47
      1.5700        29.48
      1.5710        29.36
      1.5720        29.45
      1.5730        29.48
      1.5740        29.37
      1.5750        29.49
      1.5760        29.58
      1.5770        29.64
      1.5780        29.70
      1.5790        29.78
      1.5800        29.68
      1.5810        29.82
      1.5820        29.73
      1.5830        30.01
      1.5840        29.97
      1.5850        29.91
      1.5860        30.21
      1.5870        30.12
      1.5880        30.04
      1.5890        30.19
      1.5900        30.19
      1.5910        30.33
      1.5920        30.31
      1.5930        30.34
      1.5940        30.39
      1.5950        30.39
      1.5960        30.34
      1.5970        30.31
      1.5980        30.23
      1.5990        30.27
      1.6000        30.50
      1.6010        30.44
      1.6020        30.39
      1.6030        30.27
      1.6040        30.23
      1.6050        30.23
      1.6060        30.11
      1.6070        30.28
      1.6080        30.34
      1.6090        30.24
      1.6100        30.36
      1.6110        30.47
      1.6120        30.47
      1.6130        30.52
      1.6140        30.64
      1.6150        30.63
      1.6160        30.73
      1.6170        30.79
      1.6180        30.78
      1.6190        30.82
      1.6200        30.82
      1.6210        31.01
      1.6220        31.26
      1.6230        31.38
      1.6240        31.58
      1.6250        31.62
      1.6260        31.64
      1.6270        31.67
      1.6280        31.65
      1.6290        31.80
      1.6300        31.79
      1.6310        31.82
      1.6320        31.94
      1.6330        31.84
      1.6340        31.84
      1.6350        31.79
      1.6360        31.76
      1.6370        31.64
      1.6380        31.83
      1.6390        31.66
      1.6400        31.54
      1.6410        31.29
      1.6420        31.20
      1.6430        31.13
      1.6440        30.93
      1.6450        30.96
      1.6460        30.93
      1.6470        30.88
      1.6480        31.12
      1.6490        30.90
      1.6500        30.81
      1.6510        30.73
      1.6520        30.59
      1.6530        30.67
      1.6540        30.71
      1.6550        30.74
      1.6560        30.82
      1.6570        30.87
      1.6580        30.82
      1.6590        31.02
      1.6600        31.10
      1.6610        31.18
      1.6620        31.04
      1.6630        31.06
      1.6640        31.20
      1.6650        31.24
      1.6660        31.25
      1.6670        31.49
      1.6680        31.45
      1.6690        31.58
      1.6700        31.79
      1.6710        31.79
      1.6720        31.92
      1.6730        32.00
      1.6740        32.05
      1.6750        32.26
      1.6760        32.24
      1.6770        32.29
      1.6780        32.34
      1.6790        32.21
      1.6800        32.26
      1.6810        32.38
      1.6820        32.50
      1.6830        32.47
      1.6840        32.54
      1.6850        32.57
      1.6860        32.62
      1.6870        32.45
      1.6880        32.23
      1.6890        32.18
      1.6900        32.06
      1.6910        32.17
      1.6920        32.15
      1.6930        32.17
      1.6940        32.26
      1.6950        32.01
      1.6960        32.05
      1.6970        31.98
      1.6980        32.05
      1.6990        32.31
      1.7000        32.49
      1.7010        32.48
      1.7020        32.66
      1.7030        32.83
      1.7040        32.87
      1.7050        32.99
      1.7060        33.07
      1.7070        33.10
      1.7080        33.27
      1.7090        33.43
      1.7100        33.57
      1.7110        33.66
      1.7120        33.64
      1.7130        33.62
      1.7140        33.58
      1.7150        33.71
      1.7160        33.78
      1.7170        34.00
      1.7180        33.92
      1.7190        33.83
      1.7200        33.71
      1.7210        33.55
      1.7220        33.39
      1.7230        33.27
      1.7240        33.29
      1.7250        33.22
      1.7260        33.19
      1.7270        33.25
      1.7280        33.10
      1.7290        32.94
      1.7300        32.89
      1.7310        32.71
      1.7320        32.66
      1.7330        32.79
      1.7340        32.75
      1.7350        32.77
      1.7360        32.73
      1.7370        32.56
      1.7380        32.56
      1.7390        32.65
      1.7400        32.61
      1.7410        32.85
      1.7420        32.89
      1.7430        32.96
      1.7440        33.01
      1.7450        33.13
      1.7460        33.08
      1.7470        33.16
      1.7480        33.26
      1.7490        33.37
      1.7500        33.41
      1.7510        33.42
      1.7520        33.40
      1.7530        33.26
      1.7540        33.27
      1.7550        33.34
      1.7560        33.44
      1.7570        33.45
      1.7580        33.40
      1.7590        33.27
      1.7600        33.18
      1.7610        33.06
      1.7620        32.99
      1.7630        32.93
      1.7640        32.73
      1.7650        32.52
      1.7660        32.46
      1.7670        32.34
      1.7680        32.13
      1.7690        32.09
      1.7700        32.01
      1.7710        32.04
      1.7720        32.21
      1.7730        32.11
      1.7740        32.11
      1.7750        31.92
      1.7760        31.74
      1.7770        31.84
      1.7780        31.77
      1.7790        31.66
      1.7800        31.70
      1.7810        31.76
      1.7820        31.72
      1.7830        31.72
      1.7840        31.82
      1.7850        31.90
      1.7860        31.98
      1.7870        31.91
      1.7880        32.11
      1.7890        32.19
      1.7900        32.13
      1.7910        32.20
      1.7920        32.14
      1.7930        32.25
      1.7940        32.32
      1.7950        32.37
      1.7960        32.52
      1.7970        32.63
      1.7980        32.75
      1.7990        32.84
      1.8000        32.84
      1.8010        32.71
      1.8020        32.76
      1.8030        32.79
      1.8040        32.79
      1.8050        32.75
      1.8060        32.72
      1.8070        32.77
      1.8080        32.84
      1.8090        32.72
      1.8100        32.74
      1.8110        32.68
      1.8120        32.66
      1.8130        32.70
      1.8140        32.67
      1.8150        32.67
      1.8160        32.62
      1.8170        32.40
      1.8180        32.41
      1.8190        32.49
      1.8200        32.62
      1.8210        32.82
      1.8220        32.95
      1.8230        33.01
      1.8240        33.11
      1.8250        33.15
      1.8260        33.09
      1.8270        33.22
      1.8280        33.49
      1.8290        33.63
      1.8300        33.82
      1.8310        33.85
      1.8320        33.86
      1.8330        33.89
      1.8340        33.83
      1.8350        33.89
      1.8360        33.78
      1.8370        33.84
      1.8380        33.82
      1.8390        33.72
      1.8400        33.58
      1.8410        33.54
      1.8420        33.53
      1.8430        33.37
      1.8440        33.14
      1.8450        33.16
      1.8460        33.24
      1.8470        33.13
      1.8480        32.86
      1.8490        32.85
      1.8500        32.80
      1.8510        32.68
      1.8520        32.68
      1.8530        32.57
      1.8540        32.52
      1.8550        32.46
      1.8560        32.51
      1.8570        32.42
      1.8580        32.31
      1.8590        32.42
      1.8600        32.40
      1.8610        32.30
      1.8620        32.31
      1.8630        32.34
      1.8640        32.44
      1.8650        32.45
      1.8660        32.55
      1.8670        32.66
      1.8680        32.41
      1.8690        32.28
      1.8700        32.29
      1.8710        32.45
      1.8720        32.60
      1.8730        32.77
      1.8740        32.74
      1.8750        32.80
      1.8760        32.81
      1.8770        32.83
      1.8780        33.02
      1.8790        33.07
      1.8800        33.11
      1.8810        33.26
      1.8820        33.15
      1.8830        33.19
      1.8840        33.16
      1.8850        33.16
      1.8860        33.03
      1.8870        32.90
      1.8880        33.07
      1.8890        33.01
      1.8900        32.86
      1.8910        32.58
      1.8920        32.29
      1.8930        32.18
      1.8940        32.12
      1.8950        32.00
      1.8960        31.98
      1.8970        32.08
      1.8980        32.03
      1.8990        31.83
      1.9000        31.75
      1.9010        31.55
      1.9020        31.50
      1.9030        31.52
      1.9040        31.43
      1.9050        31.48
      1.9060        31.52
      1.9070        31.55
      1.9080        31.55
      1.9090        31.45
      1.9100        31.59
      1.9110        31.77
      1.9120        31.87
      1.9130        31.88
      1.9140        31.83
      1.9150        32.14
      1.9160        32.26
      1.9170        32.19
      1.9180        32.12
      1.9190        32.03
      1.9200        32.07
      1.9210        32.15
      1.9220        32.24
      1.9230        32.18
      1.9240        32.24
      1.9250        32.24
      1.9260        32.15
      1.9270        32.05
      1.9280        31.96
      1.9290        32.15
      1.9300        32.15
      1.9310        32.07
      1.9320        32.08
      1.9330        31.99
      1.9340        32.12
      1.9350        31.95
      1.9360        31.77
      1.9370        31.72
      1.9380        31.65
      1.9390        31.77
      1.9400        31.86
      1.9410        31.85
      1.9420        31.80
      1.9430        31.73
      1.9440        31.66
      1.9450        31.51
      1.9460        31.57
      1.9470        31.67
      1.9480        31.65
      1.9490        31.57
      1.9500        31.34
      1.9510        31.50
      1.9520        31.52
      1.9530        31.53
      1.9540        31.54
      1.9550        31.47
      1.9560        31.47
      1.9570        31.44
      1.9580        31.42
      1.9590        31.45
      1.9600        31.23
      1.9610        31.28
      1.9620        31.11
      1.9630        31.16
      1.9640        31.19
      1.9650        31.16
      1.9660        31.14
      1.9670        31.01
      1.9680        31.17
      1.9690        31.15
      1.9700        31.05
      1.9710        30.77
      1.9720        30.74
      1.9730        30.68
      1.9740        30.48
      1.9750        30.37
      1.9760        30.29
      1.9770        30.18
      1.9780        30.13
      1.9790        29.94
      1.9800        30.02
      1.9810        30.00
      1.9820        30.01
      1.9830        29.85
      1.9840        29.67
      1.9850        29.52
      1.9860        29.40
      1.9870        29.37
      1.9880        29.25
      1.9890        29.17
      1.9900        29.25
      1.9910        29.33
      1.9920        29.14
      1.9930        29.23
      1.9940        29.35
      1.9950        29.45
      1.9960        29.35
      1.9970        29.35
      1.9980        29.46
      1.9990        29.62
      2.0000        29.63
      2.0010        29.37
      2.0020        29.42
      2.0030        29.40
      2.0040        29.47
      2.0050        29.40
      2.0060        29.21
      2.0070        29.14
      2.0080        29.03
      2.0090        28.86
      2.0100        28.86
      2.0110        28.80
      2.0120        28.90
      2.0130        28.68
      2.0140        28.67
      2.0150        28.31
      2.0160        28.17
      2.0170        28.14
      2.0180        27.90
      2.0190        27.73
      2.0200        27.68
      2.0210        27.77
      2.0220        27.64
      2.0230        27.58
      2.0240        27.50
      2.0250        27.42
      2.0260        27.54
      2.0270        27.53
      2.0280        27.50
      2.0290        27.74
      2.0300        27.68
      2.0310        27.57
      2.0320        27.50
      2.0330        27.49
      2.0340        27.40
      2.0350        27.60
      2.0360        27.84
      2.0370        27.84
      2.0380        28.00
      2.0390        28.22
      2.0400        28.15
      2.0410        28.22
      2.0420        28.46
      2.0430        28.64
      2.0440        28.69
      2.0450        28.97
      2.0460        29.06
      2.0470        29.14
      2.0480        29.17
      2.0490        29.09
      2.0500        28.98
      2.0510        29.01
      2.0520        29.00
      2.0530        28.97
      2.0540        28.88
      2.0550        28.93
      2.0560        28.70
      2.0570        28.61
      2.0580        28.51
      2.0590        28.30
      2.0600        28.23
      2.0610        28.07
      2.0620        27.78
      2.0630        27.55
      2.0640        27.51
      2.0650        27.47
      2.0660        27.39
      2.0670        27.27
      2.0680        27.16
      2.0690        27.16
      2.0700        27.31
      2.0710        27.38
      2.0720        27.38
      2.0730        27.43
      2.0740        27.42
      2.0750        27.27
      2.0760        27.31
      2.0770        27.48
      2.0780        27.50
      2.0790        27.46
      2.0800        27.50
      2.0810        27.44
      2.0820        27.48
      2.0830        27.46
      2.0840        27.40
      2.0850        27.23
      2.0860        27.08
      2.0870        26.99
      2.0880        26.97
      2.0890        26.91
      2.0900        26.84
      2.0910        26.81
      2.0920        26.70
      2.0930        26.52
      2.0940        26.45
      2.0950        26.33
      2.0960        26.31
      2.0970        25.92
      2.0980        25.89
      2.0990        25.77
      2.1000        25.67
      2.1010        25.68
      2.1020        25.61
      2.1030        25.49
      2.1040        25.51
      2.1050        25.44
      2.1060        25.39
      2.1070        25.23
      2.1080        25.16
      2.1090        25.05
      2.1100        24.92
      2.1110        24.80
      2.1120        24.78
      2.1130        24.90
      2.1140        24.96
      2.1150        25.00
      2.1160        25.03
      2.1170        25.27
      2.1180        25.26
      2.1190        25.27
      2.1200        25.31
      2.1210        25.20
      2.1220        25.18
      2.1230        25.26
      2.1240        25.23
      2.1250        25.28
      2.1260        25.38
      2.1270        25.62
      2.1280        25.71
      2.1290        25.76
      2.1300        25.71
      2.1310        25.64
      2.1320        25.56
      2.1330        25.38
      2.1340        25.29
      2.1350        25.28
      2.1360        25.29
      2.1370        25.13
      2.1380        24.82
      2.1390        24.97
      2.1400        24.79
      2.1410        24.78
      2.1420        24.68
      2.1430        24.69
      2.1440        24.51
      2.1450        24.38
      2.1460        24.18
      2.1470        23.99
      2.1480        23.86
      2.1490        23.84
      2.1500        24.04
      2.1510        23.94
      2.1520        24.07
      2.1530        24.23
      2.1540        24.26
      2.1550        24.26
      2.1560        24.23
      2.1570        24.38
      2.1580        24.52
      2.1590        24.26
      2.1600        24.27
      2.1610        24.21
      2.1620        24.27
      2.1630        24.15
      2.1640        24.27
      2.1650        24.31
      2.1660        24.51
      2.1670        24.55
      2.1680        24.50
      2.1690        24.42
      2.1700        24.18
      2.1710        24.19
      2.1720        23.97
      2.1730        23.83
      2.1740        23.69
      2.1750        23.49
      2.1760        23.19
      2.1770        22.89
      2.1780        22.72
      2.1790        22.67
      2.1800        22.61
      2.1810        22.50
      2.1820        22.40
      2.1830        22.33
      2.1840        22.21
      2.1850        22.13
      2.1860        21.81
      2.1870        21.64
      2.1880        21.50
      2.1890        21.39
      2.1900        21.36
      2.1910        21.39
      2.1920        21.35
      2.1930        21.14
      2.1940        21.11
      2.1950        21.12
      2.1960        21.19
      2.1970        21.23
      2.1980        21.38
      2.1990        21.33
      2.2000        21.19
      2.2010        21.15
      2.2020        21.21
      2.2030        21.15
      2.2040        21.11
      2.2050        20.95
      2.2060        21.08
      2.2070        20.96
      2.2080        20.92
      2.2090        20.87
      2.2100        20.71
      2.2110        20.65
      2.2120        20.63
      2.2130        20.62
      2.2140        20.57
      2.2150        20.47
      2.2160        20.44
      2.2170        20.26
      2.2180        19.99
      2.2190        19.81
      2.2200        19.83
      2.2210        19.84
      2.2220        19.72
      2.2230        19.68
      2.2240        19.44
      2.2250        19.45
      2.2260        19.23
      2.2270        19.28
      2.2280        19.17
      2.2290        18.99
      2.2300        18.91
      2.2310        18.73
      2.2320        18.63
      2.2330        18.55
      2.2340        18.48
      2.2350        18.41
      2.2360        18.26
      2.2370        18.25
      2.2380        18.36
      2.2390        18.42
      2.2400        18.34
      2.2410        18.26
      2.2420        18.09
      2.2430        18.04
      2.2440        18.13
      2.2450        18.21
      2.2460        18.19
      2.2470        18.07
      2.2480        18.07
      2.2490        18.18
      2.2500        18.24
      2.2510        18.23
      2.2520        18.23
      2.2530        18.43
      2.2540        18.33
      2.2550        18.41
      2.2560        18.31
      2.2570        18.30
      2.2580        18.05
      2.2590        18.07
      2.2600        17.92
      2.2610        17.89
      2.2620        17.94
      2.2630        17.86
      2.2640        17.80
      2.2650        17.50
      2.2660        17.43
      2.2670        17.37
      2.2680        17.41
      2.2690        17.15
      2.2700        17.06
      2.2710        16.95
      2.2720        16.80
      2.2730        16.55
      2.2740        16.49
      2.2750        16.28
      2.2760        16.21
      2.2770        16.19
      2.2780        16.19
      2.2790        15.88
      2.2800        15.93
      2.2810        15.85
      2.2820        15.77
      2.2830        15.82
      2.2840        15.81
      2.2850        15.83
      2.2860        15.72
      2.2870        15.68
      2.2880        15.54
      2.2890        15.59
      2.2900        15.65
      2.2910        15.70
      2.2920        15.56
      2.2930        15.51
      2.2940        15.49
      2.2950        15.50
      2.2960        15.38
      2.2970        15.25
      2.2980        15.10
      2.2990        15.20
      2.3000        15.01
      2.3010        14.81
      2.3020        14.65
      2.3030        14.43
      2.3040        14.32
      2.3050        14.17
      2.3060        14.13
      2.3070        14.05
      2.3080        13.91
      2.3090        13.80
      2.3100        13.46
      2.3110        13.13
      2.3120        13.11
      2.3130        13.01
      2.3140        12.71
      2.3150        12.58
      2.3160        12.50
      2.3170        12.61
      2.3180        12.62
      2.3190        12.46
      2.3200        12.50
      2.3210        12.58
      2.3220        12.62
      2.3230        12.60
      2.3240        12.64
      2.3250        12.61
      2.3260        12.73
      2.3270        12.65
      2.3280        12.61
      2.3290        12.62
      2.3300        12.74
      2.3310        12.85
      2.3320        12.83
      2.3330        12.79
      2.3340        12.94
      2.3350        12.82
      2.3360        12.90
      2.3370        12.67
      2.3380        12.63
      2.3390        12.71
      2.3400        12.72
      2.3410        12.66
      2.3420        12.60
      2.3430        12.55
      2.3440        12.36
      2.3450        12.31
      2.3460        11.99
      2.3470        11.95
      2.3480        12.01
      2.3490        11.93
      2.3500        11.82
      2.3510        11.74
      2.3520        11.65
      2.3530        11.54
      2.3540        11.43
      2.3550        11.54
      2.3560        11.48
      2.3570        11.42
      2.3580        11.38
      2.3590        11.24
      2.3600        11.15
      2.3610        11.07
      2.3620        11.06
      2.3630        11.03
      2.3640        11.15
      2.3650        11.08
      2.3660        11.27
      2.3670        11.27
      2.3680        11.18
      2.3690        11.14
      2.3700        11.15
      2.3710        11.13
      2.3720        11.05
      2.3730        11.10
      2.3740        11.05
      2.3750        10.95
      2.3760        10.89
      2.3770        10.98
      2.3780        11.03
      2.3790        10.82
      2.3800        10.69
      2.3810        10.55
      2.3820        10.39
      2.3830        10.29
      2.3840        10.04
      2.3850        10.01
      2.3860         9.86
      2.3870         9.64
      2.3880         9.49
      2.3890         9.45
      2.3900         9.37
      2.3910         9.31
      2.3920         9.31
      2.3930         9.15
      2.3940         8.98
      2.3950         8.88
      2.3960         8.60
      2.3970         8.45
      2.3980         7.76
      2.3990         7.81
      2.4000         7.93
      2.4010         7.96
      2.4020         7.97
      2.4030         7.90
      2.4040         8.49
      2.4050         8.46
      2.4060         8.42
      2.4070         8.50
      2.4080         8.65
      2.4090         8.53
      2.4100         8.36
      2.4110         8.26
      2.4120         8.02
      2.4130         8.02
      2.4140         7.96
      2.4150         7.76
      2.4160         7.84
      2.4170         7.70
      2.4180         7.74
      2.4190         7.79
      2.4200         7.58
      2.4210         7.68
      2.4220         7.48
      2.4230         7.29
      2.4240         7.13
      2.4250         7.05
      2.4260         7.03
      2.4270         6.95
      2.4280         6.61
      2.4290         6.48
      2.4300         6.40
      2.4310         6.32
      2.4320         6.41
      2.4330         6.32
      2.4340         6.38
      2.4350         6.44
      2.4360         6.40
      2.4370         6.34
      2.4380         6.23
      2.4390         6.14
      2.4400         6.10
      2.4410         5.87
      2.4420         5.87
      2.4430         5.78
      2.4440         5.74
      2.4450         5.71
      2.4460         5.70
      2.4470         5.75
      2.4480         5.93
      2.4490         6.08
      2.4500         6.12
      2.4510         6.17
      2.4520         6.35
      2.4530         6.44
      2.4540         6.31
      2.4550         6.22
      2.4560         6.21
      2.4570         6.28
      2.4580         6.21
      2.4590         6.21
      2.4600         6.21
      2.4610         6.17
      2.4620         6.06
      2.4630         6.10
      2.4640         6.06
      2.4650         5.98
      2.4660         5.76
      2.4670         5.58
      2.4680         5.31
      2.4690         5.15
      2.4700         5.13
      2.4710         5.02
      2.4720         4.73
      2.4730         4.54
      2.4740         4.52
      2.4750         4.54
      2.4760         4.52
      2.4770         4.61
      2.4780         4.49
      2.4790         4.44
      2.4800         4.44
      2.4810         3.76
      2.4820         4.37
      2.4830         4.00
      2.4840         3.97
      2.4850         4.06
      2.4860         4.01
      2.4870         4.00
      2.4880         4.16
      2.4890         4.15
      2.4900         4.13
      2.4910         4.00
      2.4920         4.07
      2.4930         3.98
      2.4940         4.56
      2.4950         4.09
      2.4960         4.57
      2.4970         3.80
      2.4980         4.25
      2.4990         4.24
      2.5000         4.10
      2.5010         4.15
      2.5020         3.97
      2.5030         3.31
      2.5040         3.19
      2.5050         3.53
      2.5060         3.02
      2.5070         2.97
      2.5080         2.81
      2.5090         2.74
      2.5100         2.66
      2.5110         2.70
      2.5120         2.16
      2.5130         2.17
      2.5140         2.14
      2.5150         1.58
      2.5160         1.57
      2.5170         1.55
      2.5180         1.51
      2.5190         1.46
      2.5200         1.41
      2.5210         1.42
      2.5220         1.43
      2.5230         1.37
      2.5240         1.31
      2.5250         1.33
      2.5260         1.33
      2.5270         1.33
      2.5280         1.23
      2.5290         1.23
      2.5300         1.22
      2.5310         1.15
      2.5320         1.16
      2.5330         1.64
      2.5340         1.64
      2.5350         1.55
      2.5360         1.56
      2.5370         1.56
      2.5380         2.18
      2.5390         2.25
      2.5400         1.72
      2.5410         1.69
      2.5420         1.65
      2.5430         2.18
      2.5440         1.79
      2.5450         1.81
      2.5460         1.60
      2.5470         1.49
      2.5480         1.00
      2.5490         1.00
      2.5500         1.00
      2.5510         1.00
      2.5520         1.00
      2.5530         1.00
      2.5540         1.00
      2.5550         1.00
      2.5560         1.00
      2.5570         1.00
      2.5580         1.00
      2.5590         1.00
      2.5600         1.00
      2.5610         1.00
      2.5620         1.00
      2.5630         1.00
      2.5640         1.00
      2.5650         1.00
      2.5660         1.00
      2.5670         1.00
      2.5680         1.00
      2.5690         1.00
      2.5700         1.00
      2.5710         1.00
      2.5720         1.00
      2.5730         1.00
      2.5740         1.00
      2.5750         1.00
      2.5760         1.00
      2.5770         1.00
      2.5780         1.00
      2.5790         1.00
      2.5800         1.00
      2.5810         1.00
      2.5820         1.00
      2.5830         1.00
      2.5840         1.00
      2.5850         1.00
      2.5860         1.00
      2.5870         1.00
      2.5880         1.00
      2.5890         1.00
      2.5900         1.00
      2.5910         1.00
      2.5920         1.00
      2.5930         1.00
      2.5940         1.00
      2.5950         1.00
      2.5960         1.00
      2.5970         1.00
      2.5980         1.00
      2.5990         1.00
      2.6000         1.00
      2.6010         1.00
      2.6020         1.00
      2.6030         1.00
      2.6040         1.00
      2.6050         1.00
      2.6060         1.00
      2.6070         1.00
      2.6080         1.00
      2.6090         1.00
      2.6100         1.00
      2.6110         1.00
      2.6120         1.00
      2.6130         1.00
      2.6140         1.00
      2.6150         1.00
      2.6160         1.00
      2.6170         1.00
      2.6180         1.00
      2.6190         1.00
      2.6200         1.00
      2.6210         1.00
      2.6220         1.00
      2.6230         1.00
      2.6240         1.00
      2.6250         1.00
      2.6260         1.00
      2.6270         1.00
      2.6280         1.00
      2.6290         1.00
      2.6300         1.00
      2.6310         1.00
      2.6320         1.00
      2.6330         1.00
      2.6340         1.00
      2.6350         1.00
      2.6360         1.00
      2.6370         1.00
      2.6380         1.00
      2.6390         1.00
      2.6400         1.00
      2.6410         1.00
      2.6420         1.00
      2.6430         1.00
      2.6440         1.00
      2.6450         1.00
      2.6460         1.00
      2.6470         1.00
      2.6480         1.00
      2.6490         1.00
      2.6500         1.00
      2.6510         1.00
      2.6520         1.00
      2.6530         1.00
      2.6540         1.00
      2.6550         1.00
      2.6560         1.00
      2.6570         1.00
      2.6580         1.00
      2.6590         1.00
      2.6600         1.00
      2.6610         1.00
      2.6620         1.00
      2.6630         1.00
      2.6640         1.00
      2.6650         1.00
      2.6660         1.00
      2.6670         1.00
      2.6680         1.00
      2.6690         1.00
      2.6700         1.00
      2.6710         1.00
      2.6720         1.00
      2.6730         1.00
      2.6740         1.00
      2.6750         1.00
      2.6760         1.00
      2.6770         1.00
      2.6780         1.00
      2.6790         1.00
      2.6800         1.00
      2.6810         1.00
      2.6820         1.00
      2.6830         1.00
      2.6840         1.00
      2.6850         1.00
      2.6860         1.00
      2.6870         1.00
      2.6880         1.00
      2.6890         1.00
      2.6900         1.00
      2.6910         1.00
      2.6920         1.00
      2.6930         1.00
      2.6940         1.00
      2.6950         1.00
      2.6960         1.00
      2.6970         1.00
      2.6980         1.00
      2.6990         1.00
      2.7000         1.00
      2.7010         1.00
      2.7020         1.00
      2.7030         1.00
      2.7040         1.00
      2.7050         1.00
      2.7060         1.00
      2.7070         1.00
      2.7080         1.00
      2.7090         1.00
      2.7100         1.00
      2.7110         1.00
      2.7120         1.00
      2.7130         1.00
      2.7140         1.00
      2.7150         1.00
      2.7160         1.00
      2.7170         1.00
      2.7180         1.00
      2.7190         1.00
      2.7200         1.00
      2.7210         1.00
      2.7220         1.00
      2.7230         1.00
      2.7240         1.00
      2.7250         1.00
      2.7260         1.00
      2.7270         1.00
      2.7280         1.00
      2.7290         1.00
      2.7300         1.00
      2.7310         1.00
      2.7320         1.00
      2.7330         1.00
      2.7340         1.00
      2.7350         1.00
      2.7360         1.00
      2.7370         1.00
      2.7380         1.00
      2.7390         1.00
      2.7400         1.00
      2.7410         1.00
      2.7420         1.00
      2.7430         1.00
      2.7440         1.00
      2.7450         1.00
      2.7460         1.00
      2.7470         1.00
      2.7480         1.00
      2.7490         1.00
      2.7500         1.00
      2.7510         1.00
      2.7520         1.00
      2.7530         1.00
      2.7540         1.00
      2.7550         1.00
      2.7560         1.00
      2.7570         1.00
      2.7580         1.00
      2.7590         1.00
      2.7600         1.00
      2.7610         1.00
      2.7620         1.00
      2.7630         1.00
      2.7640         1.00
      2.7650         1.00
      2.7660         1.00
      2.7670         1.00
      2.7680         1.00
      2.7690         1.00
      2.7700         1.00
      2.7710         1.00
      2.7720         1.00
      2.7730         1.00
      2.7740         1.00
      2.7750         1.00
      2.7760         1.00
      2.7770         1.00
      2.7780         1.00
      2.7790         1.00
      2.7800         1.00
      2.7810         1.00
      2.7820         1.00
      2.7830         1.00
      2.7840         1.00
      2.7850         1.00
      2.7860         1.00
      2.7870         1.00
      2.7880         1.00
      2.7890         1.00
      2.7900         1.00
      2.7910         1.00
      2.7920         1.00
      2.7930         1.00
      2.7940         1.00
      2.7950         1.00
      2.7960         1.00
      2.7970         1.00
      2.7980         1.00
      2.7990         1.00
      2.8000         1.00
      2.8010         1.00
      2.8020         1.00
      2.8030         1.00
      2.8040         1.00
      2.8050         1.00
      2.8060         1.00
      2.8070         1.00
      2.8080         1.00
      2.8090         1.00
      2.8100         1.00
      2.8110         1.00
      2.8120         1.00
      2.8130         1.00
      2.8140         1.00
      2.8150         1.00
      2.8160         1.00
      2.8170         1.00
      2.8180         1.00
      2.8190         1.00
      2.8200         1.00
      2.8210         1.00
      2.8220         1.00
      2.8230         1.00
      2.8240         1.00
      2.8250         1.00
      2.8260         1.00
      2.8270         1.00
      2.8280         1.00
      2.8290         1.00
      2.8300         1.00
      2.8310         1.00
      2.8320         1.00
      2.8330         1.00
      2.8340         1.00
      2.8350         1.00
      2.8360         1.00
      2.8370         1.00
      2.8380         1.00
      2.8390         1.00
      2.8400         1.00
      2.8410         1.00
      2.8420         1.00
      2.8430         1.00
      2.8440         1.00
      2.8450         1.00
      2.8460         1.00
      2.8470         1.00
      2.8480         1.00
      2.8490         1.00
      2.8500         1.00
      2.8510         1.00
      2.8520         1.00
      2.8530         1.00
      2.8540         1.00
      2.8550         1.00
      2.8560         1.00
      2.8570         1.00
      2.8580         1.00
      2.8590         1.00
      2.8600         1.00
      2.8610         1.00
      2.8620         1.00
      2.8630         1.00
      2.8640         1.00
      2.8650         1.00
      2.8660         1.00
      2.8670         1.00
      2.8680         1.00
      2.8690         1.00
      2.8700         1.00
      2.8710         1.00
      2.8720         1.00
      2.8730         1.00
      2.8740         1.00
      2.8750         1.00
      2.8760         1.00
      2.8770         1.00
      2.8780         1.00
      2.8790         1.00
      2.8800         1.00
      2.8810         1.00
      2.8820         1.00
      2.8830         1.00
      2.8840         1.00
      2.8850         1.00
      2.8860         1.00
      2.8870         1.00
      2.8880         1.00
      2.8890         1.00
      2.8900         1.00
      2.8910         1.00
      2.8920         1.00
      2.8930         1.00
      2.8940         1.00
      2.8950         1.00
      2.8960         1.00
      2.8970         1.00
      2.8980         1.00
      2.8990         1.00
      2.9000         1.00
      2.9010         1.00
      2.9020         1.00
      2.9030         1.00
      2.9040         1.00
      2.9050         1.00
      2.9060         1.00
      2.9070         1.00
      2.9080         1.00
      2.9090         1.00
      2.9100         1.00
      2.9110         1.00
      2.9120         1.00
      2.9130         1.00
      2.9140         1.00
      2.9150         1.00
      2.9160         1.00
      2.9170         1.00
      2.9180         1.00
      2.9190         1.00
      2.9200         1.00
      2.9210         1.00
      2.9220         1.00
      2.9230         1.00
      2.9240         1.00
      2.9250         1.00
      2.9260         1.00
      2.9270         1.00
      2.9280         1.00
      2.9290         1.00
      2.9300         1.00
      2.9310         1.00
      2.9320         1.00
      2.9330         1.00
      2.9340         1.00
      2.9350         1.00
      2.9360         1.00
      2.9370         1.00
      2.9380         1.00
      2.9390         1.00
      2.9400         1.00
      2.9410         1.00
      2.9420         1.00
      2.9430         1.00
      2.9440         1.00
      2.9450         1.00
      2.9460         1.00
      2.9470         1.00
      2.9480         1.00
      2.9490         1.00
      2.9500         1.00
      2.9510         1.00
      2.9520         1.00
      2.9530         1.00
      2.9540         1.00
      2.9550         1.00
      2.9560         1.00
      2.9570         1.00
      2.9580         1.00
      2.9590         1.00
      2.9600         1.00
      2.9610         1.00
      2.9620         1.00
      2.9630         1.00
      2.9640         1.00
      2.9650         1.00
      2.9660         1.00
      2.9670         1.00
      2.9680         1.00
      2.9690         1.00
      2.9700         1.00
      2.9710         1.00
      2.9720         1.00
      2.9730         1.00
      2.9740         1.00
      2.9750         1.00
      2.9760         1.00
      2.9770         1.00
      2.9780         1.00
      2.9790         1.00
      2.9800         1.00
      2.9810         1.00
      2.9820         1.00
      2.9830         1.00
      2.9840         1.00
      2.9850         1.00
      2.9860         1.00
      2.9870         1.00
      2.9880         1.00
      2.9890         1.00
      2.9900         1.00
      2.9910         1.00
      2.9920         1.00
      2.9930         1.00
      2.9940         1.00
      2.9950         1.00
      2.9960         1.00
      2.9970         1.00
      2.9980         1.00
      2.9990         1.00
