        Time   Palpation Force
      0.0000         1.00
      0.0010         1.00
      0.0020         1.00
      0.0030         1.00
      0.0040         1.00
      0.0050         1.00
      0.0060         1.00
      0.0070         1.00
      0.0080         1.13
      0.0090         1.10
      0.0100         1.21
      0.0110         1.23
      0.0120         1.83
      0.0130         1.95
      0.0140         2.58
      0.0150         2.72
      0.0160         2.88
      0.0170         3.17
      0.0180         3.37
      0.0190         3.64
      0.0200         3.52
      0.0210         3.59
      0.0220         3.72
      0.0230         3.67
      0.0240         3.68
      0.0250         3.82
      0.0260         3.80
      0.0270         3.69
      0.0280         3.68
      0.0290         3.79
      0.0300         3.64
      0.0310         3.81
      0.0320         3.77
      0.0330         3.64
      0.0340         3.50
      0.0350         3.49
      0.0360         3.42
      0.0370         3.32
      0.0380         3.21
      0.0390         3.08
      0.0400         2.94
      0.0410         2.81
      0.0420         2.49
      0.0430         2.50
      0.0440         2.39
      0.0450         1.24
      0.0460         1.75
      0.0470         1.68
      0.0480         1.12
      0.0490         1.12
      0.0500         1.00
      0.0510         1.00
      0.0520         1.00
      0.0530         1.00
      0.0540         1.00
      0.0550         1.00
      0.0560         1.00
      0.0570         1.00
      0.0580         1.00
      0.0590         1.00
      0.0600         1.00
      0.0610         1.02
      0.0620         1.00
      0.0630         1.00
      0.0640         1.00
      0.0650         1.00
      0.0660         1.08
      0.0670         1.00
      0.0680         1.02
      0.0690         1.00
      0.0700         1.00
      0.0710         1.09
      0.0720         1.58
      0.0730         1.03
      0.0740         1.11
      0.0750         1.00
      0.0760         1.00
      0.0770         1.00
      0.0780         1.00
      0.0790         1.00
      0.0800         1.00
      0.0810         1.00
      0.0820         1.00
      0.0830         1.00
      0.0840         1.00
      0.0850         1.00
      0.0860         1.00
      0.0870         1.00
      0.0880         1.00
      0.0890         1.00
      0.0900         1.00
      0.0910         1.00
      0.0920         1.00
      0.0930         1.00
      0.0940         1.00
      0.0950         1.00
      0.0960         1.00
      0.0970         1.00
      0.0980         1.00
      0.0990         1.00
      0.1000         1.00
      0.1010         1.00
      0.1020         1.00
      0.1030         1.00
      0.1040         1.00
      0.1050         1.19
      0.1060         1.00
      0.1070         1.00
      0.1080         1.00
      0.1090         1.00
      0.1100         1.00
      0.1110         1.00
      0.1120         1.00
      0.1130         1.00
      0.1140         1.00
      0.1150         1.00
      0.1160         1.00
      0.1170         1.00
      0.1180         1.00
      0.1190         1.00
      0.1200         1.00
      0.1210         1.00
      0.1220         1.00
      0.1230         1.00
      0.1240         1.00
      0.1250         1.00
      0.1260         1.00
      0.1270         1.00
      0.1280         1.00
      0.1290         1.00
      0.1300         1.00
      0.1310         1.00
      0.1320         1.00
      0.1330         1.00
      0.1340         1.00
      0.1350         1.00
      0.1360         1.00
      0.1370         1.00
      0.1380         1.00
      0.1390         1.00
      0.1400         1.00
      0.1410         1.00
      0.1420         1.00
      0.1430         1.00
      0.1440         1.00
      0.1450         1.00
      0.1460         1.00
      0.1470         1.00
      0.1480         1.00
      0.1490         1.00
      0.1500         1.00
      0.1510         1.00
      0.1520         1.00
      0.1530         1.00
      0.1540         1.39
      0.1550         1.00
      0.1560         1.42
      0.1570         1.41
      0.1580         1.30
      0.1590         1.26
      0.1600         1.31
      0.1610         1.30
      0.1620         1.00
      0.1630         1.00
      0.1640         1.00
      0.1650         1.00
      0.1660         1.00
      0.1670         1.00
      0.1680         1.00
      0.1690         1.00
      0.1700         1.00
      0.1710         1.00
      0.1720         1.00
      0.1730         1.00
      0.1740         1.00
      0.1750         1.00
      0.1760         1.00
      0.1770         1.00
      0.1780         1.00
      0.1790         1.00
      0.1800         1.00
      0.1810         1.00
      0.1820         1.00
      0.1830         1.14
      0.1840         1.15
      0.1850         1.20
      0.1860         1.00
      0.1870         1.26
      0.1880         1.35
      0.1890         1.90
      0.1900         1.49
      0.1910         2.10
      0.1920         1.58
      0.1930         2.14
      0.1940         1.73
      0.1950         1.70
      0.1960         1.65
      0.1970         1.81
      0.1980         1.86
      0.1990         1.82
      0.2000         1.88
      0.2010         1.85
      0.2020         1.80
      0.2030         1.58
      0.2040         1.57
      0.2050         1.48
      0.2060         1.46
      0.2070         1.98
      0.2080         1.89
      0.2090         1.91
      0.2100         1.78
      0.2110         1.76
      0.2120         1.80
      0.2130         2.32
      0.2140         1.75
      0.2150         2.60
      0.2160         2.69
      0.2170         2.79
      0.2180         2.75
      0.2190         2.87
      0.2200         2.81
      0.2210         2.83
      0.2220         2.92
      0.2230         3.09
      0.2240         3.14
      0.2250         3.29
      0.2260         3.29
      0.2270         3.36
      0.2280         3.45
      0.2290         3.52
      0.2300         3.56
      0.2310         3.71
      0.2320         3.82
      0.2330         3.94
      0.2340         4.03
      0.2350         3.86
      0.2360         3.87
      0.2370         3.88
      0.2380         3.88
      0.2390         3.80
      0.2400         3.93
      0.2410         4.03
      0.2420         4.02
      0.2430         4.06
      0.2440         4.12
      0.2450         4.10
      0.2460         4.06
      0.2470         4.04
      0.2480         4.06
      0.2490         3.94
      0.2500         3.91
      0.2510         3.95
      0.2520         3.87
      0.2530         3.76
      0.2540         3.69
      0.2550         3.69
      0.2560         3.17
      0.2570         3.59
      0.2580         3.61
      0.2590         3.10
      0.2600         3.06
      0.2610         3.06
      0.2620         3.04
      0.2630         3.04
      0.2640         3.07
      0.2650         3.10
      0.2660         3.66
      0.2670         3.67
      0.2680         3.70
      0.2690         3.89
      0.2700         4.02
      0.2710         4.00
      0.2720         4.05
      0.2730         4.10
      0.2740         4.26
      0.2750         4.23
      0.2760         4.46
      0.2770         4.55
      0.2780         4.69
      0.2790         4.77
      0.2800         4.93
      0.2810         4.93
      0.2820         4.93
      0.2830         4.99
      0.2840         4.84
      0.2850         4.69
      0.2860         4.71
      0.2870         4.73
      0.2880         4.72
      0.2890         4.63
      0.2900         4.55
      0.2910         4.46
      0.2920         4.51
      0.2930         4.52
      0.2940         4.51
      0.2950         4.62
      0.2960         4.58
      0.2970         4.40
      0.2980         4.20
      0.2990         4.28
      0.3000         4.24
      0.3010         4.36
      0.3020         4.40
      0.3030         4.48
      0.3040         4.62
      0.3050         4.86
      0.3060         4.86
      0.3070         5.01
      0.3080         5.04
      0.3090         5.16
      0.3100         5.22
      0.3110         5.35
      0.3120         5.47
      0.3130         5.54
      0.3140         5.60
      0.3150         5.56
      0.3160         5.62
      0.3170         5.77
      0.3180         5.87
      0.3190         5.94
      0.3200         6.09
      0.3210         6.06
      0.3220         6.10
      0.3230         5.95
      0.3240         6.04
      0.3250         6.00
      0.3260         5.95
      0.3270         5.91
      0.3280         5.87
      0.3290         6.09
      0.3300         6.09
      0.3310         6.14
      0.3320         5.98
      0.3330         6.02
      0.3340         5.86
      0.3350         5.83
      0.3360         5.94
      0.3370         6.06
      0.3380         6.23
      0.3390         6.17
      0.3400         6.14
      0.3410         6.09
      0.3420         6.24
      0.3430         6.41
      0.3440         6.40
      0.3450         6.47
      0.3460         6.49
      0.3470         6.49
      0.3480         6.80
      0.3490         6.67
      0.3500         6.73
      0.3510         6.82
      0.3520         7.01
      0.3530         7.22
      0.3540         7.39
      0.3550         7.69
      0.3560         7.59
      0.3570         7.53
      0.3580         7.59
      0.3590         7.71
      0.3600         7.75
      0.3610         7.85
      0.3620         7.61
      0.3630         7.59
      0.3640         7.59
      0.3650         7.76
      0.3660         7.83
      0.3670         7.74
      0.3680         7.60
      0.3690         7.67
      0.3700         7.74
      0.3710         7.67
      0.3720         7.60
      0.3730         7.54
      0.3740         7.54
      0.3750         7.44
      0.3760         7.42
      0.3770         7.32
      0.3780         7.30
      0.3790         7.26
      0.3800         7.36
      0.3810         7.43
      0.3820         7.49
      0.3830         7.59
      0.3840         7.51
      0.3850         7.41
      0.3860         7.41
      0.3870         7.52
      0.3880         7.52
      0.3890         7.45
      0.3900         7.49
      0.3910         7.51
      0.3920         7.60
      0.3930         7.57
      0.3940         7.61
      0.3950         7.61
      0.3960         7.76
      0.3970         8.01
      0.3980         8.07
      0.3990         8.19
      0.4000         8.23
      0.4010         8.09
      0.4020         8.18
      0.4030         8.16
      0.4040         8.31
      0.4050         8.34
      0.4060         8.44
      0.4070         8.49
      0.4080         8.46
      0.4090         8.49
      0.4100         8.59
      0.4110         8.48
      0.4120         8.48
      0.4130         8.55
      0.4140         8.64
      0.4150         8.54
      0.4160         8.39
      0.4170         8.27
      0.4180         8.17
      0.4190         8.12
      0.4200         7.92
      0.4210         8.00
      0.4220         8.10
      0.4230         8.10
      0.4240         8.14
      0.4250         8.18
      0.4260         8.15
      0.4270         8.19
      0.4280         8.34
      0.4290         8.31
      0.4300         8.18
      0.4310         8.32
      0.4320         8.29
      0.4330         8.28
      0.4340         8.36
      0.4350         8.60
      0.4360         8.74
      0.4370         8.82
      0.4380         8.94
      0.4390         8.99
      0.4400         9.15
      0.4410         9.33
      0.4420         9.41
      0.4430         9.43
      0.4440         9.40
      0.4450         9.32
      0.4460         9.36
      0.4470         9.32
      0.4480         9.30
      0.4490         9.43
      0.4500         9.37
      0.4510         9.37
      0.4520         9.42
      0.4530         9.39
      0.4540         9.35
      0.4550         9.19
      0.4560         9.24
      0.4570         9.29
      0.4580         9.13
      0.4590         8.97
      0.4600         8.93
      0.4610         8.87
      0.4620         8.92
      0.4630         8.86
      0.4640         8.74
      0.4650         8.95
      0.4660         9.09
      0.4670         9.11
      0.4680         8.98
      0.4690         8.83
      0.4700         9.00
      0.4710         9.14
      0.4720         9.24
      0.4730         9.30
      0.4740         9.27
      0.4750         9.32
      0.4760         9.18
      0.4770         9.17
      0.4780         9.44
      0.4790         9.64
      0.4800         9.64
      0.4810         9.56
      0.4820         9.40
      0.4830         9.53
      0.4840         9.63
      0.4850         9.52
      0.4860         9.45
      0.4870         9.56
      0.4880         9.68
      0.4890         9.75
      0.4900         9.64
      0.4910         9.60
      0.4920         9.64
      0.4930         9.64
      0.4940         9.64
      0.4950         9.68
      0.4960         9.80
      0.4970         9.71
      0.4980         9.51
      0.4990         9.48
      0.5000         9.50
      0.5010         9.56
      0.5020         9.69
      0.5030         9.69
      0.5040         9.69
      0.5050         9.65
      0.5060         9.55
      0.5070         9.32
      0.5080         9.21
      0.5090         9.33
      0.5100         9.47
      0.5110         9.41
      0.5120         9.48
      0.5130         9.57
      0.5140         9.68
      0.5150         9.61
      0.5160         9.57
      0.5170         9.64
      0.5180         9.78
      0.5190         9.72
      0.5200         9.71
      0.5210         9.71
      0.5220         9.67
      0.5230         9.55
      0.5240         9.58
      0.5250         9.60
      0.5260         9.66
      0.5270         9.76
      0.5280         9.94
      0.5290         9.79
      0.5300         9.74
      0.5310         9.63
      0.5320         9.47
      0.5330         9.36
      0.5340         9.19
      0.5350         9.16
      0.5360         9.05
      0.5370         8.99
      0.5380         8.80
      0.5390         8.93
      0.5400         8.96
      0.5410         8.93
      0.5420         8.88
      0.5430         9.01
      0.5440         8.98
      0.5450         8.98
      0.5460         9.00
      0.5470         9.04
      0.5480         8.96
      0.5490         9.08
      0.5500         9.08
      0.5510         9.29
      0.5520         9.21
      0.5530         9.25
      0.5540         9.17
      0.5550         9.36
      0.5560         9.52
      0.5570         9.59
      0.5580         9.73
      0.5590         9.71
      0.5600         9.67
      0.5610         9.81
      0.5620         9.88
      0.5630         9.83
      0.5640        10.00
      0.5650         9.97
      0.5660        10.07
      0.5670        10.03
      0.5680        10.22
      0.5690        10.16
      0.5700        10.21
      0.5710        10.01
      0.5720        10.06
      0.5730         9.91
      0.5740        10.14
      0.5750         9.90
      0.5760         9.87
      0.5770         9.79
      0.5780         9.67
      0.5790         9.63
      0.5800         9.56
      0.5810         9.52
      0.5820         9.43
      0.5830         9.40
      0.5840         9.24
      0.5850         9.14
      0.5860         9.04
      0.5870         9.06
      0.5880         8.90
      0.5890         8.87
      0.5900         8.70
      0.5910         8.71
      0.5920         8.79
      0.5930         8.81
      0.5940         8.75
      0.5950         8.87
      0.5960         8.94
      0.5970         8.98
      0.5980         9.24
      0.5990         9.20
      0.6000         9.39
      0.6010         9.35
      0.6020         9.33
      0.6030         9.43
      0.6040         9.59
      0.6050         9.69
      0.6060         9.63
      0.6070         9.68
      0.6080         9.79
      0.6090         9.86
      0.6100        10.08
      0.6110        10.12
      0.6120        10.03
      0.6130        10.21
      0.6140        10.04
      0.6150        10.03
      0.6160         9.97
      0.6170        10.05
      0.6180         9.81
      0.6190         9.90
      0.6200         9.82
      0.6210         9.75
      0.6220         9.93
      0.6230         9.77
      0.6240         9.59
      0.6250         9.51
      0.6260         9.57
      0.6270         9.51
      0.6280         9.39
      0.6290         9.50
      0.6300         9.49
      0.6310         9.50
      0.6320         9.65
      0.6330         9.54
      0.6340         9.71
      0.6350         9.81
      0.6360         9.85
      0.6370         9.81
      0.6380         9.98
      0.6390        10.01
      0.6400        10.11
      0.6410        10.23
      0.6420        10.09
      0.6430        10.20
      0.6440        10.30
      0.6450        10.31
      0.6460        10.40
      0.6470        10.35
      0.6480        10.40
      0.6490        10.27
      0.6500        10.24
      0.6510        10.24
      0.6520        10.20
      0.6530        10.36
      0.6540        10.39
      0.6550        10.34
      0.6560        10.24
      0.6570        10.29
      0.6580        10.27
      0.6590        10.16
      0.6600        10.08
      0.6610         9.97
      0.6620        10.01
      0.6630        10.03
      0.6640        10.02
      0.6650        10.19
      0.6660        10.20
      0.6670        10.17
      0.6680        10.01
      0.6690        10.09
      0.6700        10.11
      0.6710        10.13
      0.6720        10.09
      0.6730        10.12
      0.6740        10.17
      0.6750        10.37
      0.6760        10.42
      0.6770        10.42
      0.6780        10.52
      0.6790        10.78
      0.6800        10.90
      0.6810        11.11
      0.6820        11.26
      0.6830        11.42
      0.6840        11.48
      0.6850        11.57
      0.6860        11.59
      0.6870        11.82
      0.6880        12.09
      0.6890        12.22
      0.6900        12.34
      0.6910        12.44
      0.6920        12.47
      0.6930        12.54
      0.6940        12.47
      0.6950        12.40
      0.6960        12.46
      0.6970        12.50
      0.6980        12.51
      0.6990        12.40
      0.7000        12.32
      0.7010        12.30
      0.7020        12.26
      0.7030        12.30
      0.7040        12.22
      0.7050        12.28
      0.7060        12.24
      0.7070        12.07
      0.7080        11.98
      0.7090        11.91
      0.7100        11.83
      0.7110        11.84
      0.7120        11.91
      0.7130        11.92
      0.7140        12.18
      0.7150        12.10
      0.7160        12.16
      0.7170        12.24
      0.7180        12.23
      0.7190        12.24
      0.7200        12.50
      0.7210        12.62
      0.7220        12.72
      0.7230        12.78
      0.7240        13.07
      0.7250        13.22
      0.7260        13.40
      0.7270        13.78
      0.7280        13.87
      0.7290        14.06
      0.7300        14.25
      0.7310        14.29
      0.7320        14.52
      0.7330        14.58
      0.7340        14.56
      0.7350        14.73
      0.7360        14.71
      0.7370        14.84
      0.7380        14.97
      0.7390        15.16
      0.7400        15.15
      0.7410        15.16
      0.7420        15.12
      0.7430        15.21
      0.7440        15.14
      0.7450        15.02
      0.7460        14.97
      0.7470        14.75
      0.7480        14.93
      0.7490        14.94
      0.7500        14.81
      0.7510        14.93
      0.7520        14.94
      0.7530        14.97
      0.7540        14.97
      0.7550        15.17
      0.7560        15.50
      0.7570        15.42
      0.7580        15.52
      0.7590        15.61
      0.7600        15.61
      0.7610        15.58
      0.7620        15.92
      0.7630        16.03
      0.7640        16.09
      0.7650        16.32
      0.7660        16.51
      0.7670        16.87
      0.7680        16.88
      0.7690        16.98
      0.7700        17.25
      0.7710        17.37
      0.7720        17.37
      0.7730        17.34
      0.7740        17.44
      0.7750        17.48
      0.7760        17.46
      0.7770        17.68
      0.7780        17.63
      0.7790        17.65
      0.7800        17.81
      0.7810        17.84
      0.7820        17.76
      0.7830        17.71
      0.7840        17.84
      0.7850        17.87
      0.7860        17.91
      0.7870        17.77
      0.7880        17.85
      0.7890        17.94
      0.7900        18.00
      0.7910        18.14
      0.7920        18.30
      0.7930        18.50
      0.7940        18.61
      0.7950        18.66
      0.7960        18.74
      0.7970        18.77
      0.7980        18.95
      0.7990        18.98
      0.8000        19.06
      0.8010        19.14
      0.8020        19.18
      0.8030        19.29
      0.8040        19.41
      0.8050        19.61
      0.8060        19.81
      0.8070        20.04
      0.8080        20.27
      0.8090        20.47
      0.8100        20.62
      0.8110        20.67
      0.8120        20.77
      0.8130        20.97
      0.8140        21.06
      0.8150        21.08
      0.8160        21.21
      0.8170        21.24
      0.8180        21.36
      0.8190        21.50
      0.8200        21.54
      0.8210        21.78
      0.8220        21.92
      0.8230        22.03
      0.8240        22.14
      0.8250        22.08
      0.8260        21.94
      0.8270        21.94
      0.8280        21.95
      0.8290        21.88
      0.8300        22.09
      0.8310        22.15
      0.8320        22.16
      0.8330        22.30
      0.8340        22.49
      0.8350        22.75
      0.8360        22.85
      0.8370        23.05
      0.8380        23.15
      0.8390        23.15
      0.8400        23.26
      0.8410        23.53
      0.8420        23.76
      0.8430        23.93
      0.8440        24.07
      0.8450        24.20
      0.8460        24.57
      0.8470        24.76
      0.8480        24.99
      0.8490        25.19
      0.8500        25.15
      0.8510        25.37
      0.8520        25.62
      0.8530        25.70
      0.8540        25.90
      0.8550        25.85
      0.8560        25.94
      0.8570        26.11
      0.8580        26.29
      0.8590        26.50
      0.8600        26.73
      0.8610        26.80
      0.8620        26.84
      0.8630        26.86
      0.8640        27.01
      0.8650        27.13
      0.8660        27.27
      0.8670        27.25
      0.8680        27.25
      0.8690        27.31
      0.8700        27.32
      0.8710        27.25
      0.8720        27.04
      0.8730        26.96
      0.8740        26.86
      0.8750        27.03
      0.8760        27.16
      0.8770        27.22
      0.8780        27.19
      0.8790        27.29
      0.8800        27.23
      0.8810        27.14
      0.8820        27.20
      0.8830        27.31
      0.8840        27.32
      0.8850        27.46
      0.8860        27.40
      0.8870        27.43
      0.8880        27.47
      0.8890        27.34
      0.8900        27.36
      0.8910        27.50
      0.8920        27.79
      0.8930        27.87
      0.8940        27.86
      0.8950        27.82
      0.8960        27.76
      0.8970        27.59
      0.8980        27.65
      0.8990        27.64
      0.9000        27.80
      0.9010        27.93
      0.9020        27.92
      0.9030        28.05
      0.9040        27.99
      0.9050        28.04
      0.9060        28.07
      0.9070        28.16
      0.9080        28.19
      0.9090        28.53
      0.9100        28.67
      0.9110        28.71
      0.9120        28.66
      0.9130        28.65
      0.9140        28.76
      0.9150        28.90
      0.9160        28.98
      0.9170        29.25
      0.9180        29.21
      0.9190        29.28
      0.9200        29.26
      0.9210        29.28
      0.9220        29.28
      0.9230        29.26
      0.9240        29.49
      0.9250        29.37
      0.9260        29.40
      0.9270        29.61
      0.9280        29.72
      0.9290        29.72
      0.9300        29.83
      0.9310        29.91
      0.9320        30.12
      0.9330        30.40
      0.9340        30.52
      0.9350        30.62
      0.9360        30.62
      0.9370        30.65
      0.9380        30.83
      0.9390        30.89
      0.9400        31.09
      0.9410        31.12
      0.9420        31.29
      0.9430        31.36
      0.9440        31.34
      0.9450        31.40
      0.9460        31.51
      0.9470        31.45
      0.9480        31.49
      0.9490        31.43
      0.9500        31.37
      0.9510        31.39
      0.9520        31.29
      0.9530        31.04
      0.9540        30.99
      0.9550        31.15
      0.9560        31.17
      0.9570        31.13
      0.9580        31.07
      0.9590        31.08
      0.9600        31.09
      0.9610        31.09
      0.9620        31.09
      0.9630        31.02
      0.9640        30.98
      0.9650        31.25
      0.9660        31.32
      0.9670        31.35
      0.9680        31.24
      0.9690        31.40
      0.9700        31.48
      0.9710        31.64
      0.9720        31.75
      0.9730        31.96
      0.9740        32.11
      0.9750        32.15
      0.9760        32.23
      0.9770        32.49
      0.9780        32.65
      0.9790        32.79
      0.9800        32.84
      0.9810        33.04
      0.9820        33.27
      0.9830        33.37
      0.9840        33.38
      0.9850        33.26
      0.9860        33.16
      0.9870        33.12
      0.9880        33.23
      0.9890        33.12
      0.9900        33.24
      0.9910        33.17
      0.9920        33.23
      0.9930        33.12
      0.9940        33.12
      0.9950        32.85
      0.9960        32.91
      0.9970        32.81
      0.9980        32.65
      0.9990        32.56
      1.0000        32.26
      1.0010        32.22
      1.0020        32.10
      1.0030        32.23
      1.0040        32.38
      1.0050        32.34
      1.0060        32.49
      1.0070        32.69
      1.0080        32.91
      1.0090        33.05
      1.0100        32.97
      1.0110        33.08
      1.0120        33.08
      1.0130        33.25
      1.0140        33.43
      1.0150        33.59
      1.0160        33.71
      1.0170        33.76
      1.0180        33.92
      1.0190        34.06
      1.0200        34.37
      1.0210        34.38
      1.0220        34.45
      1.0230        34.33
      1.0240        34.45
      1.0250        34.57
      1.0260        34.60
      1.0270        34.52
      1.0280        34.32
      1.0290        34.29
      1.0300        34.22
      1.0310        34.09
      1.0320        34.13
      1.0330        34.21
      1.0340        34.05
      1.0350        34.05
      1.0360        33.85
      1.0370        33.62
      1.0380        33.65
      1.0390        33.53
      1.0400        33.54
      1.0410        33.56
      1.0420        33.38
      1.0430        33.38
      1.0440        33.37
      1.0450        33.38
      1.0460        33.37
      1.0470        33.43
      1.0480        33.60
      1.0490        33.54
      1.0500        33.71
      1.0510        33.79
      1.0520        33.69
      1.0530        33.54
      1.0540        33.58
      1.0550        33.71
      1.0560        33.86
      1.0570        34.10
      1.0580        34.01
      1.0590        34.10
      1.0600        34.05
      1.0610        34.13
      1.0620        34.26
      1.0630        34.37
      1.0640        34.35
      1.0650        34.35
      1.0660        34.39
      1.0670        34.34
      1.0680        34.29
      1.0690        34.32
      1.0700        34.31
      1.0710        34.22
      1.0720        34.24
      1.0730        34.18
      1.0740        34.08
      1.0750        33.90
      1.0760        33.93
      1.0770        33.74
      1.0780        33.64
      1.0790        33.64
      1.0800        33.60
      1.0810        33.52
      1.0820        33.42
      1.0830        33.32
      1.0840        33.21
      1.0850        33.21
      1.0860        33.16
      1.0870        33.22
      1.0880        33.22
      1.0890        33.29
      1.0900        33.33
      1.0910        33.52
      1.0920        33.68
      1.0930        33.80
      1.0940        33.92
      1.0950        33.89
      1.0960        33.93
      1.0970        34.27
      1.0980        34.48
      1.0990        34.52
      1.1000        34.54
      1.1010        34.67
      1.1020        34.79
      1.1030        34.98
      1.1040        35.14
      1.1050        35.27
      1.1060        35.27
      1.1070        35.35
      1.1080        35.45
      1.1090        35.45
      1.1100        35.35
      1.1110        35.18
      1.1120        35.03
      1.1130        34.99
      1.1140        34.94
      1.1150        35.03
      1.1160        35.04
      1.1170        34.80
      1.1180        34.51
      1.1190        34.56
      1.1200        34.57
      1.1210        34.54
      1.1220        34.53
      1.1230        34.42
      1.1240        34.45
      1.1250        34.14
      1.1260        34.17
      1.1270        34.13
      1.1280        34.02
      1.1290        33.95
      1.1300        33.99
      1.1310        34.16
      1.1320        34.13
      1.1330        34.10
      1.1340        34.29
      1.1350        34.29
      1.1360        34.24
      1.1370        34.35
      1.1380        34.73
      1.1390        34.68
      1.1400        34.68
      1.1410        34.48
      1.1420        34.33
      1.1430        34.12
      1.1440        34.07
      1.1450        34.33
      1.1460        34.46
      1.1470        34.36
      1.1480        34.32
      1.1490        34.38
      1.1500        34.33
      1.1510        34.27
      1.1520        34.20
      1.1530        34.19
      1.1540        33.97
      1.1550        33.93
      1.1560        33.82
      1.1570        33.72
      1.1580        33.49
      1.1590        33.43
      1.1600        33.30
      1.1610        33.28
      1.1620        33.28
      1.1630        33.27
      1.1640        33.14
      1.1650        33.05
      1.1660        32.87
      1.1670        32.70
      1.1680        32.78
      1.1690        32.62
      1.1700        32.57
      1.1710        32.50
      1.1720        32.61
      1.1730        32.52
      1.1740        32.65
      1.1750        32.67
      1.1760        32.86
      1.1770        32.86
      1.1780        32.94
      1.1790        32.94
      1.1800        33.18
      1.1810        33.12
      1.1820        33.27
      1.1830        33.42
      1.1840        33.30
      1.1850        33.29
      1.1860        33.31
      1.1870        33.33
      1.1880        33.34
      1.1890        33.55
      1.1900        33.66
      1.1910        33.82
      1.1920        33.79
      1.1930        33.91
      1.1940        33.81
      1.1950        33.88
      1.1960        33.72
      1.1970        33.73
      1.1980        33.73
      1.1990        33.62
      1.2000        33.42
      1.2010        33.53
      1.2020        33.49
      1.2030        33.45
      1.2040        33.54
      1.2050        33.45
      1.2060        33.32
      1.2070        33.48
      1.2080        33.36
      1.2090        33.23
      1.2100        33.14
      1.2110        32.97
      1.2120        33.00
      1.2130        32.93
      1.2140        33.09
      1.2150        32.97
      1.2160        32.97
      1.2170        32.99
      1.2180        33.00
      1.2190        32.91
      1.2200        33.08
      1.2210        33.16
      1.2220        33.03
      1.2230        33.06
      1.2240        33.09
      1.2250        33.21
      1.2260        33.26
      1.2270        33.26
      1.2280        33.31
      1.2290        33.21
      1.2300        33.29
      1.2310        33.29
      1.2320        33.28
      1.2330        33.44
      1.2340        33.40
      1.2350        33.44
      1.2360        33.45
      1.2370        33.39
      1.2380        33.20
      1.2390        33.28
      1.2400        32.96
      1.2410        32.89
      1.2420        32.90
      1.2430        32.86
      1.2440        32.90
      1.2450        32.71
      1.2460        32.66
      1.2470        32.70
      1.2480        32.64
      1.2490        32.75
      1.2500        32.66
      1.2510        32.69
      1.2520        32.54
      1.2530        32.39
      1.2540        32.22
      1.2550        32.12
      1.2560        32.14
      1.2570        32.06
      1.2580        32.23
      1.2590        32.46
      1.2600        32.74
      1.2610        32.86
      1.2620        32.97
      1.2630        32.97
      1.2640        33.02
      1.2650        33.03
      1.2660        33.11
      1.2670        33.00
      1.2680        33.02
      1.2690        33.21
      1.2700        33.27
      1.2710        33.04
      1.2720        33.15
      1.2730        33.11
      1.2740        33.11
      1.2750        33.09
      1.2760        33.08
      1.2770        33.19
      1.2780        33.04
      1.2790        32.86
      1.2800        32.83
      1.2810        32.61
      1.2820        32.55
      1.2830        32.46
      1.2840        32.18
      1.2850        32.12
      1.2860        31.93
      1.2870        31.91
      1.2880        31.73
      1.2890        31.44
      1.2900        31.42
      1.2910        31.61
      1.2920        31.59
      1.2930        31.55
      1.2940        31.51
      1.2950        31.34
      1.2960        31.22
      1.2970        31.22
      1.2980        31.30
      1.2990        31.34
      1.3000        31.18
      1.3010        31.11
      1.3020        31.19
      1.3030        31.23
      1.3040        31.39
      1.3050        31.53
      1.3060        31.66
      1.3070        31.81
      1.3080        31.97
      1.3090        31.94
      1.3100        31.74
      1.3110        31.63
      1.3120        31.54
      1.3130        31.66
      1.3140        31.62
      1.3150        31.84
      1.3160        31.86
      1.3170        31.83
      1.3180        31.68
      1.3190        31.64
      1.3200        31.69
      1.3210        31.85
      1.3220        31.59
      1.3230        31.61
      1.3240        31.54
      1.3250        31.55
      1.3260        31.50
      1.3270        31.20
      1.3280        31.21
      1.3290        31.14
      1.3300        31.26
      1.3310        31.23
      1.3320        31.20
      1.3330        31.16
      1.3340        31.06
      1.3350        30.75
      1.3360        30.69
      1.3370        30.74
      1.3380        30.79
      1.3390        30.64
      1.3400        30.63
      1.3410        30.74
      1.3420        30.91
      1.3430        30.84
      1.3440        30.78
      1.3450        30.86
      1.3460        30.94
      1.3470        31.02
      1.3480        31.10
      1.3490        31.22
      1.3500        31.22
      1.3510        31.33
      1.3520        31.42
      1.3530        31.28
      1.3540        31.36
      1.3550        31.55
      1.3560        31.46
      1.3570        31.46
      1.3580        31.43
      1.3590        31.57
      1.3600        31.56
      1.3610        31.30
      1.3620        31.15
      1.3630        31.14
      1.3640        31.02
      1.3650        30.81
      1.3660        30.69
      1.3670        30.65
      1.3680        30.52
      1.3690        30.31
      1.3700        30.09
      1.3710        30.09
      1.3720        30.16
      1.3730        30.03
      1.3740        29.98
      1.3750        29.93
      1.3760        29.97
      1.3770        29.79
      1.3780        29.73
      1.3790        29.56
      1.3800        29.41
      1.3810        29.37
      1.3820        29.51
      1.3830        29.67
      1.3840        29.71
      1.3850        29.73
      1.3860        29.65
      1.3870        29.71
      1.3880        29.62
      1.3890        29.82
      1.3900        29.93
      1.3910        29.75
      1.3920        29.64
      1.3930        29.80
      1.3940        29.76
      1.3950        29.87
      1.3960        29.88
      1.3970        29.76
      1.3980        29.90
      1.3990        29.88
      1.4000        29.84
      1.4010        29.83
      1.4020        29.73
      1.4030        29.61
      1.4040        29.54
      1.4050        29.45
      1.4060        29.46
      1.4070        29.30
      1.4080        29.15
      1.4090        29.05
      1.4100        28.97
      1.4110        28.93
      1.4120        28.76
      1.4130        28.60
      1.4140        28.68
      1.4150        28.51
      1.4160        28.59
      1.4170        28.55
      1.4180        28.27
      1.4190        28.39
      1.4200        28.42
      1.4210        28.45
      1.4220        28.37
      1.4230        28.23
      1.4240        28.33
      1.4250        28.30
      1.4260        28.16
      1.4270        28.14
      1.4280        28.34
      1.4290        28.31
      1.4300        28.44
      1.4310        28.44
      1.4320        28.40
      1.4330        28.42
      1.4340        28.34
      1.4350        28.23
      1.4360        28.12
      1.4370        28.15
      1.4380        28.27
      1.4390        28.03
      1.4400        27.98
      1.4410        27.87
      1.4420        27.86
      1.4430        27.81
      1.4440        27.65
      1.4450        27.56
      1.4460        27.55
      1.4470        27.42
      1.4480        27.24
      1.4490        27.12
      1.4500        26.88
      1.4510        26.79
      1.4520        26.76
      1.4530        26.72
      1.4540        26.67
      1.4550        26.60
      1.4560        26.43
      1.4570        26.31
      1.4580        26.24
      1.4590        26.16
      1.4600        26.04
      1.4610        25.88
      1.4620        25.76
      1.4630        25.73
      1.4640        25.86
      1.4650        25.73
      1.4660        25.85
      1.4670        25.86
      1.4680        25.85
      1.4690        25.95
      1.4700        25.98
      1.4710        25.95
      1.4720        26.06
      1.4730        25.96
      1.4740        25.86
      1.4750        25.92
      1.4760        26.07
      1.4770        26.19
      1.4780        26.12
      1.4790        26.22
      1.4800        26.18
      1.4810        26.11
      1.4820        26.08
      1.4830        26.04
      1.4840        25.86
      1.4850        25.87
      1.4860        25.77
      1.4870        25.86
      1.4880        25.75
      1.4890        25.51
      1.4900        25.43
      1.4910        25.27
      1.4920        25.04
      1.4930        24.99
      1.4940        25.07
      1.4950        24.98
      1.4960        24.65
      1.4970        24.52
      1.4980        24.49
      1.4990        24.32
      1.5000        24.24
      1.5010        24.31
      1.5020        24.24
      1.5030        24.06
      1.5040        24.09
      1.5050        23.93
      1.5060        23.84
      1.5070        23.79
      1.5080        23.70
      1.5090        23.64
      1.5100        23.75
      1.5110        23.77
      1.5120        23.71
      1.5130        23.72
      1.5140        23.53
      1.5150        23.59
      1.5160        23.69
      1.5170        23.58
      1.5180        23.41
      1.5190        23.36
      1.5200        23.29
      1.5210        23.24
      1.5220        23.09
      1.5230        23.17
      1.5240        22.97
      1.5250        23.10
      1.5260        23.02
      1.5270        22.70
      1.5280        22.75
      1.5290        22.61
      1.5300        22.34
      1.5310        22.22
      1.5320        22.23
      1.5330        22.15
      1.5340        21.96
      1.5350        21.75
      1.5360        21.59
      1.5370        21.47
      1.5380        21.32
      1.5390        21.31
      1.5400        21.20
      1.5410        21.09
      1.5420        20.98
      1.5430        20.56
      1.5440        20.48
      1.5450        20.32
      1.5460        20.21
      1.5470        20.34
      1.5480        20.17
      1.5490        20.25
      1.5500        20.28
      1.5510        20.24
      1.5520        20.21
      1.5530        20.01
      1.5540        20.04
      1.5550        19.92
      1.5560        19.85
      1.5570        19.96
      1.5580        20.00
      1.5590        20.04
      1.5600        20.06
      1.5610        19.97
      1.5620        19.94
      1.5630        20.22
      1.5640        20.10
      1.5650        19.97
      1.5660        19.80
      1.5670        19.62
      1.5680        19.53
      1.5690        19.35
      1.5700        19.13
      1.5710        18.92
      1.5720        18.64
      1.5730        18.68
      1.5740        18.57
      1.5750        18.62
      1.5760        18.52
      1.5770        18.36
      1.5780        18.22
      1.5790        17.92
      1.5800        17.74
      1.5810        17.67
      1.5820        17.57
      1.5830        17.39
      1.5840        17.43
      1.5850        17.33
      1.5860        17.37
      1.5870        17.21
      1.5880        17.12
      1.5890        17.07
      1.5900        17.03
      1.5910        17.18
      1.5920        17.34
      1.5930        17.20
      1.5940        17.03
      1.5950        16.87
      1.5960        16.85
      1.5970        16.62
      1.5980        16.52
      1.5990        16.59
      1.6000        16.59
      1.6010        16.52
      1.6020        16.42
      1.6030        16.33
      1.6040        16.21
      1.6050        16.17
      1.6060        15.97
      1.6070        16.06
      1.6080        15.90
      1.6090        15.85
      1.6100        15.73
      1.6110        15.49
      1.6120        15.08
      1.6130        15.03
      1.6140        15.19
      1.6150        15.05
      1.6160        14.85
      1.6170        14.82
      1.6180        14.78
      1.6190        14.70
      1.6200        14.54
      1.6210        14.45
      1.6220        14.38
      1.6230        14.28
      1.6240        14.15
      1.6250        14.02
      1.6260        14.03
      1.6270        13.88
      1.6280        13.87
      1.6290        13.71
      1.6300        13.80
      1.6310        13.76
      1.6320        13.84
      1.6330        13.67
      1.6340        13.40
      1.6350        13.45
      1.6360        13.49
      1.6370        13.38
      1.6380        13.43
      1.6390        13.28
      1.6400        13.37
      1.6410        13.27
      1.6420        13.30
      1.6430        13.13
      1.6440        13.07
      1.6450        13.06
      1.6460        12.75
      1.6470        12.66
      1.6480        12.67
      1.6490        12.67
      1.6500        12.52
      1.6510        12.26
      1.6520        12.16
      1.6530        12.16
      1.6540        12.13
      1.6550        11.88
      1.6560        11.80
      1.6570        11.79
      1.6580        11.62
      1.6590        11.46
      1.6600        11.14
      1.6610        11.05
      1.6620        10.82
      1.6630        10.84
      1.6640        10.80
      1.6650        10.69
      1.6660        10.66
      1.6670        10.57
      1.6680        10.40
      1.6690        10.29
      1.6700        10.20
      1.6710        10.41
      1.6720        10.33
      1.6730        10.25
      1.6740        10.12
      1.6750        10.16
      1.6760        10.17
      1.6770         9.97
      1.6780         9.85
      1.6790         9.94
      1.6800         9.98
      1.6810         9.75
      1.6820         9.69
      1.6830         9.69
      1.6840         9.46
      1.6850         9.46
      1.6860         9.51
      1.6870         9.45
      1.6880         9.28
      1.6890         9.22
      1.6900         9.07
      1.6910         8.84
      1.6920         8.69
      1.6930         8.49
      1.6940         8.45
      1.6950         8.14
      1.6960         7.89
      1.6970         7.91
      1.6980         7.78
      1.6990         7.50
      1.7000         7.37
      1.7010         7.37
      1.7020         7.43
      1.7030         7.24
      1.7040         7.12
      1.7050         6.92
      1.7060         6.88
      1.7070         6.63
      1.7080         6.59
      1.7090         6.51
      1.7100         6.46
      1.7110         6.50
      1.7120         6.39
      1.7130         6.43
      1.7140         6.23
      1.7150         6.25
      1.7160         6.25
      1.7170         6.21
      1.7180         6.19
      1.7190         6.13
      1.7200         6.16
      1.7210         6.10
      1.7220         6.00
      1.7230         5.98
      1.7240         5.98
      1.7250         6.05
      1.7260         5.82
      1.7270         5.89
      1.7280         5.93
      1.7290         5.78
      1.7300         5.67
      1.7310         5.55
      1.7320         5.63
      1.7330         5.55
      1.7340         5.51
      1.7350         5.50
      1.7360         5.35
      1.7370         5.18
      1.7380         5.05
      1.7390         4.98
      1.7400         4.79
      1.7410         4.70
      1.7420         4.50
      1.7430         4.42
      1.7440         4.28
      1.7450         4.06
      1.7460         4.10
      1.7470         4.14
      1.7480         4.04
      1.7490         3.96
      1.7500         3.81
      1.7510         3.80
      1.7520         3.66
      1.7530         3.54
      1.7540         3.66
      1.7550         3.66
      1.7560         3.75
      1.7570         3.65
      1.7580         3.68
      1.7590         3.58
      1.7600         3.61
      1.7610         3.58
      1.7620         3.54
      1.7630         3.39
      1.7640         3.35
      1.7650         3.31
      1.7660         3.30
      1.7670         2.59
      1.7680         2.46
      1.7690         2.38
      1.7700         2.87
      1.7710         2.23
      1.7720         2.27
      1.7730         2.14
      1.7740         2.03
      1.7750         1.94
      1.7760         1.22
      1.7770         1.28
      1.7780         1.24
      1.7790         1.69
      1.7800         1.59
      1.7810         1.00
      1.7820         1.00
      1.7830         1.00
      1.7840         1.00
      1.7850         1.00
      1.7860         1.00
      1.7870         1.00
      1.7880         1.00
      1.7890         1.00
      1.7900         1.00
      1.7910         1.00
      1.7920         1.00
      1.7930         1.00
      1.7940         1.00
      1.7950         1.00
      1.7960         1.00
      1.7970         1.00
      1.7980         1.00
      1.7990         1.00
      1.8000         1.00
      1.8010         1.00
      1.8020         1.00
      1.8030         1.00
      1.8040         1.00
      1.8050         1.00
      1.8060         1.00
      1.8070         1.00
      1.8080         1.00
      1.8090         1.00
      1.8100         1.00
      1.8110         1.00
      1.8120         1.00
      1.8130         1.00
      1.8140         1.00
      1.8150         1.00
      1.8160         1.00
      1.8170         1.00
      1.8180         1.00
      1.8190         1.00
      1.8200         1.00
      1.8210         1.00
      1.8220         1.00
      1.8230         1.00
      1.8240         1.00
      1.8250         1.00
      1.8260         1.00
      1.8270         1.00
      1.8280         1.00
      1.8290         1.00
      1.8300         1.00
      1.8310         1.00
      1.8320         1.00
      1.8330         1.00
      1.8340         1.00
      1.8350         1.00
      1.8360         1.00
      1.8370         1.00
      1.8380         1.00
      1.8390         1.00
      1.8400         1.00
      1.8410         1.00
      1.8420         1.00
      1.8430         1.00
      1.8440         1.00
      1.8450         1.00
      1.8460         1.00
      1.8470         1.00
      1.8480         1.00
      1.8490         1.00
      1.8500         1.00
      1.8510         1.00
      1.8520         1.00
      1.8530         1.00
      1.8540         1.00
      1.8550         1.00
      1.8560         1.00
      1.8570         1.00
      1.8580         1.00
      1.8590         1.00
      1.8600         1.00
      1.8610         1.00
      1.8620         1.00
      1.8630         1.00
      1.8640         1.00
      1.8650         1.00
      1.8660         1.00
      1.8670         1.00
      1.8680         1.00
      1.8690         1.00
      1.8700         1.00
      1.8710         1.00
      1.8720         1.00
      1.8730         1.00
      1.8740         1.00
      1.8750         1.00
      1.8760         1.00
      1.8770         1.00
      1.8780         1.00
      1.8790         1.00
      1.8800         1.00
      1.8810         1.00
      1.8820         1.00
      1.8830         1.00
      1.8840         1.00
      1.8850         1.00
      1.8860         1.00
      1.8870         1.00
      1.8880         1.00
      1.8890         1.00
      1.8900         1.00
      1.8910         1.00
      1.8920         1.00
      1.8930         1.00
      1.8940         1.00
      1.8950         1.00
      1.8960         1.00
      1.8970         1.00
      1.8980         1.00
      1.8990         1.00
      1.9000         1.00
      1.9010         1.00
      1.9020         1.00
      1.9030         1.00
      1.9040         1.00
      1.9050         1.00
      1.9060         1.00
      1.9070         1.00
      1.9080         1.00
      1.9090         1.00
      1.9100         1.00
      1.9110         1.00
      1.9120         1.00
      1.9130         1.00
      1.9140         1.00
      1.9150         1.00
      1.9160         1.00
      1.9170         1.00
      1.9180         1.00
      1.9190         1.00
      1.9200         1.00
      1.9210         1.00
      1.9220         1.00
      1.9230         1.00
      1.9240         1.00
      1.9250         1.00
      1.9260         1.00
      1.9270         1.00
      1.9280         1.00
      1.9290         1.00
      1.9300         1.00
      1.9310         1.00
      1.9320         1.00
      1.9330         1.00
      1.9340         1.00
      1.9350         1.00
      1.9360         1.00
      1.9370         1.00
      1.9380         1.00
      1.9390         1.00
      1.9400         1.00
      1.9410         1.00
      1.9420         1.00
      1.9430         1.00
      1.9440         1.00
      1.9450         1.00
      1.9460         1.00
      1.9470         1.00
      1.9480         1.00
      1.9490         1.00
      1.9500         1.00
      1.9510         1.00
      1.9520         1.00
      1.9530         1.00
      1.9540         1.00
      1.9550         1.00
      1.9560         1.00
      1.9570         1.00
      1.9580         1.00
      1.9590         1.00
      1.9600         1.00
      1.9610         1.00
      1.9620         1.00
      1.9630         1.00
      1.9640         1.00
      1.9650         1.00
      1.9660         1.00
      1.9670         1.00
      1.9680         1.00
      1.9690         1.00
      1.9700         1.00
      1.9710         1.00
      1.9720         1.00
      1.9730         1.00
      1.9740         1.00
      1.9750         1.00
      1.9760         1.00
      1.9770         1.00
      1.9780         1.00
      1.9790         1.00
      1.9800         1.00
      1.9810         1.00
      1.9820         1.00
      1.9830         1.00
      1.9840         1.00
      1.9850         1.00
      1.9860         1.00
      1.9870         1.00
      1.9880         1.00
      1.9890         1.00
      1.9900         1.00
      1.9910         1.00
      1.9920         1.00
      1.9930         1.00
      1.9940         1.00
      1.9950         1.00
      1.9960         1.00
      1.9970         1.00
      1.9980         1.00
      1.9990         1.00
      2.0000         1.00
      2.0010         1.00
      2.0020         1.00
      2.0030         1.00
      2.0040         1.00
      2.0050         1.00
      2.0060         1.00
      2.0070         1.00
      2.0080         1.00
      2.0090         1.00
      2.0100         1.00
      2.0110         1.00
      2.0120         1.00
      2.0130         1.00
      2.0140         1.00
      2.0150         1.00
      2.0160         1.00
      2.0170         1.00
      2.0180         1.00
      2.0190         1.00
      2.0200         1.00
      2.0210         1.00
      2.0220         1.00
      2.0230         1.00
      2.0240         1.00
      2.0250         1.00
      2.0260         1.00
      2.0270         1.00
      2.0280         1.00
      2.0290         1.00
      2.0300         1.00
      2.0310         1.00
      2.0320         1.00
      2.0330         1.00
      2.0340         1.00
      2.0350         1.00
      2.0360         1.00
      2.0370         1.00
      2.0380         1.00
      2.0390         1.00
      2.0400         1.00
      2.0410         1.00
      2.0420         1.00
      2.0430         1.00
      2.0440         1.00
      2.0450         1.00
      2.0460         1.00
      2.0470         1.00
      2.0480         1.00
      2.0490         1.00
      2.0500         1.00
      2.0510         1.00
      2.0520         1.00
      2.0530         1.00
      2.0540         1.00
      2.0550         1.00
      2.0560         1.00
      2.0570         1.00
      2.0580         1.00
      2.0590         1.00
      2.0600         1.00
      2.0610         1.00
      2.0620         1.00
      2.0630         1.00
      2.0640         1.00
      2.0650         1.00
      2.0660         1.00
      2.0670         1.00
      2.0680         1.00
      2.0690         1.00
      2.0700         1.00
      2.0710         1.00
      2.0720         1.00
      2.0730         1.00
      2.0740         1.00
      2.0750         1.00
      2.0760         1.00
      2.0770         1.00
      2.0780         1.00
      2.0790         1.00
      2.0800         1.00
      2.0810         1.00
      2.0820         1.00
      2.0830         1.00
      2.0840         1.00
      2.0850         1.00
      2.0860         1.00
      2.0870         1.00
      2.0880         1.00
      2.0890         1.00
      2.0900         1.00
      2.0910         1.00
      2.0920         1.00
      2.0930         1.00
      2.0940         1.00
      2.0950         1.00
      2.0960         1.00
      2.0970         1.00
      2.0980         1.00
      2.0990         1.00
      2.1000         1.00
      2.1010         1.00
      2.1020         1.00
      2.1030         1.00
      2.1040         1.00
      2.1050         1.00
      2.1060         1.00
      2.1070         1.00
      2.1080         1.00
      2.1090         1.00
      2.1100         1.00
      2.1110         1.00
      2.1120         1.00
      2.1130         1.00
      2.1140         1.00
      2.1150         1.00
      2.1160         1.00
      2.1170         1.00
      2.1180         1.00
      2.1190         1.00
      2.1200         1.00
      2.1210         1.00
      2.1220         1.00
      2.1230         1.00
      2.1240         1.00
      2.1250         1.00
      2.1260         1.00
      2.1270         1.00
      2.1280         1.00
      2.1290         1.00
      2.1300         1.00
      2.1310         1.00
      2.1320         1.00
      2.1330         1.00
      2.1340         1.00
      2.1350         1.00
      2.1360         1.00
      2.1370         1.00
      2.1380         1.00
      2.1390         1.00
      2.1400         1.00
      2.1410         1.00
      2.1420         1.00
      2.1430         1.00
      2.1440         1.00
      2.1450         1.00
      2.1460         1.00
      2.1470         1.00
      2.1480         1.00
      2.1490         1.00
      2.1500         1.00
      2.1510         1.00
      2.1520         1.00
      2.1530         1.00
      2.1540         1.00
      2.1550         1.00
      2.1560         1.00
      2.1570         1.00
      2.1580         1.00
      2.1590         1.00
      2.1600         1.00
      2.1610         1.00
      2.1620         1.00
      2.1630         1.00
      2.1640         1.00
      2.1650         1.00
      2.1660         1.00
      2.1670         1.00
      2.1680         1.00
      2.1690         1.00
      2.1700         1.00
      2.1710         1.00
      2.1720         1.00
      2.1730         1.00
      2.1740         1.00
      2.1750         1.00
      2.1760         1.00
      2.1770         1.00
      2.1780         1.00
      2.1790         1.00
      2.1800         1.00
      2.1810         1.00
      2.1820         1.00
      2.1830         1.00
      2.1840         1.00
      2.1850         1.00
      2.1860         1.00
      2.1870         1.00
      2.1880         1.00
      2.1890         1.00
      2.1900         1.00
      2.1910         1.00
      2.1920         1.00
      2.1930         1.00
      2.1940         1.00
      2.1950         1.00
      2.1960         1.00
      2.1970         1.00
      2.1980         1.00
      2.1990         1.00
      2.2000         1.00
      2.2010         1.00
      2.2020         1.00
      2.2030         1.00
      2.2040         1.00
      2.2050         1.00
      2.2060         1.00
      2.2070         1.00
      2.2080         1.00
      2.2090         1.00
      2.2100         1.00
      2.2110         1.00
      2.2120         1.00
      2.2130         1.00
      2.2140         1.00
      2.2150         1.00
      2.2160         1.00
      2.2170         1.00
      2.2180         1.00
      2.2190         1.00
      2.2200         1.00
      2.2210         1.00
      2.2220         1.00
      2.2230         1.00
      2.2240         1.00
      2.2250         1.00
      2.2260         1.00
      2.2270         1.00
      2.2280         1.00
      2.2290         1.00
      2.2300         1.00
      2.2310         1.00
      2.2320         1.00
      2.2330         1.00
      2.2340         1.00
      2.2350         1.00
      2.2360         1.00
      2.2370         1.00
      2.2380         1.00
      2.2390         1.00
      2.2400         1.00
      2.2410         1.00
      2.2420         1.00
      2.2430         1.00
      2.2440         1.00
      2.2450         1.00
      2.2460         1.00
      2.2470         1.00
      2.2480         1.00
      2.2490         1.00
      2.2500         1.00
      2.2510         1.00
      2.2520         1.00
      2.2530         1.00
      2.2540         1.00
      2.2550         1.00
      2.2560         1.00
      2.2570         1.00
      2.2580         1.00
      2.2590         1.00
      2.2600         1.00
      2.2610         1.00
      2.2620         1.00
      2.2630         1.00
      2.2640         1.00
      2.2650         1.00
      2.2660         1.00
      2.2670         1.00
      2.2680         1.00
      2.2690         1.00
      2.2700         1.00
      2.2710         1.00
      2.2720         1.00
      2.2730         1.00
      2.2740         1.00
      2.2750         1.00
      2.2760         1.00
      2.2770         1.00
      2.2780         1.00
      2.2790         1.00
      2.2800         1.00
      2.2810         1.00
      2.2820         1.00
      2.2830         1.00
      2.2840         1.00
      2.2850         1.00
      2.2860         1.00
      2.2870         1.00
      2.2880         1.00
      2.2890         1.00
      2.2900         1.00
      2.2910         1.00
      2.2920         1.00
      2.2930         1.00
      2.2940         1.00
      2.2950         1.00
      2.2960         1.00
      2.2970         1.00
      2.2980         1.00
      2.2990         1.00
      2.3000         1.00
      2.3010         1.00
      2.3020         1.00
      2.3030         1.00
      2.3040         1.00
      2.3050         1.00
      2.3060         1.00
      2.3070         1.00
      2.3080         1.00
      2.3090         1.00
      2.3100         1.00
      2.3110         1.00
      2.3120         1.00
      2.3130         1.00
      2.3140         1.00
      2.3150         1.00
      2.3160         1.00
      2.3170         1.00
      2.3180         1.00
      2.3190         1.00
      2.3200         1.00
      2.3210         1.00
      2.3220         1.00
      2.3230         1.00
      2.3240         1.00
      2.3250         1.00
      2.3260         1.00
      2.3270         1.00
      2.3280         1.00
      2.3290         1.00
      2.3300         1.00
      2.3310         1.00
      2.3320         1.00
      2.3330         1.00
      2.3340         1.00
      2.3350         1.00
      2.3360         1.00
      2.3370         1.00
      2.3380         1.00
      2.3390         1.00
      2.3400         1.00
      2.3410         1.00
      2.3420         1.00
      2.3430         1.00
      2.3440         1.00
      2.3450         1.00
      2.3460         1.00
      2.3470         1.00
      2.3480         1.00
      2.3490         1.00
      2.3500         1.00
      2.3510         1.00
      2.3520         1.00
      2.3530         1.00
      2.3540         1.00
      2.3550         1.00
      2.3560         1.00
      2.3570         1.00
      2.3580         1.00
      2.3590         1.00
      2.3600         1.00
      2.3610         1.00
      2.3620         1.00
      2.3630         1.00
      2.3640         1.00
      2.3650         1.00
      2.3660         1.00
      2.3670         1.00
      2.3680         1.00
      2.3690         1.00
      2.3700         1.00
      2.3710         1.00
      2.3720         1.00
      2.3730         1.00
      2.3740         1.00
      2.3750         1.00
      2.3760         1.00
      2.3770         1.00
      2.3780         1.00
      2.3790         1.00
      2.3800         1.00
      2.3810         1.00
      2.3820         1.00
      2.3830         1.00
      2.3840         1.00
      2.3850         1.00
      2.3860         1.00
      2.3870         1.00
      2.3880         1.00
      2.3890         1.00
      2.3900         1.00
      2.3910         1.00
      2.3920         1.00
      2.3930         1.00
      2.3940         1.00
      2.3950         1.00
      2.3960         1.00
      2.3970         1.00
      2.3980         1.00
      2.3990         1.00
      2.4000         1.00
      2.4010         1.00
      2.4020         1.00
      2.4030         1.00
      2.4040         1.00
      2.4050         1.00
      2.4060         1.00
      2.4070         1.00
      2.4080         1.00
      2.4090         1.00
      2.4100         1.00
      2.4110         1.00
      2.4120         1.00
      2.4130         1.00
      2.4140         1.00
      2.4150         1.00
      2.4160         1.00
      2.4170         1.00
      2.4180         1.00
      2.4190         1.00
      2.4200         1.00
      2.4210         1.00
      2.4220         1.00
      2.4230         1.00
      2.4240         1.00
      2.4250         1.00
      2.4260         1.00
      2.4270         1.00
      2.4280         1.00
      2.4290         1.00
      2.4300         1.00
      2.4310         1.00
      2.4320         1.00
      2.4330         1.00
      2.4340         1.00
      2.4350         1.00
      2.4360         1.00
      2.4370         1.00
      2.4380         1.00
      2.4390         1.00
      2.4400         1.00
      2.4410         1.00
      2.4420         1.00
      2.4430         1.00
      2.4440         1.00
      2.4450         1.00
      2.4460         1.00
      2.4470         1.00
      2.4480         1.00
      2.4490         1.00
      2.4500         1.00
      2.4510         1.00
      2.4520         1.00
      2.4530         1.00
      2.4540         1.00
      2.4550         1.00
      2.4560         1.00
      2.4570         1.00
      2.4580         1.00
      2.4590         1.00
      2.4600         1.00
      2.4610         1.00
      2.4620         1.00
      2.4630         1.00
      2.4640         1.00
      2.4650         1.00
      2.4660         1.00
      2.4670         1.00
      2.4680         1.00
      2.4690         1.00
      2.4700         1.00
      2.4710         1.00
      2.4720         1.00
      2.4730         1.00
      2.4740         1.00
      2.4750         1.00
      2.4760         1.00
      2.4770         1.00
      2.4780         1.00
      2.4790         1.00
      2.4800         1.00
      2.4810         1.00
      2.4820         1.00
      2.4830         1.00
      2.4840         1.00
      2.4850         1.00
      2.4860         1.00
      2.4870         1.00
      2.4880         1.00
      2.4890         1.00
      2.4900         1.00
      2.4910         1.00
      2.4920         1.00
      2.4930         1.00
      2.4940         1.00
      2.4950         1.00
      2.4960         1.00
      2.4970         1.00
      2.4980         1.00
      2.4990         1.00
      2.5000         1.00
      2.5010         1.00
      2.5020         1.00
      2.5030         1.00
      2.5040         1.00
      2.5050         1.00
      2.5060         1.00
      2.5070         1.00
      2.5080         1.00
      2.5090         1.00
      2.5100         1.00
      2.5110         1.00
      2.5120         1.00
      2.5130         1.00
      2.5140         1.00
      2.5150         1.00
      2.5160         1.00
      2.5170         1.00
      2.5180         1.00
      2.5190         1.00
      2.5200         1.00
      2.5210         1.00
      2.5220         1.00
      2.5230         1.00
      2.5240         1.00
      2.5250         1.00
      2.5260         1.00
      2.5270         1.00
      2.5280         1.00
      2.5290         1.00
      2.5300         1.00
      2.5310         1.00
      2.5320         1.00
      2.5330         1.00
      2.5340         1.00
      2.5350         1.00
      2.5360         1.00
      2.5370         1.00
      2.5380         1.00
      2.5390         1.00
      2.5400         1.00
      2.5410         1.00
      2.5420         1.00
      2.5430         1.00
      2.5440         1.00
      2.5450         1.00
      2.5460         1.00
      2.5470         1.00
      2.5480         1.00
      2.5490         1.00
      2.5500         1.00
      2.5510         1.00
      2.5520         1.00
      2.5530         1.00
      2.5540         1.00
      2.5550         1.00
      2.5560         1.00
      2.5570         1.00
      2.5580         1.00
      2.5590         1.00
      2.5600         1.00
      2.5610         1.00
      2.5620         1.00
      2.5630         1.00
      2.5640         1.00
      2.5650         1.00
      2.5660         1.00
      2.5670         1.00
      2.5680         1.00
      2.5690         1.00
      2.5700         1.00
      2.5710         1.00
      2.5720         1.00
      2.5730         1.00
      2.5740         1.00
      2.5750         1.00
      2.5760         1.00
      2.5770         1.00
      2.5780         1.00
      2.5790         1.00
      2.5800         1.00
      2.5810         1.00
      2.5820         1.00
      2.5830         1.00
      2.5840         1.00
      2.5850         1.00
      2.5860         1.00
      2.5870         1.00
      2.5880         1.00
      2.5890         1.00
      2.5900         1.00
      2.5910         1.00
      2.5920         1.00
      2.5930         1.00
      2.5940         1.00
      2.5950         1.00
      2.5960         1.00
      2.5970         1.00
      2.5980         1.00
      2.5990         1.00
      2.6000         1.00
      2.6010         1.00
      2.6020         1.00
      2.6030         1.00
      2.6040         1.00
      2.6050         1.00
      2.6060         1.00
      2.6070         1.00
      2.6080         1.00
      2.6090         1.00
      2.6100         1.00
      2.6110         1.00
      2.6120         1.00
      2.6130         1.00
      2.6140         1.00
      2.6150         1.00
      2.6160         1.00
      2.6170         1.00
      2.6180         1.00
      2.6190         1.00
      2.6200         1.00
      2.6210         1.00
      2.6220         1.00
      2.6230         1.00
      2.6240         1.00
      2.6250         1.00
      2.6260         1.00
      2.6270         1.00
      2.6280         1.00
      2.6290         1.00
      2.6300         1.00
      2.6310         1.00
      2.6320         1.00
      2.6330         1.00
      2.6340         1.00
      2.6350         1.00
      2.6360         1.00
      2.6370         1.00
      2.6380         1.00
      2.6390         1.00
      2.6400         1.00
      2.6410         1.00
      2.6420         1.00
      2.6430         1.00
      2.6440         1.00
      2.6450         1.00
      2.6460         1.00
      2.6470         1.00
      2.6480         1.00
      2.6490         1.00
      2.6500         1.00
      2.6510         1.00
      2.6520         1.00
      2.6530         1.00
      2.6540         1.00
      2.6550         1.00
      2.6560         1.00
      2.6570         1.00
      2.6580         1.00
      2.6590         1.00
      2.6600         1.00
      2.6610         1.00
      2.6620         1.00
      2.6630         1.00
      2.6640         1.00
      2.6650         1.00
      2.6660         1.00
      2.6670         1.00
      2.6680         1.00
      2.6690         1.00
      2.6700         1.00
      2.6710         1.00
      2.6720         1.00
      2.6730         1.00
      2.6740         1.00
      2.6750         1.00
      2.6760         1.00
      2.6770         1.00
      2.6780         1.00
      2.6790         1.00
      2.6800         1.00
      2.6810         1.00
      2.6820         1.00
      2.6830         1.00
      2.6840         1.00
      2.6850         1.00
      2.6860         1.00
      2.6870         1.00
      2.6880         1.00
      2.6890         1.00
      2.6900         1.00
      2.6910         1.00
      2.6920         1.00
      2.6930         1.00
      2.6940         1.00
      2.6950         1.00
      2.6960         1.00
      2.6970         1.00
      2.6980         1.00
      2.6990         1.00
      2.7000         1.00
      2.7010         1.00
      2.7020         1.00
      2.7030         1.00
      2.7040         1.00
      2.7050         1.00
      2.7060         1.00
      2.7070         1.00
      2.7080         1.00
      2.7090         1.00
      2.7100         1.00
      2.7110         1.00
      2.7120         1.00
      2.7130         1.00
      2.7140         1.00
      2.7150         1.00
      2.7160         1.00
      2.7170         1.00
      2.7180         1.00
      2.7190         1.00
      2.7200         1.00
      2.7210         1.00
      2.7220         1.00
      2.7230         1.00
      2.7240         1.00
      2.7250         1.00
      2.7260         1.00
      2.7270         1.00
      2.7280         1.00
      2.7290         1.00
      2.7300         1.00
      2.7310         1.00
      2.7320         1.00
      2.7330         1.00
      2.7340         1.00
      2.7350         1.00
      2.7360         1.00
      2.7370         1.00
      2.7380         1.00
      2.7390         1.00
      2.7400         1.00
      2.7410         1.00
      2.7420         1.00
      2.7430         1.00
      2.7440         1.00
      2.7450         1.00
      2.7460         1.00
      2.7470         1.00
      2.7480         1.00
      2.7490         1.00
      2.7500         1.00
      2.7510         1.00
      2.7520         1.00
      2.7530         1.00
      2.7540         1.00
      2.7550         1.00
      2.7560         1.00
      2.7570         1.00
      2.7580         1.00
      2.7590         1.00
      2.7600         1.00
      2.7610         1.00
      2.7620         1.00
      2.7630         1.00
      2.7640         1.00
      2.7650         1.00
      2.7660         1.00
      2.7670         1.00
      2.7680         1.00
      2.7690         1.00
      2.7700         1.00
      2.7710         1.00
      2.7720         1.00
      2.7730         1.00
      2.7740         1.00
      2.7750         1.00
      2.7760         1.00
      2.7770         1.00
      2.7780         1.00
      2.7790         1.00
      2.7800         1.00
      2.7810         1.00
      2.7820         1.00
      2.7830         1.00
      2.7840         1.00
      2.7850         1.00
      2.7860         1.00
      2.7870         1.00
      2.7880         1.00
      2.7890         1.00
      2.7900         1.00
      2.7910         1.00
      2.7920         1.00
      2.7930         1.00
      2.7940         1.00
      2.7950         1.00
      2.7960         1.00
      2.7970         1.00
      2.7980         1.00
      2.7990         1.00
      2.8000         1.00
      2.8010         1.00
      2.8020         1.00
      2.8030         1.00
      2.8040         1.00
      2.8050         1.00
      2.8060         1.00
      2.8070         1.00
      2.8080         1.00
      2.8090         1.00
      2.8100         1.00
      2.8110         1.00
      2.8120         1.00
      2.8130         1.00
      2.8140         1.00
      2.8150         1.00
      2.8160         1.00
      2.8170         1.00
      2.8180         1.00
      2.8190         1.00
      2.8200         1.00
      2.8210         1.00
      2.8220         1.00
      2.8230         1.00
      2.8240         1.00
      2.8250         1.00
      2.8260         1.00
      2.8270         1.00
      2.8280         1.00
      2.8290         1.00
      2.8300         1.00
      2.8310         1.00
      2.8320         1.00
      2.8330         1.00
      2.8340         1.00
      2.8350         1.00
      2.8360         1.00
      2.8370         1.00
      2.8380         1.00
      2.8390         1.00
      2.8400         1.00
      2.8410         1.00
      2.8420         1.00
      2.8430         1.00
      2.8440         1.00
      2.8450         1.00
      2.8460         1.00
      2.8470         1.00
      2.8480         1.00
      2.8490         1.00
      2.8500         1.00
      2.8510         1.00
      2.8520         1.00
      2.8530         1.00
      2.8540         1.00
      2.8550         1.00
      2.8560         1.00
      2.8570         1.00
      2.8580         1.00
      2.8590         1.00
      2.8600         1.00
      2.8610         1.00
      2.8620         1.00
      2.8630         1.00
      2.8640         1.00
      2.8650         1.00
      2.8660         1.00
      2.8670         1.00
      2.8680         1.00
      2.8690         1.00
      2.8700         1.00
      2.8710         1.00
      2.8720         1.00
      2.8730         1.00
      2.8740         1.00
      2.8750         1.00
      2.8760         1.00
      2.8770         1.00
      2.8780         1.00
      2.8790         1.00
      2.8800         1.00
      2.8810         1.00
      2.8820         1.00
      2.8830         1.00
      2.8840         1.00
      2.8850         1.00
      2.8860         1.00
      2.8870         1.00
      2.8880         1.00
      2.8890         1.00
      2.8900         1.00
      2.8910         1.00
      2.8920         1.00
      2.8930         1.00
      2.8940         1.00
      2.8950         1.00
      2.8960         1.00
      2.8970         1.00
      2.8980         1.00
      2.8990         1.00
      2.9000         1.00
      2.9010         1.00
      2.9020         1.00
      2.9030         1.00
      2.9040         1.00
      2.9050         1.00
      2.9060         1.00
      2.9070         1.00
      2.9080         1.00
      2.9090         1.00
      2.9100         1.00
      2.9110         1.00
      2.9120         1.00
      2.9130         1.00
      2.9140         1.00
      2.9150         1.00
      2.9160         1.00
      2.9170         1.00
      2.9180         1.00
      2.9190         1.00
      2.9200         1.00
      2.9210         1.00
      2.9220         1.00
      2.9230         1.00
      2.9240         1.00
      2.9250         1.00
      2.9260         1.00
      2.9270         1.00
      2.9280         1.00
      2.9290         1.00
      2.9300         1.00
      2.9310         1.00
      2.9320         1.00
      2.9330         1.00
      2.9340         1.00
      2.9350         1.00
      2.9360         1.00
      2.9370         1.00
      2.9380         1.00
      2.9390         1.00
      2.9400         1.00
      2.9410         1.00
      2.9420         1.00
      2.9430         1.00
      2.9440         1.00
      2.9450         1.00
      2.9460         1.00
      2.9470         1.00
      2.9480         1.00
      2.9490         1.00
      2.9500         1.00
      2.9510         1.00
      2.9520         1.00
      2.9530         1.00
      2.9540         1.00
      2.9550         1.00
      2.9560         1.00
      2.9570         1.00
      2.9580         1.00
      2.9590         1.00
      2.9600         1.00
      2.9610         1.00
      2.9620         1.00
      2.9630         1.00
      2.9640         1.00
      2.9650         1.00
      2.9660         1.00
      2.9670         1.00
      2.9680         1.00
      2.9690         1.00
      2.9700         1.00
      2.9710         1.00
      2.9720         1.00
      2.9730         1.00
      2.9740         1.00
      2.9750         1.00
      2.9760         1.00
      2.9770         1.00
      2.9780         1.00
      2.9790         1.00
      2.9800         1.00
      2.9810         1.00
      2.9820         1.00
      2.9830         1.00
      2.9840         1.00
      2.9850         1.00
      2.9860         1.00
      2.9870         1.00
      2.9880         1.00
      2.9890         1.00
      2.9900         1.00
      2.9910         1.00
      2.9920         1.00
      2.9930         1.00
      2.9940         1.00
      2.9950         1.00
      2.9960         1.00
      2.9970         1.00
      2.9980         1.00
      2.9990         1.00
