        Time   Palpation Force
      0.0000         1.00
      0.0010         1.00
      0.0020         1.00
      0.0030         1.00
      0.0040         1.00
      0.0050         1.00
      0.0060         1.00
      0.0070         1.00
      0.0080         1.00
      0.0090         1.00
      0.0100         1.00
      0.0110         1.00
      0.0120         1.00
      0.0130         1.00
      0.0140         1.00
      0.0150         1.00
      0.0160         1.00
      0.0170         1.00
      0.0180         1.00
      0.0190         1.00
      0.0200         1.00
      0.0210         1.00
      0.0220         1.00
      0.0230         1.00
      0.0240         1.00
      0.0250         1.00
      0.0260         1.00
      0.0270         1.00
      0.0280         1.00
      0.0290         1.00
      0.0300         1.00
      0.0310         1.00
      0.0320         1.00
      0.0330         1.00
      0.0340         1.00
      0.0350         1.00
      0.0360         1.00
      0.0370         1.00
      0.0380         1.00
      0.0390         1.00
      0.0400         1.00
      0.0410         1.00
      0.0420         1.00
      0.0430         1.00
      0.0440         1.00
      0.0450         1.00
      0.0460         1.00
      0.0470         1.00
      0.0480         1.00
      0.0490         1.00
      0.0500         1.00
      0.0510         1.00
      0.0520         1.00
      0.0530         1.00
      0.0540         1.00
      0.0550         1.00
      0.0560         1.00
      0.0570         1.00
      0.0580         1.00
      0.0590         1.00
      0.0600         1.00
      0.0610         1.00
      0.0620         1.00
      0.0630         1.00
      0.0640         1.00
      0.0650         1.00
      0.0660         1.00
      0.0670         1.00
      0.0680         1.00
      0.0690         1.00
      0.0700         1.00
      0.0710         1.00
      0.0720         1.00
      0.0730         1.00
      0.0740         1.00
      0.0750         1.00
      0.0760         1.00
      0.0770         1.00
      0.0780         1.00
      0.0790         1.00
      0.0800         1.00
      0.0810         1.00
      0.0820         1.00
      0.0830         1.00
      0.0840         1.00
      0.0850         1.00
      0.0860         1.00
      0.0870         1.00
      0.0880         1.00
      0.0890         1.00
      0.0900         1.00
      0.0910         1.00
      0.0920         1.00
      0.0930         1.00
      0.0940         1.00
      0.0950         1.00
      0.0960         1.00
      0.0970         1.00
      0.0980         1.00
      0.0990         1.00
      0.1000         1.00
      0.1010         1.00
      0.1020         1.00
      0.1030         1.00
      0.1040         1.00
      0.1050         1.00
      0.1060         1.00
      0.1070         1.00
      0.1080         1.00
      0.1090         1.00
      0.1100         1.00
      0.1110         1.00
      0.1120         1.00
      0.1130         1.00
      0.1140         1.00
      0.1150         1.00
      0.1160         1.00
      0.1170         1.00
      0.1180         1.00
      0.1190         1.00
      0.1200         1.00
      0.1210         1.00
      0.1220         1.00
      0.1230         1.00
      0.1240         1.00
      0.1250         1.00
      0.1260         1.00
      0.1270         1.00
      0.1280         1.00
      0.1290         1.00
      0.1300         1.00
      0.1310         1.00
      0.1320         1.00
      0.1330         1.00
      0.1340         1.00
      0.1350         1.00
      0.1360         1.00
      0.1370         1.00
      0.1380         1.00
      0.1390         1.00
      0.1400         1.00
      0.1410         1.00
      0.1420         1.00
      0.1430         1.00
      0.1440         1.00
      0.1450         1.00
      0.1460         1.00
      0.1470         1.00
      0.1480         1.00
      0.1490         1.00
      0.1500         1.00
      0.1510         1.00
      0.1520         1.00
      0.1530         1.00
      0.1540         1.00
      0.1550         1.00
      0.1560         1.00
      0.1570         1.00
      0.1580         1.00
      0.1590         1.00
      0.1600         1.00
      0.1610         1.00
      0.1620         1.00
      0.1630         1.00
      0.1640         1.00
      0.1650         1.00
      0.1660         1.00
      0.1670         1.00
      0.1680         1.00
      0.1690         1.00
      0.1700         1.00
      0.1710         1.00
      0.1720         1.00
      0.1730         1.00
      0.1740         1.00
      0.1750         1.00
      0.1760         1.00
      0.1770         1.00
      0.1780         1.00
      0.1790         1.00
      0.1800         1.00
      0.1810         1.00
      0.1820         1.00
      0.1830         1.00
      0.1840         1.00
      0.1850         1.00
      0.1860         1.00
      0.1870         1.00
      0.1880         1.00
      0.1890         1.00
      0.1900         1.00
      0.1910         1.00
      0.1920         1.00
      0.1930         1.00
      0.1940         1.00
      0.1950         1.00
      0.1960         1.00
      0.1970         1.00
      0.1980         1.00
      0.1990         1.00
      0.2000         1.00
      0.2010         1.00
      0.2020         1.00
      0.2030         1.00
      0.2040         1.00
      0.2050         1.00
      0.2060         1.00
      0.2070         1.00
      0.2080         1.00
      0.2090         1.00
      0.2100         1.00
      0.2110         1.00
      0.2120         1.00
      0.2130         1.00
      0.2140         1.00
      0.2150         1.00
      0.2160         1.00
      0.2170         1.00
      0.2180         1.00
      0.2190         1.00
      0.2200         1.00
      0.2210         1.00
      0.2220         1.00
      0.2230         1.00
      0.2240         1.00
      0.2250         1.00
      0.2260         1.00
      0.2270         1.00
      0.2280         1.00
      0.2290         1.00
      0.2300         1.00
      0.2310         1.00
      0.2320         1.00
      0.2330         1.00
      0.2340         1.00
      0.2350         1.00
      0.2360         1.00
      0.2370         1.00
      0.2380         1.00
      0.2390         1.00
      0.2400         1.00
      0.2410         1.00
      0.2420         1.00
      0.2430         1.00
      0.2440         1.00
      0.2450         1.00
      0.2460         1.00
      0.2470         1.00
      0.2480         1.00
      0.2490         1.00
      0.2500         1.00
      0.2510         1.00
      0.2520         1.00
      0.2530         1.00
      0.2540         1.00
      0.2550         1.00
      0.2560         1.00
      0.2570         1.00
      0.2580         1.00
      0.2590         1.00
      0.2600         1.00
      0.2610         1.00
      0.2620         1.00
      0.2630         1.00
      0.2640         1.00
      0.2650         1.00
      0.2660         1.00
      0.2670         1.00
      0.2680         1.00
      0.2690         1.00
      0.2700         1.00
      0.2710         1.00
      0.2720         1.00
      0.2730         1.00
      0.2740         1.00
      0.2750         1.00
      0.2760         1.00
      0.2770         1.00
      0.2780         1.00
      0.2790         1.00
      0.2800         1.00
      0.2810         1.00
      0.2820         1.00
      0.2830         1.00
      0.2840         1.00
      0.2850         1.00
      0.2860         1.00
      0.2870         1.00
      0.2880         1.00
      0.2890         1.00
      0.2900         1.00
      0.2910         1.00
      0.2920         1.00
      0.2930         1.00
      0.2940         1.00
      0.2950         1.00
      0.2960         1.00
      0.2970         1.00
      0.2980         1.00
      0.2990         1.00
      0.3000         1.00
      0.3010         1.00
      0.3020         1.00
      0.3030         1.00
      0.3040         1.00
      0.3050         1.00
      0.3060         1.00
      0.3070         1.00
      0.3080         1.00
      0.3090         1.00
      0.3100         1.00
      0.3110         1.00
      0.3120         1.00
      0.3130         1.00
      0.3140         1.00
      0.3150         1.00
      0.3160         1.00
      0.3170         1.00
      0.3180         1.00
      0.3190         1.00
      0.3200         1.00
      0.3210         1.00
      0.3220         1.00
      0.3230         1.00
      0.3240         1.00
      0.3250         1.00
      0.3260         1.00
      0.3270         1.00
      0.3280         1.00
      0.3290         1.00
      0.3300         1.00
      0.3310         1.00
      0.3320         1.00
      0.3330         1.00
      0.3340         1.00
      0.3350         1.00
      0.3360         1.00
      0.3370         1.00
      0.3380         1.00
      0.3390         1.00
      0.3400         1.00
      0.3410         1.00
      0.3420         1.00
      0.3430         1.00
      0.3440         1.00
      0.3450         1.00
      0.3460         1.00
      0.3470         1.00
      0.3480         1.00
      0.3490         1.00
      0.3500         1.00
      0.3510         1.00
      0.3520         1.00
      0.3530         1.00
      0.3540         1.00
      0.3550         1.00
      0.3560         1.00
      0.3570         1.00
      0.3580         1.00
      0.3590         1.00
      0.3600         1.00
      0.3610         1.00
      0.3620         1.00
      0.3630         1.00
      0.3640         1.00
      0.3650         1.00
      0.3660         1.00
      0.3670         1.00
      0.3680         1.00
      0.3690         1.00
      0.3700         1.00
      0.3710         1.00
      0.3720         1.00
      0.3730         1.00
      0.3740         1.00
      0.3750         1.00
      0.3760         1.00
      0.3770         1.00
      0.3780         1.00
      0.3790         1.00
      0.3800         1.00
      0.3810         1.00
      0.3820         1.00
      0.3830         1.00
      0.3840         1.00
      0.3850         1.00
      0.3860         1.00
      0.3870         1.00
      0.3880         1.00
      0.3890         1.00
      0.3900         1.00
      0.3910         1.00
      0.3920         1.00
      0.3930         1.00
      0.3940         1.00
      0.3950         1.00
      0.3960         1.00
      0.3970         1.00
      0.3980         1.00
      0.3990         1.00
      0.4000         1.00
      0.4010         1.00
      0.4020         1.00
      0.4030         1.00
      0.4040         1.00
      0.4050         1.00
      0.4060         1.00
      0.4070         1.00
      0.4080         1.00
      0.4090         1.00
      0.4100         1.00
      0.4110         1.00
      0.4120         1.00
      0.4130         1.00
      0.4140         1.00
      0.4150         1.00
      0.4160         1.00
      0.4170         1.00
      0.4180         1.00
      0.4190         1.00
      0.4200         1.00
      0.4210         1.00
      0.4220         1.00
      0.4230         1.00
      0.4240         1.00
      0.4250         1.00
      0.4260         1.00
      0.4270         1.00
      0.4280         1.00
      0.4290         1.00
      0.4300         1.00
      0.4310         1.00
      0.4320         1.00
      0.4330         1.00
      0.4340         1.00
      0.4350         1.00
      0.4360         1.00
      0.4370         1.00
      0.4380         1.00
      0.4390         1.00
      0.4400         1.00
      0.4410         1.00
      0.4420         1.00
      0.4430         1.00
      0.4440         1.00
      0.4450         1.00
      0.4460         1.00
      0.4470         1.00
      0.4480         1.00
      0.4490         1.00
      0.4500         1.00
      0.4510         1.00
      0.4520         1.00
      0.4530         1.00
      0.4540         1.00
      0.4550         1.00
      0.4560         1.00
      0.4570         1.00
      0.4580         1.00
      0.4590         1.00
      0.4600         1.00
      0.4610         1.00
      0.4620         1.00
      0.4630         1.00
      0.4640         1.00
      0.4650         1.00
      0.4660         1.00
      0.4670         1.00
      0.4680         1.00
      0.4690         1.00
      0.4700         1.00
      0.4710         1.00
      0.4720         1.00
      0.4730         1.00
      0.4740         1.00
      0.4750         1.00
      0.4760         1.00
      0.4770         1.00
      0.4780         1.00
      0.4790         1.00
      0.4800         1.00
      0.4810         1.00
      0.4820         1.00
      0.4830         1.00
      0.4840         1.00
      0.4850         1.00
      0.4860         1.00
      0.4870         1.00
      0.4880         1.00
      0.4890         1.00
      0.4900         1.00
      0.4910         1.00
      0.4920         1.00
      0.4930         1.00
      0.4940         1.00
      0.4950         1.00
      0.4960         1.00
      0.4970         1.00
      0.4980         1.00
      0.4990         1.00
      0.5000         1.00
      0.5010         1.00
      0.5020         1.00
      0.5030         1.00
      0.5040         1.00
      0.5050         1.00
      0.5060         1.00
      0.5070         1.00
      0.5080         1.00
      0.5090         1.00
      0.5100         1.00
      0.5110         1.00
      0.5120         1.00
      0.5130         1.00
      0.5140         1.00
      0.5150         1.00
      0.5160         1.00
      0.5170         1.00
      0.5180         1.00
      0.5190         1.00
      0.5200         1.00
      0.5210         1.00
      0.5220         1.00
      0.5230         1.00
      0.5240         1.00
      0.5250         1.00
      0.5260         1.00
      0.5270         1.00
      0.5280         1.00
      0.5290         1.00
      0.5300         1.00
      0.5310         1.00
      0.5320         1.00
      0.5330         1.00
      0.5340         1.00
      0.5350         1.00
      0.5360         1.00
      0.5370         1.00
      0.5380         1.00
      0.5390         1.00
      0.5400         1.00
      0.5410         1.00
      0.5420         1.00
      0.5430         1.00
      0.5440         1.00
      0.5450         1.00
      0.5460         1.00
      0.5470         1.00
      0.5480         1.00
      0.5490         1.00
      0.5500         1.00
      0.5510         1.00
      0.5520         1.00
      0.5530         1.00
      0.5540         1.00
      0.5550         1.00
      0.5560         1.00
      0.5570         1.00
      0.5580         1.00
      0.5590         1.00
      0.5600         1.00
      0.5610         1.00
      0.5620         1.00
      0.5630         1.00
      0.5640         1.00
      0.5650         1.00
      0.5660         1.00
      0.5670         1.00
      0.5680         1.00
      0.5690         1.00
      0.5700         1.00
      0.5710         1.00
      0.5720         1.00
      0.5730         1.00
      0.5740         1.00
      0.5750         1.00
      0.5760         1.00
      0.5770         1.00
      0.5780         1.00
      0.5790         1.00
      0.5800         1.00
      0.5810         1.00
      0.5820         1.00
      0.5830         1.00
      0.5840         1.00
      0.5850         1.00
      0.5860         1.00
      0.5870         1.00
      0.5880         1.00
      0.5890         1.00
      0.5900         1.00
      0.5910         1.00
      0.5920         1.00
      0.5930         1.00
      0.5940         1.00
      0.5950         1.00
      0.5960         1.00
      0.5970         1.00
      0.5980         1.00
      0.5990         1.00
      0.6000         1.00
      0.6010         1.00
      0.6020         1.00
      0.6030         1.00
      0.6040         1.00
      0.6050         1.00
      0.6060         1.00
      0.6070         1.00
      0.6080         1.00
      0.6090         1.00
      0.6100         1.00
      0.6110         1.00
      0.6120         1.00
      0.6130         1.00
      0.6140         1.00
      0.6150         1.00
      0.6160         1.00
      0.6170         1.00
      0.6180         1.00
      0.6190         1.00
      0.6200         1.00
      0.6210         1.00
      0.6220         1.00
      0.6230         1.00
      0.6240         1.00
      0.6250         1.00
      0.6260         1.00
      0.6270         1.00
      0.6280         1.00
      0.6290         1.00
      0.6300         1.00
      0.6310         1.00
      0.6320         1.00
      0.6330         1.00
      0.6340         1.00
      0.6350         1.00
      0.6360         1.00
      0.6370         1.00
      0.6380         1.00
      0.6390         1.00
      0.6400         1.00
      0.6410         1.00
      0.6420         1.00
      0.6430         1.00
      0.6440         1.00
      0.6450         1.00
      0.6460         1.00
      0.6470         1.00
      0.6480         1.00
      0.6490         1.00
      0.6500         1.00
      0.6510         1.00
      0.6520         1.00
      0.6530         1.00
      0.6540         1.00
      0.6550         1.00
      0.6560         1.00
      0.6570         1.00
      0.6580         1.00
      0.6590         1.00
      0.6600         1.00
      0.6610         1.00
      0.6620         1.00
      0.6630         1.00
      0.6640         1.00
      0.6650         1.00
      0.6660         1.00
      0.6670         1.00
      0.6680         1.00
      0.6690         1.00
      0.6700         1.00
      0.6710         1.00
      0.6720         1.00
      0.6730         1.00
      0.6740         1.00
      0.6750         1.00
      0.6760         1.00
      0.6770         1.00
      0.6780         1.00
      0.6790         1.00
      0.6800         1.00
      0.6810         1.00
      0.6820         1.00
      0.6830         1.00
      0.6840         1.00
      0.6850         1.00
      0.6860         1.00
      0.6870         1.00
      0.6880         1.00
      0.6890         1.00
      0.6900         1.00
      0.6910         1.00
      0.6920         1.00
      0.6930         1.00
      0.6940         1.00
      0.6950         1.00
      0.6960         1.00
      0.6970         1.00
      0.6980         1.00
      0.6990         1.00
      0.7000         1.00
      0.7010         1.00
      0.7020         1.00
      0.7030         1.00
      0.7040         1.00
      0.7050         1.00
      0.7060         1.00
      0.7070         1.00
      0.7080         1.00
      0.7090         1.00
      0.7100         1.00
      0.7110         1.00
      0.7120         1.00
      0.7130         1.00
      0.7140         1.00
      0.7150         1.00
      0.7160         1.00
      0.7170         1.00
      0.7180         1.00
      0.7190         1.00
      0.7200         1.00
      0.7210         1.00
      0.7220         1.00
      0.7230         1.00
      0.7240         1.00
      0.7250         1.00
      0.7260         1.00
      0.7270         1.00
      0.7280         1.00
      0.7290         1.00
      0.7300         1.00
      0.7310         1.00
      0.7320         1.00
      0.7330         1.00
      0.7340         1.00
      0.7350         1.00
      0.7360         1.00
      0.7370         1.00
      0.7380         1.00
      0.7390         1.00
      0.7400         1.00
      0.7410         1.00
      0.7420         1.00
      0.7430         1.00
      0.7440         1.00
      0.7450         1.00
      0.7460         1.00
      0.7470         1.00
      0.7480         1.00
      0.7490         1.00
      0.7500         1.00
      0.7510         1.00
      0.7520         1.00
      0.7530         1.00
      0.7540         1.00
      0.7550         1.00
      0.7560         1.00
      0.7570         1.00
      0.7580         1.00
      0.7590         1.00
      0.7600         1.00
      0.7610         1.00
      0.7620         1.00
      0.7630         1.00
      0.7640         1.00
      0.7650         1.00
      0.7660         1.00
      0.7670         1.00
      0.7680         1.00
      0.7690         1.00
      0.7700         1.00
      0.7710         1.00
      0.7720         1.00
      0.7730         1.00
      0.7740         1.00
      0.7750         1.00
      0.7760         1.00
      0.7770         1.00
      0.7780         1.00
      0.7790         1.00
      0.7800         1.00
      0.7810         1.00
      0.7820         1.00
      0.7830         1.00
      0.7840         1.00
      0.7850         1.00
      0.7860         1.00
      0.7870         1.00
      0.7880         1.00
      0.7890         1.00
      0.7900         1.00
      0.7910         1.00
      0.7920         1.00
      0.7930         1.00
      0.7940         1.00
      0.7950         1.00
      0.7960         1.00
      0.7970         1.00
      0.7980         1.00
      0.7990         1.00
      0.8000         1.00
      0.8010         1.00
      0.8020         1.00
      0.8030         1.00
      0.8040         1.00
      0.8050         1.00
      0.8060         1.00
      0.8070         1.00
      0.8080         1.00
      0.8090         1.00
      0.8100         1.00
      0.8110         1.00
      0.8120         1.00
      0.8130         1.00
      0.8140         1.00
      0.8150         1.00
      0.8160         1.00
      0.8170         1.00
      0.8180         1.00
      0.8190         1.00
      0.8200         1.00
      0.8210         1.00
      0.8220         1.00
      0.8230         1.00
      0.8240         1.00
      0.8250         1.00
      0.8260         1.00
      0.8270         1.00
      0.8280         1.00
      0.8290         1.00
      0.8300         1.00
      0.8310         1.00
      0.8320         1.00
      0.8330         1.00
      0.8340         1.00
      0.8350         1.00
      0.8360         1.00
      0.8370         1.00
      0.8380         1.00
      0.8390         1.00
      0.8400         1.00
      0.8410         1.00
      0.8420         1.00
      0.8430         1.00
      0.8440         1.00
      0.8450         1.00
      0.8460         1.00
      0.8470         1.00
      0.8480         1.00
      0.8490         1.00
      0.8500         1.00
      0.8510         1.00
      0.8520         1.00
      0.8530         1.00
      0.8540         1.00
      0.8550         1.00
      0.8560         1.00
      0.8570         1.00
      0.8580         1.00
      0.8590         1.00
      0.8600         1.00
      0.8610         1.00
      0.8620         1.00
      0.8630         1.00
      0.8640         1.00
      0.8650         1.00
      0.8660         1.00
      0.8670         1.00
      0.8680         1.00
      0.8690         1.00
      0.8700         1.00
      0.8710         1.00
      0.8720         1.00
      0.8730         1.00
      0.8740         1.00
      0.8750         1.00
      0.8760         1.00
      0.8770         1.00
      0.8780         1.00
      0.8790         1.00
      0.8800         1.00
      0.8810         1.00
      0.8820         1.00
      0.8830         1.00
      0.8840         1.00
      0.8850         1.00
      0.8860         1.00
      0.8870         1.00
      0.8880         1.00
      0.8890         1.00
      0.8900         1.00
      0.8910         1.00
      0.8920         1.00
      0.8930         1.00
      0.8940         1.00
      0.8950         1.00
      0.8960         1.00
      0.8970         1.00
      0.8980         1.00
      0.8990         1.00
      0.9000         1.00
      0.9010         1.00
      0.9020         1.00
      0.9030         1.00
      0.9040         1.00
      0.9050         1.00
      0.9060         1.00
      0.9070         1.00
      0.9080         1.00
      0.9090         1.00
      0.9100         1.00
      0.9110         1.00
      0.9120         1.00
      0.9130         1.00
      0.9140         1.00
      0.9150         1.00
      0.9160         1.00
      0.9170         1.00
      0.9180         1.00
      0.9190         1.00
      0.9200         1.00
      0.9210         1.00
      0.9220         1.00
      0.9230         1.00
      0.9240         1.00
      0.9250         1.00
      0.9260         1.00
      0.9270         1.00
      0.9280         1.00
      0.9290         1.00
      0.9300         1.00
      0.9310         1.00
      0.9320         1.00
      0.9330         1.00
      0.9340         1.00
      0.9350         1.00
      0.9360         1.00
      0.9370         1.00
      0.9380         1.00
      0.9390         1.00
      0.9400         1.00
      0.9410         1.00
      0.9420         1.00
      0.9430         1.00
      0.9440         1.00
      0.9450         1.00
      0.9460         1.00
      0.9470         1.00
      0.9480         1.00
      0.9490         1.00
      0.9500         1.00
      0.9510         1.00
      0.9520         1.00
      0.9530         1.00
      0.9540         1.00
      0.9550         1.00
      0.9560         1.00
      0.9570         1.00
      0.9580         1.00
      0.9590         1.00
      0.9600         1.00
      0.9610         1.00
      0.9620         1.00
      0.9630         1.00
      0.9640         1.00
      0.9650         1.00
      0.9660         1.00
      0.9670         1.00
      0.9680         1.00
      0.9690         1.00
      0.9700         1.00
      0.9710         1.00
      0.9720         1.00
      0.9730         1.00
      0.9740         1.00
      0.9750         1.00
      0.9760         1.00
      0.9770         1.00
      0.9780         1.00
      0.9790         1.00
      0.9800         1.00
      0.9810         1.00
      0.9820         1.00
      0.9830         1.00
      0.9840         1.00
      0.9850         1.00
      0.9860         1.00
      0.9870         1.00
      0.9880         1.00
      0.9890         1.00
      0.9900         1.00
      0.9910         1.00
      0.9920         1.00
      0.9930         1.00
      0.9940         1.00
      0.9950         1.00
      0.9960         1.00
      0.9970         1.00
      0.9980         1.00
      0.9990         1.00
      1.0000         1.00
      1.0010         1.00
      1.0020         1.00
      1.0030         1.00
      1.0040         1.00
      1.0050         1.00
      1.0060         1.00
      1.0070         1.00
      1.0080         1.00
      1.0090         1.00
      1.0100         1.00
      1.0110         1.00
      1.0120         1.00
      1.0130         1.00
      1.0140         1.00
      1.0150         1.00
      1.0160         1.04
      1.0170         1.02
      1.0180         1.07
      1.0190         1.06
      1.0200         1.00
      1.0210         1.00
      1.0220         1.56
      1.0230         1.62
      1.0240         1.70
      1.0250         1.71
      1.0260         1.62
      1.0270         1.70
      1.0280         1.67
      1.0290         1.62
      1.0300         1.67
      1.0310         1.56
      1.0320         1.02
      1.0330         1.00
      1.0340         1.00
      1.0350         1.00
      1.0360         1.00
      1.0370         1.00
      1.0380         1.00
      1.0390         1.00
      1.0400         1.00
      1.0410         1.00
      1.0420         1.00
      1.0430         1.00
      1.0440         1.00
      1.0450         1.00
      1.0460         1.00
      1.0470         1.00
      1.0480         1.00
      1.0490         1.51
      1.0500         1.00
      1.0510         1.00
      1.0520         1.00
      1.0530         1.00
      1.0540         1.00
      1.0550         1.00
      1.0560         1.02
      1.0570         1.03
      1.0580         1.59
      1.0590         1.08
      1.0600         1.16
      1.0610         1.12
      1.0620         1.02
      1.0630         1.11
      1.0640         1.00
      1.0650         1.02
      1.0660         1.11
      1.0670         1.71
      1.0680         1.73
      1.0690         1.70
      1.0700         1.77
      1.0710         1.75
      1.0720         1.79
      1.0730         1.86
      1.0740         1.86
      1.0750         1.77
      1.0760         1.77
      1.0770         1.74
      1.0780         1.69
      1.0790         1.79
      1.0800         1.79
      1.0810         1.93
      1.0820         1.90
      1.0830         1.82
      1.0840         1.90
      1.0850         1.85
      1.0860         1.81
      1.0870         1.87
      1.0880         1.86
      1.0890         1.77
      1.0900         1.77
      1.0910         1.79
      1.0920         1.65
      1.0930         1.67
      1.0940         1.73
      1.0950         1.91
      1.0960         2.01
      1.0970         2.02
      1.0980         2.03
      1.0990         2.17
      1.1000         2.29
      1.1010         2.30
      1.1020         2.33
      1.1030         2.43
      1.1040         2.49
      1.1050         2.61
      1.1060         3.12
      1.1070         3.01
      1.1080         3.14
      1.1090         3.25
      1.1100         3.37
      1.1110         3.38
      1.1120         3.53
      1.1130         3.38
      1.1140         3.31
      1.1150         3.29
      1.1160         3.16
      1.1170         3.17
      1.1180         3.16
      1.1190         3.12
      1.1200         3.12
      1.1210         3.11
      1.1220         3.16
      1.1230         2.46
      1.1240         2.53
      1.1250         2.49
      1.1260         2.49
      1.1270         2.46
      1.1280         2.35
      1.1290         2.39
      1.1300         2.49
      1.1310         2.54
      1.1320         2.65
      1.1330         2.66
      1.1340         2.82
      1.1350         2.87
      1.1360         3.52
      1.1370         3.53
      1.1380         4.13
      1.1390         4.19
      1.1400         4.21
      1.1410         4.25
      1.1420         4.22
      1.1430         4.38
      1.1440         3.85
      1.1450         3.96
      1.1460         3.96
      1.1470         4.08
      1.1480         4.22
      1.1490         4.16
      1.1500         4.09
      1.1510         4.09
      1.1520         4.01
      1.1530         4.08
      1.1540         3.97
      1.1550         3.44
      1.1560         4.04
      1.1570         4.17
      1.1580         4.17
      1.1590         3.60
      1.1600         3.70
      1.1610         3.68
      1.1620         3.72
      1.1630         3.72
      1.1640         3.80
      1.1650         3.83
      1.1660         3.81
      1.1670         3.93
      1.1680         3.93
      1.1690         4.01
      1.1700         3.97
      1.1710         4.07
      1.1720         4.15
      1.1730         4.29
      1.1740         4.29
      1.1750         4.28
      1.1760         4.19
      1.1770         4.71
      1.1780         4.79
      1.1790         4.77
      1.1800         4.87
      1.1810         4.89
      1.1820         4.97
      1.1830         5.05
      1.1840         5.04
      1.1850         5.01
      1.1860         5.01
      1.1870         4.89
      1.1880         5.03
      1.1890         5.17
      1.1900         5.12
      1.1910         5.24
      1.1920         5.22
      1.1930         5.20
      1.1940         5.26
      1.1950         5.16
      1.1960         5.24
      1.1970         5.16
      1.1980         5.21
      1.1990         5.47
      1.2000         5.48
      1.2010         5.44
      1.2020         5.54
      1.2030         5.52
      1.2040         5.54
      1.2050         5.58
      1.2060         5.62
      1.2070         5.72
      1.2080         5.75
      1.2090         5.72
      1.2100         5.83
      1.2110         5.78
      1.2120         5.79
      1.2130         5.92
      1.2140         5.96
      1.2150         6.14
      1.2160         6.19
      1.2170         6.18
      1.2180         6.23
      1.2190         6.20
      1.2200         6.26
      1.2210         6.19
      1.2220         6.12
      1.2230         6.18
      1.2240         6.13
      1.2250         6.16
      1.2260         6.19
      1.2270         6.26
      1.2280         6.27
      1.2290         6.35
      1.2300         6.43
      1.2310         6.54
      1.2320         6.60
      1.2330         6.55
      1.2340         7.11
      1.2350         7.12
      1.2360         7.08
      1.2370         6.79
      1.2380         6.82
      1.2390         6.94
      1.2400         7.53
      1.2410         7.72
      1.2420         7.24
      1.2430         7.87
      1.2440         8.07
      1.2450         8.09
      1.2460         8.31
      1.2470         8.20
      1.2480         8.32
      1.2490         7.74
      1.2500         7.91
      1.2510         7.88
      1.2520         7.95
      1.2530         7.92
      1.2540         7.92
      1.2550         8.08
      1.2560         8.10
      1.2570         8.72
      1.2580         8.84
      1.2590         8.92
      1.2600         8.99
      1.2610         9.18
      1.2620         9.28
      1.2630         9.29
      1.2640         9.51
      1.2650         9.65
      1.2660         9.71
      1.2670         9.88
      1.2680         9.84
      1.2690        10.07
      1.2700        10.06
      1.2710        10.01
      1.2720        10.26
      1.2730        10.54
      1.2740        10.70
      1.2750        10.85
      1.2760        10.79
      1.2770        10.70
      1.2780        10.59
      1.2790        10.62
      1.2800        10.67
      1.2810        10.53
      1.2820        10.57
      1.2830        10.64
      1.2840        10.52
      1.2850        10.46
      1.2860        10.52
      1.2870        10.61
      1.2880        10.82
      1.2890        10.85
      1.2900        10.94
      1.2910        11.38
      1.2920        11.22
      1.2930        11.19
      1.2940        11.34
      1.2950        11.26
      1.2960        11.54
      1.2970        11.70
      1.2980        11.94
      1.2990        12.06
      1.3000        12.09
      1.3010        12.29
      1.3020        12.57
      1.3030        12.81
      1.3040        13.24
      1.3050        13.64
      1.3060        13.91
      1.3070        14.09
      1.3080        14.29
      1.3090        14.48
      1.3100        14.67
      1.3110        14.79
      1.3120        15.10
      1.3130        15.28
      1.3140        15.42
      1.3150        15.72
      1.3160        16.02
      1.3170        16.25
      1.3180        16.37
      1.3190        16.74
      1.3200        17.11
      1.3210        17.35
      1.3220        17.49
      1.3230        17.61
      1.3240        17.66
      1.3250        17.73
      1.3260        17.80
      1.3270        18.10
      1.3280        18.19
      1.3290        18.39
      1.3300        18.61
      1.3310        18.73
      1.3320        18.87
      1.3330        19.21
      1.3340        19.43
      1.3350        19.51
      1.3360        19.63
      1.3370        19.82
      1.3380        20.06
      1.3390        20.04
      1.3400        20.05
      1.3410        20.32
      1.3420        20.52
      1.3430        20.77
      1.3440        20.97
      1.3450        21.10
      1.3460        21.36
      1.3470        21.62
      1.3480        21.85
      1.3490        22.08
      1.3500        22.39
      1.3510        22.54
      1.3520        22.78
      1.3530        22.86
      1.3540        23.05
      1.3550        23.39
      1.3560        23.57
      1.3570        23.77
      1.3580        23.97
      1.3590        24.25
      1.3600        24.37
      1.3610        24.53
      1.3620        24.76
      1.3630        24.84
      1.3640        25.00
      1.3650        25.17
      1.3660        25.20
      1.3670        25.13
      1.3680        25.15
      1.3690        25.26
      1.3700        25.36
      1.3710        25.57
      1.3720        25.64
      1.3730        25.76
      1.3740        25.92
      1.3750        26.00
      1.3760        25.98
      1.3770        26.06
      1.3780        26.05
      1.3790        26.06
      1.3800        26.32
      1.3810        26.37
      1.3820        26.38
      1.3830        26.61
      1.3840        26.74
      1.3850        26.82
      1.3860        27.25
      1.3870        27.59
      1.3880        28.00
      1.3890        28.31
      1.3900        28.47
      1.3910        28.50
      1.3920        28.79
      1.3930        28.84
      1.3940        29.00
      1.3950        29.03
      1.3960        29.21
      1.3970        29.38
      1.3980        29.66
      1.3990        29.90
      1.4000        30.04
      1.4010        30.24
      1.4020        30.29
      1.4030        30.27
      1.4040        30.37
      1.4050        30.39
      1.4060        30.24
      1.4070        30.17
      1.4080        30.05
      1.4090        29.90
      1.4100        29.82
      1.4110        29.97
      1.4120        29.95
      1.4130        30.01
      1.4140        29.99
      1.4150        30.13
      1.4160        30.16
      1.4170        30.19
      1.4180        30.13
      1.4190        30.09
      1.4200        30.15
      1.4210        30.05
      1.4220        30.20
      1.4230        30.23
      1.4240        30.24
      1.4250        30.59
      1.4260        30.77
      1.4270        30.87
      1.4280        30.96
      1.4290        31.07
      1.4300        31.34
      1.4310        31.34
      1.4320        31.46
      1.4330        31.69
      1.4340        31.79
      1.4350        31.77
      1.4360        31.90
      1.4370        32.00
      1.4380        32.07
      1.4390        32.24
      1.4400        32.31
      1.4410        32.40
      1.4420        32.44
      1.4430        32.67
      1.4440        32.63
      1.4450        32.47
      1.4460        32.39
      1.4470        32.42
      1.4480        32.46
      1.4490        32.55
      1.4500        32.41
      1.4510        32.42
      1.4520        32.39
      1.4530        32.28
      1.4540        32.12
      1.4550        32.08
      1.4560        32.18
      1.4570        32.06
      1.4580        32.05
      1.4590        32.05
      1.4600        32.07
      1.4610        32.17
      1.4620        32.10
      1.4630        31.97
      1.4640        32.08
      1.4650        32.25
      1.4660        32.20
      1.4670        32.26
      1.4680        32.36
      1.4690        32.44
      1.4700        32.51
      1.4710        32.73
      1.4720        32.60
      1.4730        32.68
      1.4740        32.85
      1.4750        33.12
      1.4760        33.04
      1.4770        33.25
      1.4780        33.16
      1.4790        33.11
      1.4800        33.12
      1.4810        33.17
      1.4820        33.37
      1.4830        33.51
      1.4840        33.45
      1.4850        33.38
      1.4860        33.54
      1.4870        33.44
      1.4880        33.27
      1.4890        33.15
      1.4900        33.02
      1.4910        32.78
      1.4920        32.95
      1.4930        32.91
      1.4940        33.05
      1.4950        33.02
      1.4960        33.14
      1.4970        33.06
      1.4980        33.05
      1.4990        33.11
      1.5000        33.03
      1.5010        32.90
      1.5020        32.83
      1.5030        32.89
      1.5040        33.01
      1.5050        33.10
      1.5060        33.05
      1.5070        33.12
      1.5080        33.15
      1.5090        33.19
      1.5100        33.45
      1.5110        33.76
      1.5120        33.81
      1.5130        33.92
      1.5140        33.85
      1.5150        33.85
      1.5160        33.97
      1.5170        34.12
      1.5180        34.39
      1.5190        34.40
      1.5200        34.40
      1.5210        34.52
      1.5220        34.56
      1.5230        34.60
      1.5240        34.63
      1.5250        34.56
      1.5260        34.67
      1.5270        34.79
      1.5280        34.87
      1.5290        34.95
      1.5300        35.08
      1.5310        34.99
      1.5320        34.95
      1.5330        34.94
      1.5340        34.89
      1.5350        34.92
      1.5360        34.76
      1.5370        34.60
      1.5380        34.53
      1.5390        34.47
      1.5400        34.57
      1.5410        34.51
      1.5420        34.63
      1.5430        34.53
      1.5440        34.56
      1.5450        34.64
      1.5460        34.68
      1.5470        34.81
      1.5480        34.82
      1.5490        34.86
      1.5500        34.82
      1.5510        34.82
      1.5520        34.90
      1.5530        34.93
      1.5540        35.14
      1.5550        35.16
      1.5560        35.20
      1.5570        35.37
      1.5580        35.59
      1.5590        35.76
      1.5600        35.90
      1.5610        36.12
      1.5620        36.10
      1.5630        36.27
      1.5640        36.45
      1.5650        36.59
      1.5660        36.55
      1.5670        36.58
      1.5680        36.75
      1.5690        36.86
      1.5700        36.82
      1.5710        36.77
      1.5720        36.86
      1.5730        36.95
      1.5740        37.02
      1.5750        37.04
      1.5760        37.35
      1.5770        37.50
      1.5780        37.60
      1.5790        37.57
      1.5800        37.63
      1.5810        37.68
      1.5820        37.73
      1.5830        37.81
      1.5840        37.85
      1.5850        37.89
      1.5860        37.97
      1.5870        37.90
      1.5880        37.84
      1.5890        37.84
      1.5900        38.03
      1.5910        38.33
      1.5920        38.38
      1.5930        38.46
      1.5940        38.46
      1.5950        38.61
      1.5960        38.61
      1.5970        38.43
      1.5980        38.34
      1.5990        38.31
      1.6000        38.39
      1.6010        38.46
      1.6020        38.57
      1.6030        38.55
      1.6040        38.51
      1.6050        38.42
      1.6060        38.43
      1.6070        38.52
      1.6080        38.67
      1.6090        38.85
      1.6100        38.71
      1.6110        38.52
      1.6120        38.56
      1.6130        38.49
      1.6140        38.50
      1.6150        38.46
      1.6160        38.29
      1.6170        38.34
      1.6180        38.52
      1.6190        38.63
      1.6200        38.56
      1.6210        38.52
      1.6220        38.56
      1.6230        38.50
      1.6240        38.50
      1.6250        38.66
      1.6260        38.88
      1.6270        38.80
      1.6280        38.78
      1.6290        38.77
      1.6300        38.82
      1.6310        38.95
      1.6320        38.97
      1.6330        39.11
      1.6340        39.20
      1.6350        39.21
      1.6360        39.25
      1.6370        39.32
      1.6380        39.25
      1.6390        39.36
      1.6400        39.42
      1.6410        39.48
      1.6420        39.44
      1.6430        39.55
      1.6440        39.68
      1.6450        39.68
      1.6460        39.61
      1.6470        39.72
      1.6480        39.81
      1.6490        39.82
      1.6500        40.01
      1.6510        40.12
      1.6520        40.14
      1.6530        40.20
      1.6540        40.29
      1.6550        40.30
      1.6560        40.45
      1.6570        40.44
      1.6580        40.41
      1.6590        40.45
      1.6600        40.54
      1.6610        40.66
      1.6620        40.74
      1.6630        40.79
      1.6640        40.93
      1.6650        41.02
      1.6660        41.11
      1.6670        41.23
      1.6680        41.25
      1.6690        41.29
      1.6700        41.25
      1.6710        41.26
      1.6720        41.18
      1.6730        41.26
      1.6740        41.25
      1.6750        41.42
      1.6760        41.46
      1.6770        41.58
      1.6780        41.65
      1.6790        41.64
      1.6800        41.83
      1.6810        41.84
      1.6820        41.80
      1.6830        41.95
      1.6840        41.83
      1.6850        41.95
      1.6860        41.88
      1.6870        41.91
      1.6880        41.92
      1.6890        41.99
      1.6900        41.89
      1.6910        41.84
      1.6920        41.92
      1.6930        41.76
      1.6940        41.67
      1.6950        41.67
      1.6960        41.60
      1.6970        41.59
      1.6980        41.47
      1.6990        41.48
      1.7000        41.20
      1.7010        41.05
      1.7020        41.06
      1.7030        40.93
      1.7040        40.97
      1.7050        40.84
      1.7060        40.91
      1.7070        40.84
      1.7080        40.84
      1.7090        40.76
      1.7100        40.87
      1.7110        41.02
      1.7120        41.17
      1.7130        41.22
      1.7140        41.42
      1.7150        41.48
      1.7160        41.43
      1.7170        41.59
      1.7180        41.82
      1.7190        41.98
      1.7200        42.24
      1.7210        42.23
      1.7220        42.48
      1.7230        42.53
      1.7240        42.52
      1.7250        42.49
      1.7260        42.45
      1.7270        42.51
      1.7280        42.61
      1.7290        42.65
      1.7300        42.72
      1.7310        42.76
      1.7320        42.69
      1.7330        42.74
      1.7340        42.45
      1.7350        42.34
      1.7360        42.37
      1.7370        42.10
      1.7380        42.02
      1.7390        41.94
      1.7400        41.74
      1.7410        41.79
      1.7420        41.67
      1.7430        41.57
      1.7440        41.50
      1.7450        41.47
      1.7460        41.34
      1.7470        41.27
      1.7480        41.15
      1.7490        40.99
      1.7500        40.82
      1.7510        40.63
      1.7520        40.62
      1.7530        40.72
      1.7540        40.93
      1.7550        41.02
      1.7560        41.18
      1.7570        41.37
      1.7580        41.18
      1.7590        41.10
      1.7600        41.14
      1.7610        41.14
      1.7620        41.04
      1.7630        40.94
      1.7640        41.02
      1.7650        40.94
      1.7660        41.02
      1.7670        41.05
      1.7680        40.93
      1.7690        40.97
      1.7700        40.91
      1.7710        41.02
      1.7720        40.93
      1.7730        40.62
      1.7740        40.50
      1.7750        40.33
      1.7760        40.22
      1.7770        39.90
      1.7780        40.04
      1.7790        39.93
      1.7800        39.89
      1.7810        39.82
      1.7820        39.57
      1.7830        39.48
      1.7840        39.28
      1.7850        39.23
      1.7860        39.18
      1.7870        39.09
      1.7880        39.14
      1.7890        38.99
      1.7900        39.06
      1.7910        38.94
      1.7920        38.88
      1.7930        39.06
      1.7940        39.03
      1.7950        39.12
      1.7960        39.20
      1.7970        39.39
      1.7980        39.53
      1.7990        39.65
      1.8000        39.63
      1.8010        39.77
      1.8020        39.94
      1.8030        40.08
      1.8040        40.16
      1.8050        40.28
      1.8060        40.21
      1.8070        40.18
      1.8080        40.10
      1.8090        40.23
      1.8100        40.08
      1.8110        40.09
      1.8120        40.01
      1.8130        39.81
      1.8140        39.80
      1.8150        39.76
      1.8160        39.60
      1.8170        39.58
      1.8180        39.41
      1.8190        39.22
      1.8200        39.08
      1.8210        38.92
      1.8220        38.79
      1.8230        38.71
      1.8240        38.67
      1.8250        38.46
      1.8260        38.55
      1.8270        38.47
      1.8280        38.53
      1.8290        38.36
      1.8300        38.42
      1.8310        38.19
      1.8320        38.06
      1.8330        38.14
      1.8340        38.14
      1.8350        38.01
      1.8360        37.98
      1.8370        37.86
      1.8380        37.83
      1.8390        37.87
      1.8400        37.94
      1.8410        37.93
      1.8420        37.95
      1.8430        37.97
      1.8440        38.03
      1.8450        37.97
      1.8460        37.78
      1.8470        37.95
      1.8480        37.98
      1.8490        38.05
      1.8500        38.15
      1.8510        38.17
      1.8520        38.11
      1.8530        38.14
      1.8540        38.10
      1.8550        38.03
      1.8560        37.87
      1.8570        37.90
      1.8580        37.87
      1.8590        37.86
      1.8600        37.81
      1.8610        37.70
      1.8620        37.56
      1.8630        37.44
      1.8640        37.20
      1.8650        37.40
      1.8660        37.43
      1.8670        37.13
      1.8680        36.93
      1.8690        36.94
      1.8700        36.86
      1.8710        36.81
      1.8720        36.93
      1.8730        36.84
      1.8740        36.69
      1.8750        36.62
      1.8760        36.89
      1.8770        37.00
      1.8780        36.91
      1.8790        36.93
      1.8800        36.92
      1.8810        36.92
      1.8820        37.24
      1.8830        37.49
      1.8840        37.63
      1.8850        37.45
      1.8860        37.55
      1.8870        37.59
      1.8880        37.61
      1.8890        37.57
      1.8900        37.51
      1.8910        37.57
      1.8920        37.71
      1.8930        37.60
      1.8940        37.57
      1.8950        37.63
      1.8960        37.37
      1.8970        37.21
      1.8980        37.24
      1.8990        37.23
      1.9000        37.25
      1.9010        37.25
      1.9020        37.09
      1.9030        36.77
      1.9040        36.69
      1.9050        36.67
      1.9060        36.47
      1.9070        36.60
      1.9080        36.72
      1.9090        36.72
      1.9100        36.77
      1.9110        36.95
      1.9120        36.73
      1.9130        36.87
      1.9140        36.96
      1.9150        37.04
      1.9160        37.16
      1.9170        37.16
      1.9180        37.18
      1.9190        37.31
      1.9200        37.41
      1.9210        37.49
      1.9220        37.57
      1.9230        37.83
      1.9240        37.91
      1.9250        38.23
      1.9260        38.45
      1.9270        38.54
      1.9280        38.57
      1.9290        38.62
      1.9300        38.66
      1.9310        38.45
      1.9320        38.69
      1.9330        38.78
      1.9340        38.66
      1.9350        38.75
      1.9360        38.73
      1.9370        38.83
      1.9380        38.87
      1.9390        38.75
      1.9400        38.65
      1.9410        38.65
      1.9420        38.52
      1.9430        38.47
      1.9440        38.32
      1.9450        38.17
      1.9460        38.07
      1.9470        37.87
      1.9480        37.68
      1.9490        37.69
      1.9500        37.49
      1.9510        37.60
      1.9520        37.51
      1.9530        37.47
      1.9540        37.62
      1.9550        37.52
      1.9560        37.50
      1.9570        37.40
      1.9580        37.22
      1.9590        37.15
      1.9600        37.23
      1.9610        37.30
      1.9620        37.37
      1.9630        37.34
      1.9640        37.57
      1.9650        37.49
      1.9660        37.65
      1.9670        37.75
      1.9680        37.81
      1.9690        37.73
      1.9700        37.75
      1.9710        37.80
      1.9720        38.04
      1.9730        38.05
      1.9740        38.01
      1.9750        37.97
      1.9760        38.10
      1.9770        38.20
      1.9780        38.47
      1.9790        38.57
      1.9800        38.42
      1.9810        38.37
      1.9820        38.28
      1.9830        38.18
      1.9840        38.17
      1.9850        38.20
      1.9860        38.09
      1.9870        37.90
      1.9880        37.82
      1.9890        37.77
      1.9900        37.87
      1.9910        37.94
      1.9920        37.70
      1.9930        37.68
      1.9940        37.70
      1.9950        37.79
      1.9960        37.73
      1.9970        37.71
      1.9980        37.55
      1.9990        37.48
      2.0000        37.54
      2.0010        37.57
      2.0020        37.66
      2.0030        37.75
      2.0040        37.70
      2.0050        37.74
      2.0060        37.82
      2.0070        38.13
      2.0080        38.27
      2.0090        38.37
      2.0100        38.41
      2.0110        38.34
      2.0120        38.36
      2.0130        38.29
      2.0140        38.42
      2.0150        38.27
      2.0160        38.27
      2.0170        38.30
      2.0180        38.42
      2.0190        38.45
      2.0200        38.36
      2.0210        38.22
      2.0220        38.10
      2.0230        37.95
      2.0240        37.92
      2.0250        37.90
      2.0260        37.93
      2.0270        37.70
      2.0280        37.74
      2.0290        37.63
      2.0300        37.50
      2.0310        37.26
      2.0320        37.20
      2.0330        37.16
      2.0340        37.04
      2.0350        37.15
      2.0360        37.01
      2.0370        36.96
      2.0380        36.91
      2.0390        36.92
      2.0400        37.04
      2.0410        36.99
      2.0420        37.13
      2.0430        37.20
      2.0440        37.14
      2.0450        37.22
      2.0460        37.14
      2.0470        37.19
      2.0480        37.25
      2.0490        37.39
      2.0500        37.51
      2.0510        37.75
      2.0520        37.80
      2.0530        37.71
      2.0540        37.67
      2.0550        37.65
      2.0560        37.79
      2.0570        37.81
      2.0580        37.74
      2.0590        37.77
      2.0600        37.70
      2.0610        37.73
      2.0620        37.71
      2.0630        37.89
      2.0640        37.98
      2.0650        37.80
      2.0660        37.80
      2.0670        37.88
      2.0680        37.70
      2.0690        37.53
      2.0700        37.45
      2.0710        37.33
      2.0720        37.39
      2.0730        37.51
      2.0740        37.59
      2.0750        37.39
      2.0760        37.28
      2.0770        37.22
      2.0780        37.24
      2.0790        37.22
      2.0800        37.32
      2.0810        37.31
      2.0820        37.30
      2.0830        37.19
      2.0840        37.23
      2.0850        37.34
      2.0860        37.43
      2.0870        37.34
      2.0880        37.64
      2.0890        37.70
      2.0900        37.82
      2.0910        37.94
      2.0920        37.86
      2.0930        37.92
      2.0940        37.89
      2.0950        38.16
      2.0960        38.07
      2.0970        38.25
      2.0980        38.29
      2.0990        38.29
      2.1000        38.30
      2.1010        38.41
      2.1020        38.34
      2.1030        38.18
      2.1040        38.25
      2.1050        38.23
      2.1060        38.19
      2.1070        38.26
      2.1080        37.94
      2.1090        37.82
      2.1100        37.74
      2.1110        37.61
      2.1120        37.45
      2.1130        37.45
      2.1140        37.46
      2.1150        37.27
      2.1160        37.50
      2.1170        37.25
      2.1180        37.02
      2.1190        36.92
      2.1200        36.81
      2.1210        36.82
      2.1220        36.91
      2.1230        37.01
      2.1240        36.83
      2.1250        36.88
      2.1260        36.78
      2.1270        36.70
      2.1280        36.83
      2.1290        37.02
      2.1300        37.03
      2.1310        37.18
      2.1320        37.17
      2.1330        37.06
      2.1340        36.95
      2.1350        36.98
      2.1360        36.91
      2.1370        37.06
      2.1380        37.31
      2.1390        37.31
      2.1400        37.27
      2.1410        37.26
      2.1420        37.15
      2.1430        37.20
      2.1440        37.36
      2.1450        37.22
      2.1460        37.14
      2.1470        37.15
      2.1480        36.88
      2.1490        36.77
      2.1500        36.70
      2.1510        36.54
      2.1520        36.52
      2.1530        36.49
      2.1540        36.38
      2.1550        36.36
      2.1560        36.25
      2.1570        36.16
      2.1580        36.14
      2.1590        36.13
      2.1600        36.13
      2.1610        36.09
      2.1620        35.98
      2.1630        35.94
      2.1640        35.74
      2.1650        35.69
      2.1660        35.81
      2.1670        35.69
      2.1680        35.88
      2.1690        35.84
      2.1700        35.87
      2.1710        35.95
      2.1720        36.00
      2.1730        36.17
      2.1740        36.32
      2.1750        36.21
      2.1760        36.25
      2.1770        36.19
      2.1780        36.11
      2.1790        36.06
      2.1800        36.03
      2.1810        35.98
      2.1820        36.03
      2.1830        36.01
      2.1840        35.97
      2.1850        35.93
      2.1860        35.85
      2.1870        35.99
      2.1880        35.93
      2.1890        35.85
      2.1900        35.79
      2.1910        35.61
      2.1920        35.48
      2.1930        35.13
      2.1940        35.14
      2.1950        35.22
      2.1960        35.03
      2.1970        35.03
      2.1980        34.95
      2.1990        34.97
      2.2000        34.84
      2.2010        34.73
      2.2020        34.52
      2.2030        34.44
      2.2040        34.32
      2.2050        34.41
      2.2060        34.34
      2.2070        34.29
      2.2080        34.25
      2.2090        34.39
      2.2100        34.28
      2.2110        34.35
      2.2120        34.53
      2.2130        34.60
      2.2140        34.37
      2.2150        34.33
      2.2160        34.41
      2.2170        34.33
      2.2180        34.24
      2.2190        34.11
      2.2200        33.98
      2.2210        34.00
      2.2220        34.02
      2.2230        33.97
      2.2240        33.94
      2.2250        33.69
      2.2260        33.61
      2.2270        33.37
      2.2280        33.20
      2.2290        33.11
      2.2300        33.02
      2.2310        32.91
      2.2320        32.86
      2.2330        32.76
      2.2340        32.67
      2.2350        32.60
      2.2360        32.52
      2.2370        32.47
      2.2380        32.27
      2.2390        32.09
      2.2400        32.15
      2.2410        31.92
      2.2420        31.93
      2.2430        31.86
      2.2440        31.88
      2.2450        31.85
      2.2460        31.88
      2.2470        31.72
      2.2480        31.67
      2.2490        31.46
      2.2500        31.43
      2.2510        31.31
      2.2520        31.14
      2.2530        31.22
      2.2540        31.20
      2.2550        31.22
      2.2560        31.16
      2.2570        31.08
      2.2580        31.27
      2.2590        31.27
      2.2600        31.07
      2.2610        31.07
      2.2620        30.73
      2.2630        30.66
      2.2640        30.58
      2.2650        30.57
      2.2660        30.36
      2.2670        30.38
      2.2680        30.14
      2.2690        29.99
      2.2700        29.83
      2.2710        29.63
      2.2720        29.46
      2.2730        29.11
      2.2740        28.89
      2.2750        28.65
      2.2760        28.41
      2.2770        28.31
      2.2780        28.00
      2.2790        27.88
      2.2800        27.84
      2.2810        27.65
      2.2820        27.68
      2.2830        27.51
      2.2840        27.26
      2.2850        27.05
      2.2860        26.96
      2.2870        26.87
      2.2880        26.88
      2.2890        26.81
      2.2900        26.80
      2.2910        26.73
      2.2920        26.69
      2.2930        26.68
      2.2940        26.72
      2.2950        26.70
      2.2960        26.67
      2.2970        26.60
      2.2980        26.66
      2.2990        26.67
      2.3000        26.69
      2.3010        26.75
      2.3020        26.67
      2.3030        26.66
      2.3040        26.70
      2.3050        26.78
      2.3060        26.58
      2.3070        26.45
      2.3080        26.46
      2.3090        26.47
      2.3100        26.34
      2.3110        26.35
      2.3120        26.08
      2.3130        26.04
      2.3140        25.84
      2.3150        25.69
      2.3160        25.45
      2.3170        25.18
      2.3180        24.94
      2.3190        24.86
      2.3200        24.79
      2.3210        24.62
      2.3220        24.46
      2.3230        24.28
      2.3240        24.04
      2.3250        23.75
      2.3260        23.79
      2.3270        23.50
      2.3280        23.34
      2.3290        23.08
      2.3300        22.90
      2.3310        22.74
      2.3320        22.82
      2.3330        22.58
      2.3340        22.64
      2.3350        22.50
      2.3360        22.64
      2.3370        22.68
      2.3380        22.70
      2.3390        22.56
      2.3400        22.33
      2.3410        22.17
      2.3420        22.08
      2.3430        21.97
      2.3440        22.09
      2.3450        22.04
      2.3460        21.98
      2.3470        22.12
      2.3480        22.08
      2.3490        21.99
      2.3500        21.99
      2.3510        21.86
      2.3520        21.72
      2.3530        21.68
      2.3540        21.54
      2.3550        21.41
      2.3560        21.06
      2.3570        20.89
      2.3580        20.69
      2.3590        20.45
      2.3600        20.35
      2.3610        20.35
      2.3620        20.35
      2.3630        20.14
      2.3640        19.89
      2.3650        19.79
      2.3660        19.53
      2.3670        19.33
      2.3680        19.13
      2.3690        19.18
      2.3700        18.95
      2.3710        18.93
      2.3720        18.78
      2.3730        18.57
      2.3740        18.34
      2.3750        18.22
      2.3760        18.17
      2.3770        18.23
      2.3780        18.03
      2.3790        18.09
      2.3800        17.93
      2.3810        17.73
      2.3820        17.40
      2.3830        17.42
      2.3840        17.36
      2.3850        17.12
      2.3860        16.99
      2.3870        16.90
      2.3880        16.76
      2.3890        16.52
      2.3900        16.40
      2.3910        16.13
      2.3920        15.93
      2.3930        15.87
      2.3940        15.67
      2.3950        15.47
      2.3960        15.23
      2.3970        14.85
      2.3980        14.68
      2.3990        13.92
      2.4000        13.77
      2.4010        13.60
      2.4020        13.49
      2.4030        13.18
      2.4040        12.85
      2.4050        12.85
      2.4060        12.68
      2.4070        12.54
      2.4080        12.36
      2.4090        12.34
      2.4100        12.23
      2.4110        12.15
      2.4120        12.11
      2.4130        11.97
      2.4140        11.87
      2.4150        11.74
      2.4160        11.74
      2.4170        11.68
      2.4180        11.58
      2.4190        11.42
      2.4200        11.45
      2.4210        11.94
      2.4220        11.99
      2.4230        11.82
      2.4240        11.31
      2.4250        11.23
      2.4260        11.72
      2.4270        11.21
      2.4280        11.22
      2.4290        11.07
      2.4300        11.02
      2.4310        11.05
      2.4320        10.94
      2.4330        10.94
      2.4340        10.98
      2.4350        10.88
      2.4360        10.77
      2.4370        10.59
      2.4380        10.50
      2.4390        10.43
      2.4400        10.25
      2.4410        10.05
      2.4420         9.93
      2.4430         9.82
      2.4440         9.54
      2.4450         9.38
      2.4460         9.18
      2.4470         8.95
      2.4480         8.79
      2.4490         8.61
      2.4500         8.42
      2.4510         8.13
      2.4520         7.94
      2.4530         7.70
      2.4540         7.53
      2.4550         7.31
      2.4560         7.14
      2.4570         7.10
      2.4580         6.98
      2.4590         6.87
      2.4600         6.83
      2.4610         6.90
      2.4620         6.78
      2.4630         6.70
      2.4640         6.72
      2.4650         6.63
      2.4660         6.54
      2.4670         6.44
      2.4680         6.34
      2.4690         6.17
      2.4700         6.11
      2.4710         5.96
      2.4720         5.92
      2.4730         5.80
      2.4740         5.69
      2.4750         5.60
      2.4760         5.65
      2.4770         5.40
      2.4780         5.29
      2.4790         5.18
      2.4800         5.03
      2.4810         4.77
      2.4820         4.60
      2.4830         4.43
      2.4840         4.29
      2.4850         4.04
      2.4860         3.87
      2.4870         3.25
      2.4880         3.61
      2.4890         3.05
      2.4900         2.95
      2.4910         2.84
      2.4920         2.73
      2.4930         2.57
      2.4940         2.40
      2.4950         2.26
      2.4960         2.03
      2.4970         1.95
      2.4980         1.86
      2.4990         1.62
      2.5000         1.50
      2.5010         1.48
      2.5020         1.00
      2.5030         1.00
      2.5040         1.00
      2.5050         1.00
      2.5060         1.00
      2.5070         1.00
      2.5080         1.00
      2.5090         1.00
      2.5100         1.00
      2.5110         1.00
      2.5120         1.00
      2.5130         1.00
      2.5140         1.00
      2.5150         1.00
      2.5160         1.00
      2.5170         1.00
      2.5180         1.00
      2.5190         1.00
      2.5200         1.00
      2.5210         1.00
      2.5220         1.00
      2.5230         1.00
      2.5240         1.00
      2.5250         1.00
      2.5260         1.00
      2.5270         1.00
      2.5280         1.00
      2.5290         1.00
      2.5300         1.00
      2.5310         1.00
      2.5320         1.00
      2.5330         1.00
      2.5340         1.00
      2.5350         1.00
      2.5360         1.00
      2.5370         1.00
      2.5380         1.00
      2.5390         1.00
      2.5400         1.00
      2.5410         1.00
      2.5420         1.00
      2.5430         1.00
      2.5440         1.00
      2.5450         1.00
      2.5460         1.00
      2.5470         1.00
      2.5480         1.00
      2.5490         1.00
      2.5500         1.00
      2.5510         1.00
      2.5520         1.00
      2.5530         1.00
      2.5540         1.00
      2.5550         1.00
      2.5560         1.00
      2.5570         1.00
      2.5580         1.00
      2.5590         1.00
      2.5600         1.00
      2.5610         1.00
      2.5620         1.00
      2.5630         1.00
      2.5640         1.00
      2.5650         1.00
      2.5660         1.00
      2.5670         1.00
      2.5680         1.00
      2.5690         1.00
      2.5700         1.00
      2.5710         1.00
      2.5720         1.00
      2.5730         1.00
      2.5740         1.00
      2.5750         1.00
      2.5760         1.00
      2.5770         1.00
      2.5780         1.00
      2.5790         1.00
      2.5800         1.00
      2.5810         1.00
      2.5820         1.00
      2.5830         1.00
      2.5840         1.00
      2.5850         1.00
      2.5860         1.00
      2.5870         1.00
      2.5880         1.00
      2.5890         1.00
      2.5900         1.00
      2.5910         1.00
      2.5920         1.00
      2.5930         1.00
      2.5940         1.00
      2.5950         1.00
      2.5960         1.00
      2.5970         1.00
      2.5980         1.00
      2.5990         1.00
      2.6000         1.00
      2.6010         1.00
      2.6020         1.00
      2.6030         1.00
      2.6040         1.00
      2.6050         1.00
      2.6060         1.00
      2.6070         1.00
      2.6080         1.00
      2.6090         1.00
      2.6100         1.00
      2.6110         1.00
      2.6120         1.00
      2.6130         1.00
      2.6140         1.00
      2.6150         1.00
      2.6160         1.00
      2.6170         1.00
      2.6180         1.00
      2.6190         1.00
      2.6200         1.00
      2.6210         1.00
      2.6220         1.00
      2.6230         1.00
      2.6240         1.00
      2.6250         1.00
      2.6260         1.00
      2.6270         1.00
      2.6280         1.00
      2.6290         1.00
      2.6300         1.00
      2.6310         1.00
      2.6320         1.00
      2.6330         1.00
      2.6340         1.00
      2.6350         1.00
      2.6360         1.00
      2.6370         1.00
      2.6380         1.00
      2.6390         1.00
      2.6400         1.00
      2.6410         1.00
      2.6420         1.00
      2.6430         1.00
      2.6440         1.00
      2.6450         1.00
      2.6460         1.00
      2.6470         1.00
      2.6480         1.00
      2.6490         1.00
      2.6500         1.00
      2.6510         1.00
      2.6520         1.00
      2.6530         1.00
      2.6540         1.00
      2.6550         1.00
      2.6560         1.00
      2.6570         1.00
      2.6580         1.00
      2.6590         1.00
      2.6600         1.00
      2.6610         1.00
      2.6620         1.00
      2.6630         1.00
      2.6640         1.00
      2.6650         1.00
      2.6660         1.00
      2.6670         1.00
      2.6680         1.00
      2.6690         1.00
      2.6700         1.00
      2.6710         1.00
      2.6720         1.00
      2.6730         1.00
      2.6740         1.00
      2.6750         1.00
      2.6760         1.00
      2.6770         1.00
      2.6780         1.00
      2.6790         1.00
      2.6800         1.00
      2.6810         1.00
      2.6820         1.00
      2.6830         1.00
      2.6840         1.00
      2.6850         1.00
      2.6860         1.00
      2.6870         1.00
      2.6880         1.00
      2.6890         1.00
      2.6900         1.00
      2.6910         1.00
      2.6920         1.00
      2.6930         1.00
      2.6940         1.00
      2.6950         1.00
      2.6960         1.00
      2.6970         1.00
      2.6980         1.00
      2.6990         1.00
      2.7000         1.00
      2.7010         1.00
      2.7020         1.00
      2.7030         1.00
      2.7040         1.00
      2.7050         1.00
      2.7060         1.00
      2.7070         1.00
      2.7080         1.00
      2.7090         1.00
      2.7100         1.00
      2.7110         1.00
      2.7120         1.00
      2.7130         1.00
      2.7140         1.00
      2.7150         1.00
      2.7160         1.00
      2.7170         1.00
      2.7180         1.00
      2.7190         1.00
      2.7200         1.00
      2.7210         1.00
      2.7220         1.00
      2.7230         1.00
      2.7240         1.00
      2.7250         1.00
      2.7260         1.00
      2.7270         1.00
      2.7280         1.00
      2.7290         1.00
      2.7300         1.00
      2.7310         1.00
      2.7320         1.00
      2.7330         1.00
      2.7340         1.00
      2.7350         1.00
      2.7360         1.00
      2.7370         1.00
      2.7380         1.00
      2.7390         1.00
      2.7400         1.00
      2.7410         1.00
      2.7420         1.00
      2.7430         1.00
      2.7440         1.00
      2.7450         1.00
      2.7460         1.00
      2.7470         1.00
      2.7480         1.00
      2.7490         1.00
      2.7500         1.00
      2.7510         1.00
      2.7520         1.00
      2.7530         1.00
      2.7540         1.00
      2.7550         1.00
      2.7560         1.00
      2.7570         1.00
      2.7580         1.00
      2.7590         1.00
      2.7600         1.00
      2.7610         1.00
      2.7620         1.00
      2.7630         1.00
      2.7640         1.00
      2.7650         1.00
      2.7660         1.00
      2.7670         1.00
      2.7680         1.00
      2.7690         1.00
      2.7700         1.00
      2.7710         1.00
      2.7720         1.00
      2.7730         1.00
      2.7740         1.00
      2.7750         1.00
      2.7760         1.00
      2.7770         1.00
      2.7780         1.00
      2.7790         1.00
      2.7800         1.00
      2.7810         1.00
      2.7820         1.00
      2.7830         1.00
      2.7840         1.00
      2.7850         1.00
      2.7860         1.00
      2.7870         1.00
      2.7880         1.00
      2.7890         1.00
      2.7900         1.00
      2.7910         1.00
      2.7920         1.00
      2.7930         1.00
      2.7940         1.00
      2.7950         1.00
      2.7960         1.00
      2.7970         1.00
      2.7980         1.00
      2.7990         1.00
      2.8000         1.00
      2.8010         1.00
      2.8020         1.00
      2.8030         1.00
      2.8040         1.00
      2.8050         1.00
      2.8060         1.00
      2.8070         1.00
      2.8080         1.00
      2.8090         1.00
      2.8100         1.00
      2.8110         1.00
      2.8120         1.00
      2.8130         1.00
      2.8140         1.00
      2.8150         1.00
      2.8160         1.00
      2.8170         1.00
      2.8180         1.00
      2.8190         1.00
      2.8200         1.00
      2.8210         1.00
      2.8220         1.00
      2.8230         1.00
      2.8240         1.00
      2.8250         1.00
      2.8260         1.00
      2.8270         1.00
      2.8280         1.00
      2.8290         1.00
      2.8300         1.00
      2.8310         1.00
      2.8320         1.00
      2.8330         1.00
      2.8340         1.00
      2.8350         1.00
      2.8360         1.00
      2.8370         1.00
      2.8380         1.00
      2.8390         1.00
      2.8400         1.00
      2.8410         1.00
      2.8420         1.00
      2.8430         1.00
      2.8440         1.00
      2.8450         1.00
      2.8460         1.00
      2.8470         1.00
      2.8480         1.00
      2.8490         1.00
      2.8500         1.00
      2.8510         1.00
      2.8520         1.00
      2.8530         1.00
      2.8540         1.00
      2.8550         1.00
      2.8560         1.00
      2.8570         1.00
      2.8580         1.00
      2.8590         1.00
      2.8600         1.00
      2.8610         1.00
      2.8620         1.00
      2.8630         1.00
      2.8640         1.00
      2.8650         1.00
      2.8660         1.00
      2.8670         1.00
      2.8680         1.00
      2.8690         1.00
      2.8700         1.00
      2.8710         1.00
      2.8720         1.00
      2.8730         1.00
      2.8740         1.00
      2.8750         1.00
      2.8760         1.00
      2.8770         1.00
      2.8780         1.00
      2.8790         1.00
      2.8800         1.00
      2.8810         1.00
      2.8820         1.00
      2.8830         1.00
      2.8840         1.00
      2.8850         1.00
      2.8860         1.00
      2.8870         1.00
      2.8880         1.00
      2.8890         1.00
      2.8900         1.00
      2.8910         1.00
      2.8920         1.00
      2.8930         1.00
      2.8940         1.00
      2.8950         1.00
      2.8960         1.00
      2.8970         1.00
      2.8980         1.00
      2.8990         1.00
      2.9000         1.00
      2.9010         1.00
      2.9020         1.00
      2.9030         1.00
      2.9040         1.00
      2.9050         1.00
      2.9060         1.00
      2.9070         1.00
      2.9080         1.00
      2.9090         1.00
      2.9100         1.00
      2.9110         1.00
      2.9120         1.00
      2.9130         1.00
      2.9140         1.00
      2.9150         1.00
      2.9160         1.00
      2.9170         1.00
      2.9180         1.00
      2.9190         1.00
      2.9200         1.00
      2.9210         1.00
      2.9220         1.00
      2.9230         1.00
      2.9240         1.00
      2.9250         1.00
      2.9260         1.00
      2.9270         1.00
      2.9280         1.00
      2.9290         1.00
      2.9300         1.00
      2.9310         1.00
      2.9320         1.00
      2.9330         1.00
      2.9340         1.00
      2.9350         1.00
      2.9360         1.00
      2.9370         1.00
      2.9380         1.00
      2.9390         1.00
      2.9400         1.00
      2.9410         1.00
      2.9420         1.00
      2.9430         1.00
      2.9440         1.00
      2.9450         1.00
      2.9460         1.00
      2.9470         1.00
      2.9480         1.00
      2.9490         1.00
      2.9500         1.00
      2.9510         1.00
      2.9520         1.00
      2.9530         1.00
      2.9540         1.00
      2.9550         1.00
      2.9560         1.00
      2.9570         1.00
      2.9580         1.00
      2.9590         1.00
      2.9600         1.00
      2.9610         1.00
      2.9620         1.00
      2.9630         1.00
      2.9640         1.00
      2.9650         1.00
      2.9660         1.00
      2.9670         1.00
      2.9680         1.00
      2.9690         1.00
      2.9700         1.00
      2.9710         1.00
      2.9720         1.00
      2.9730         1.00
      2.9740         1.00
      2.9750         1.00
      2.9760         1.00
      2.9770         1.00
      2.9780         1.00
      2.9790         1.00
      2.9800         1.00
      2.9810         1.00
      2.9820         1.00
      2.9830         1.00
      2.9840         1.00
      2.9850         1.00
      2.9860         1.00
      2.9870         1.00
      2.9880         1.00
      2.9890         1.00
      2.9900         1.00
      2.9910         1.00
      2.9920         1.00
      2.9930         1.00
      2.9940         1.00
      2.9950         1.00
      2.9960         1.00
      2.9970         1.00
      2.9980         1.00
      2.9990         1.00
