        Time   Palpation Force
      0.0000         1.00
      0.0010         1.00
      0.0020         1.00
      0.0030         1.00
      0.0040         1.00
      0.0050         1.00
      0.0060         1.00
      0.0070         1.00
      0.0080         1.00
      0.0090         1.00
      0.0100         1.00
      0.0110         1.00
      0.0120         1.00
      0.0130         1.00
      0.0140         1.00
      0.0150         1.00
      0.0160         1.00
      0.0170         1.00
      0.0180         1.00
      0.0190         1.00
      0.0200         1.00
      0.0210         1.00
      0.0220         1.00
      0.0230         1.00
      0.0240         1.00
      0.0250         1.00
      0.0260         1.00
      0.0270         1.00
      0.0280         1.00
      0.0290         1.00
      0.0300         1.00
      0.0310         1.00
      0.0320         1.00
      0.0330         1.00
      0.0340         1.00
      0.0350         1.00
      0.0360         1.00
      0.0370         1.00
      0.0380         1.00
      0.0390         1.00
      0.0400         1.00
      0.0410         1.00
      0.0420         1.00
      0.0430         1.00
      0.0440         1.00
      0.0450         1.00
      0.0460         1.00
      0.0470         1.00
      0.0480         1.00
      0.0490         1.00
      0.0500         1.00
      0.0510         1.00
      0.0520         1.00
      0.0530         1.00
      0.0540         1.00
      0.0550         1.00
      0.0560         1.00
      0.0570         1.00
      0.0580         1.00
      0.0590         1.00
      0.0600         1.00
      0.0610         1.00
      0.0620         1.00
      0.0630         1.00
      0.0640         1.00
      0.0650         1.00
      0.0660         1.00
      0.0670         1.00
      0.0680         1.00
      0.0690         1.00
      0.0700         1.00
      0.0710         1.00
      0.0720         1.00
      0.0730         1.00
      0.0740         1.00
      0.0750         1.00
      0.0760         1.00
      0.0770         1.00
      0.0780         1.00
      0.0790         1.00
      0.0800         1.00
      0.0810         1.00
      0.0820         1.00
      0.0830         1.00
      0.0840         1.00
      0.0850         1.00
      0.0860         1.00
      0.0870         1.00
      0.0880         1.00
      0.0890         1.00
      0.0900         1.00
      0.0910         1.00
      0.0920         1.00
      0.0930         1.00
      0.0940         1.00
      0.0950         1.00
      0.0960         1.00
      0.0970         1.00
      0.0980         1.00
      0.0990         1.00
      0.1000         1.00
      0.1010         1.00
      0.1020         1.00
      0.1030         1.00
      0.1040         1.00
      0.1050         1.00
      0.1060         1.00
      0.1070         1.00
      0.1080         1.00
      0.1090         1.00
      0.1100         1.00
      0.1110         1.00
      0.1120         1.00
      0.1130         1.00
      0.1140         1.00
      0.1150         1.00
      0.1160         1.00
      0.1170         1.00
      0.1180         1.00
      0.1190         1.00
      0.1200         1.00
      0.1210         1.00
      0.1220         1.00
      0.1230         1.00
      0.1240         1.00
      0.1250         1.00
      0.1260         1.00
      0.1270         1.00
      0.1280         1.00
      0.1290         1.00
      0.1300         1.00
      0.1310         1.00
      0.1320         1.00
      0.1330         1.00
      0.1340         1.00
      0.1350         1.00
      0.1360         1.00
      0.1370         1.00
      0.1380         1.00
      0.1390         1.00
      0.1400         1.00
      0.1410         1.00
      0.1420         1.00
      0.1430         1.00
      0.1440         1.00
      0.1450         1.00
      0.1460         1.00
      0.1470         1.00
      0.1480         1.00
      0.1490         1.00
      0.1500         1.00
      0.1510         1.00
      0.1520         1.00
      0.1530         1.00
      0.1540         1.00
      0.1550         1.00
      0.1560         1.00
      0.1570         1.00
      0.1580         1.00
      0.1590         1.00
      0.1600         1.00
      0.1610         1.00
      0.1620         1.00
      0.1630         1.00
      0.1640         1.00
      0.1650         1.00
      0.1660         1.00
      0.1670         1.00
      0.1680         1.00
      0.1690         1.00
      0.1700         1.00
      0.1710         1.00
      0.1720         1.00
      0.1730         1.00
      0.1740         1.00
      0.1750         1.00
      0.1760         1.00
      0.1770         1.00
      0.1780         1.00
      0.1790         1.00
      0.1800         1.00
      0.1810         1.00
      0.1820         1.00
      0.1830         1.00
      0.1840         1.00
      0.1850         1.00
      0.1860         1.00
      0.1870         1.00
      0.1880         1.00
      0.1890         1.00
      0.1900         1.00
      0.1910         1.00
      0.1920         1.00
      0.1930         1.00
      0.1940         1.00
      0.1950         1.00
      0.1960         1.00
      0.1970         1.00
      0.1980         1.00
      0.1990         1.00
      0.2000         1.00
      0.2010         1.00
      0.2020         1.00
      0.2030         1.00
      0.2040         1.00
      0.2050         1.00
      0.2060         1.00
      0.2070         1.00
      0.2080         1.00
      0.2090         1.00
      0.2100         1.00
      0.2110         1.00
      0.2120         1.00
      0.2130         1.00
      0.2140         1.00
      0.2150         1.00
      0.2160         1.00
      0.2170         1.00
      0.2180         1.00
      0.2190         1.00
      0.2200         1.00
      0.2210         1.00
      0.2220         1.00
      0.2230         1.00
      0.2240         1.00
      0.2250         1.00
      0.2260         1.00
      0.2270         1.00
      0.2280         1.00
      0.2290         1.00
      0.2300         1.00
      0.2310         1.00
      0.2320         1.00
      0.2330         1.00
      0.2340         1.00
      0.2350         1.00
      0.2360         1.00
      0.2370         1.00
      0.2380         1.00
      0.2390         1.00
      0.2400         1.00
      0.2410         1.00
      0.2420         1.00
      0.2430         1.00
      0.2440         1.00
      0.2450         1.00
      0.2460         1.00
      0.2470         1.00
      0.2480         1.00
      0.2490         1.00
      0.2500         1.00
      0.2510         1.00
      0.2520         1.00
      0.2530         1.00
      0.2540         1.00
      0.2550         1.00
      0.2560         1.00
      0.2570         1.00
      0.2580         1.00
      0.2590         1.00
      0.2600         1.00
      0.2610         1.00
      0.2620         1.00
      0.2630         1.00
      0.2640         1.00
      0.2650         1.00
      0.2660         1.00
      0.2670         1.00
      0.2680         1.00
      0.2690         1.00
      0.2700         1.00
      0.2710         1.00
      0.2720         1.00
      0.2730         1.00
      0.2740         1.00
      0.2750         1.00
      0.2760         1.00
      0.2770         1.00
      0.2780         1.00
      0.2790         1.00
      0.2800         1.00
      0.2810         1.00
      0.2820         1.00
      0.2830         1.00
      0.2840         1.00
      0.2850         1.00
      0.2860         1.00
      0.2870         1.00
      0.2880         1.00
      0.2890         1.00
      0.2900         1.00
      0.2910         1.00
      0.2920         1.00
      0.2930         1.00
      0.2940         1.00
      0.2950         1.00
      0.2960         1.00
      0.2970         1.00
      0.2980         1.00
      0.2990         1.00
      0.3000         1.00
      0.3010         1.00
      0.3020         1.00
      0.3030         1.00
      0.3040         1.00
      0.3050         1.00
      0.3060         1.00
      0.3070         1.00
      0.3080         1.00
      0.3090         1.00
      0.3100         1.00
      0.3110         1.00
      0.3120         1.00
      0.3130         1.00
      0.3140         1.00
      0.3150         1.00
      0.3160         1.00
      0.3170         1.00
      0.3180         1.00
      0.3190         1.00
      0.3200         1.00
      0.3210         1.00
      0.3220         1.00
      0.3230         1.00
      0.3240         1.00
      0.3250         1.00
      0.3260         1.00
      0.3270         1.00
      0.3280         1.00
      0.3290         1.00
      0.3300         1.00
      0.3310         1.00
      0.3320         1.00
      0.3330         1.00
      0.3340         1.00
      0.3350         1.00
      0.3360         1.00
      0.3370         1.00
      0.3380         1.00
      0.3390         1.00
      0.3400         1.00
      0.3410         1.00
      0.3420         1.00
      0.3430         1.00
      0.3440         1.00
      0.3450         1.00
      0.3460         1.00
      0.3470         1.00
      0.3480         1.00
      0.3490         1.00
      0.3500         1.00
      0.3510         1.00
      0.3520         1.00
      0.3530         1.00
      0.3540         1.00
      0.3550         1.00
      0.3560         1.00
      0.3570         1.00
      0.3580         1.00
      0.3590         1.00
      0.3600         1.00
      0.3610         1.00
      0.3620         1.00
      0.3630         1.00
      0.3640         1.00
      0.3650         1.00
      0.3660         1.00
      0.3670         1.00
      0.3680         1.00
      0.3690         1.00
      0.3700         1.00
      0.3710         1.00
      0.3720         1.00
      0.3730         1.00
      0.3740         1.00
      0.3750         1.00
      0.3760         1.00
      0.3770         1.00
      0.3780         1.00
      0.3790         1.00
      0.3800         1.00
      0.3810         1.00
      0.3820         1.00
      0.3830         1.00
      0.3840         1.00
      0.3850         1.00
      0.3860         1.00
      0.3870         1.00
      0.3880         1.00
      0.3890         1.00
      0.3900         1.00
      0.3910         1.00
      0.3920         1.00
      0.3930         1.00
      0.3940         1.00
      0.3950         1.00
      0.3960         1.00
      0.3970         1.00
      0.3980         1.00
      0.3990         1.00
      0.4000         1.00
      0.4010         1.00
      0.4020         1.00
      0.4030         1.00
      0.4040         1.00
      0.4050         1.00
      0.4060         1.00
      0.4070         1.00
      0.4080         1.00
      0.4090         1.00
      0.4100         1.00
      0.4110         1.00
      0.4120         1.00
      0.4130         1.00
      0.4140         1.00
      0.4150         1.00
      0.4160         1.00
      0.4170         1.00
      0.4180         1.00
      0.4190         1.00
      0.4200         1.00
      0.4210         1.00
      0.4220         1.00
      0.4230         1.00
      0.4240         1.00
      0.4250         1.00
      0.4260         1.00
      0.4270         1.00
      0.4280         1.00
      0.4290         1.00
      0.4300         1.00
      0.4310         1.00
      0.4320         1.00
      0.4330         1.00
      0.4340         1.00
      0.4350         1.00
      0.4360         1.00
      0.4370         1.00
      0.4380         1.00
      0.4390         1.00
      0.4400         1.00
      0.4410         1.00
      0.4420         1.00
      0.4430         1.00
      0.4440         1.00
      0.4450         1.00
      0.4460         1.00
      0.4470         1.00
      0.4480         1.00
      0.4490         1.00
      0.4500         1.00
      0.4510         1.00
      0.4520         1.00
      0.4530         1.00
      0.4540         1.00
      0.4550         1.00
      0.4560         1.00
      0.4570         1.00
      0.4580         1.00
      0.4590         1.00
      0.4600         1.00
      0.4610         1.00
      0.4620         1.00
      0.4630         1.00
      0.4640         1.00
      0.4650         1.00
      0.4660         1.00
      0.4670         1.00
      0.4680         1.00
      0.4690         1.00
      0.4700         1.00
      0.4710         1.00
      0.4720         1.00
      0.4730         1.00
      0.4740         1.00
      0.4750         1.00
      0.4760         1.00
      0.4770         1.00
      0.4780         1.00
      0.4790         1.00
      0.4800         1.00
      0.4810         1.00
      0.4820         1.00
      0.4830         1.00
      0.4840         1.00
      0.4850         1.00
      0.4860         1.00
      0.4870         1.00
      0.4880         1.00
      0.4890         1.00
      0.4900         1.00
      0.4910         1.00
      0.4920         1.00
      0.4930         1.00
      0.4940         1.00
      0.4950         1.00
      0.4960         1.00
      0.4970         1.00
      0.4980         1.00
      0.4990         1.00
      0.5000         1.00
      0.5010         1.00
      0.5020         1.00
      0.5030         1.00
      0.5040         1.00
      0.5050         1.00
      0.5060         1.00
      0.5070         1.00
      0.5080         1.00
      0.5090         1.00
      0.5100         1.00
      0.5110         1.00
      0.5120         1.00
      0.5130         1.00
      0.5140         1.00
      0.5150         1.00
      0.5160         1.00
      0.5170         1.00
      0.5180         1.00
      0.5190         1.00
      0.5200         1.00
      0.5210         1.00
      0.5220         1.00
      0.5230         1.00
      0.5240         1.00
      0.5250         1.00
      0.5260         1.00
      0.5270         1.00
      0.5280         1.00
      0.5290         1.00
      0.5300         1.00
      0.5310         1.00
      0.5320         1.00
      0.5330         1.00
      0.5340         1.00
      0.5350         1.00
      0.5360         1.00
      0.5370         1.00
      0.5380         1.00
      0.5390         1.00
      0.5400         1.00
      0.5410         1.00
      0.5420         1.00
      0.5430         1.00
      0.5440         1.00
      0.5450         1.00
      0.5460         1.00
      0.5470         1.00
      0.5480         1.00
      0.5490         1.00
      0.5500         1.00
      0.5510         1.00
      0.5520         1.00
      0.5530         1.00
      0.5540         1.00
      0.5550         1.00
      0.5560         1.00
      0.5570         1.00
      0.5580         1.00
      0.5590         1.00
      0.5600         1.00
      0.5610         1.00
      0.5620         1.00
      0.5630         1.00
      0.5640         1.00
      0.5650         1.00
      0.5660         1.00
      0.5670         1.00
      0.5680         1.00
      0.5690         1.00
      0.5700         1.00
      0.5710         1.00
      0.5720         1.00
      0.5730         1.00
      0.5740         1.00
      0.5750         1.00
      0.5760         1.00
      0.5770         1.00
      0.5780         1.00
      0.5790         1.00
      0.5800         1.00
      0.5810         1.00
      0.5820         1.00
      0.5830         1.00
      0.5840         1.00
      0.5850         1.00
      0.5860         1.00
      0.5870         1.00
      0.5880         1.00
      0.5890         1.00
      0.5900         1.00
      0.5910         1.00
      0.5920         1.00
      0.5930         1.00
      0.5940         1.00
      0.5950         1.00
      0.5960         1.00
      0.5970         1.00
      0.5980         1.00
      0.5990         1.00
      0.6000         1.00
      0.6010         1.00
      0.6020         1.00
      0.6030         1.00
      0.6040         1.00
      0.6050         1.00
      0.6060         1.00
      0.6070         1.00
      0.6080         1.00
      0.6090         1.00
      0.6100         1.00
      0.6110         1.00
      0.6120         1.00
      0.6130         1.00
      0.6140         1.00
      0.6150         1.00
      0.6160         1.00
      0.6170         1.00
      0.6180         1.00
      0.6190         1.00
      0.6200         1.00
      0.6210         1.00
      0.6220         1.00
      0.6230         1.00
      0.6240         1.00
      0.6250         1.00
      0.6260         1.00
      0.6270         1.00
      0.6280         1.00
      0.6290         1.00
      0.6300         1.00
      0.6310         1.00
      0.6320         1.00
      0.6330         1.00
      0.6340         1.00
      0.6350         1.00
      0.6360         1.00
      0.6370         1.00
      0.6380         1.00
      0.6390         1.00
      0.6400         1.00
      0.6410         1.00
      0.6420         1.00
      0.6430         1.00
      0.6440         1.00
      0.6450         1.00
      0.6460         1.00
      0.6470         1.00
      0.6480         1.00
      0.6490         1.00
      0.6500         1.00
      0.6510         1.00
      0.6520         1.00
      0.6530         1.00
      0.6540         1.00
      0.6550         1.00
      0.6560         1.00
      0.6570         1.00
      0.6580         1.00
      0.6590         1.00
      0.6600         1.00
      0.6610         1.00
      0.6620         1.00
      0.6630         1.00
      0.6640         1.00
      0.6650         1.00
      0.6660         1.00
      0.6670         1.00
      0.6680         1.00
      0.6690         1.00
      0.6700         1.00
      0.6710         1.00
      0.6720         1.00
      0.6730         1.00
      0.6740         1.00
      0.6750         1.00
      0.6760         1.00
      0.6770         1.00
      0.6780         1.00
      0.6790         1.00
      0.6800         1.00
      0.6810         1.00
      0.6820         1.00
      0.6830         1.00
      0.6840         1.00
      0.6850         1.00
      0.6860         1.00
      0.6870         1.00
      0.6880         1.00
      0.6890         1.00
      0.6900         1.00
      0.6910         1.00
      0.6920         1.00
      0.6930         1.00
      0.6940         1.00
      0.6950         1.00
      0.6960         1.00
      0.6970         1.00
      0.6980         1.00
      0.6990         1.00
      0.7000         1.00
      0.7010         1.00
      0.7020         1.00
      0.7030         1.00
      0.7040         1.00
      0.7050         1.00
      0.7060         1.00
      0.7070         1.00
      0.7080         1.00
      0.7090         1.00
      0.7100         1.00
      0.7110         1.00
      0.7120         1.00
      0.7130         1.00
      0.7140         1.00
      0.7150         1.00
      0.7160         1.00
      0.7170         1.00
      0.7180         1.00
      0.7190         1.00
      0.7200         1.00
      0.7210         1.00
      0.7220         1.00
      0.7230         1.00
      0.7240         1.00
      0.7250         1.00
      0.7260         1.00
      0.7270         1.00
      0.7280         1.00
      0.7290         1.00
      0.7300         1.00
      0.7310         1.00
      0.7320         1.00
      0.7330         1.00
      0.7340         1.00
      0.7350         1.00
      0.7360         1.00
      0.7370         1.00
      0.7380         1.00
      0.7390         1.00
      0.7400         1.00
      0.7410         1.00
      0.7420         1.00
      0.7430         1.00
      0.7440         1.00
      0.7450         1.00
      0.7460         1.00
      0.7470         1.00
      0.7480         1.00
      0.7490         1.00
      0.7500         1.00
      0.7510         1.00
      0.7520         1.00
      0.7530         1.00
      0.7540         1.00
      0.7550         1.00
      0.7560         1.00
      0.7570         1.00
      0.7580         1.00
      0.7590         1.00
      0.7600         1.00
      0.7610         1.00
      0.7620         1.00
      0.7630         1.00
      0.7640         1.00
      0.7650         1.00
      0.7660         1.00
      0.7670         1.00
      0.7680         1.00
      0.7690         1.00
      0.7700         1.00
      0.7710         1.00
      0.7720         1.00
      0.7730         1.00
      0.7740         1.00
      0.7750         1.00
      0.7760         1.00
      0.7770         1.00
      0.7780         1.00
      0.7790         1.00
      0.7800         1.00
      0.7810         1.00
      0.7820         1.00
      0.7830         1.00
      0.7840         1.00
      0.7850         1.00
      0.7860         1.00
      0.7870         1.00
      0.7880         1.00
      0.7890         1.00
      0.7900         1.00
      0.7910         1.00
      0.7920         1.00
      0.7930         1.00
      0.7940         1.00
      0.7950         1.00
      0.7960         1.00
      0.7970         1.00
      0.7980         1.00
      0.7990         1.00
      0.8000         1.00
      0.8010         1.00
      0.8020         1.00
      0.8030         1.00
      0.8040         1.00
      0.8050         1.00
      0.8060         1.00
      0.8070         1.00
      0.8080         1.00
      0.8090         1.00
      0.8100         1.00
      0.8110         1.00
      0.8120         1.00
      0.8130         1.00
      0.8140         1.00
      0.8150         1.00
      0.8160         1.00
      0.8170         1.00
      0.8180         1.00
      0.8190         1.00
      0.8200         1.00
      0.8210         1.00
      0.8220         1.00
      0.8230         1.00
      0.8240         1.00
      0.8250         1.00
      0.8260         1.00
      0.8270         1.00
      0.8280         1.00
      0.8290         1.00
      0.8300         1.00
      0.8310         1.00
      0.8320         1.00
      0.8330         1.00
      0.8340         1.00
      0.8350         1.00
      0.8360         1.00
      0.8370         1.00
      0.8380         1.00
      0.8390         1.00
      0.8400         1.00
      0.8410         1.00
      0.8420         1.00
      0.8430         1.00
      0.8440         1.00
      0.8450         1.00
      0.8460         1.00
      0.8470         1.00
      0.8480         1.00
      0.8490         1.00
      0.8500         1.00
      0.8510         1.00
      0.8520         1.00
      0.8530         1.00
      0.8540         1.00
      0.8550         1.00
      0.8560         1.00
      0.8570         1.00
      0.8580         1.00
      0.8590         1.00
      0.8600         1.00
      0.8610         1.00
      0.8620         1.00
      0.8630         1.00
      0.8640         1.00
      0.8650         1.00
      0.8660         1.00
      0.8670         1.00
      0.8680         1.00
      0.8690         1.00
      0.8700         1.00
      0.8710         1.00
      0.8720         1.00
      0.8730         1.00
      0.8740         1.00
      0.8750         1.00
      0.8760         1.00
      0.8770         1.00
      0.8780         1.00
      0.8790         1.00
      0.8800         1.00
      0.8810         1.00
      0.8820         1.00
      0.8830         1.00
      0.8840         1.00
      0.8850         1.00
      0.8860         1.00
      0.8870         1.00
      0.8880         1.00
      0.8890         1.00
      0.8900         1.00
      0.8910         1.00
      0.8920         1.00
      0.8930         1.00
      0.8940         1.00
      0.8950         1.00
      0.8960         1.00
      0.8970         1.00
      0.8980         1.00
      0.8990         1.00
      0.9000         1.00
      0.9010         1.00
      0.9020         1.00
      0.9030         1.00
      0.9040         1.00
      0.9050         1.00
      0.9060         1.00
      0.9070         1.00
      0.9080         1.00
      0.9090         1.00
      0.9100         1.00
      0.9110         1.00
      0.9120         1.00
      0.9130         1.00
      0.9140         1.00
      0.9150         1.00
      0.9160         1.00
      0.9170         1.00
      0.9180         1.00
      0.9190         1.00
      0.9200         1.00
      0.9210         1.00
      0.9220         1.00
      0.9230         1.00
      0.9240         1.00
      0.9250         1.00
      0.9260         1.00
      0.9270         1.00
      0.9280         1.00
      0.9290         1.00
      0.9300         1.00
      0.9310         1.00
      0.9320         1.00
      0.9330         1.00
      0.9340         1.00
      0.9350         1.00
      0.9360         1.00
      0.9370         1.00
      0.9380         1.00
      0.9390         1.00
      0.9400         1.00
      0.9410         1.00
      0.9420         1.00
      0.9430         1.00
      0.9440         1.00
      0.9450         1.00
      0.9460         1.00
      0.9470         1.00
      0.9480         1.00
      0.9490         1.00
      0.9500         1.00
      0.9510         1.00
      0.9520         1.00
      0.9530         1.00
      0.9540         1.00
      0.9550         1.00
      0.9560         1.00
      0.9570         1.00
      0.9580         1.00
      0.9590         1.00
      0.9600         1.00
      0.9610         1.00
      0.9620         1.00
      0.9630         1.00
      0.9640         1.00
      0.9650         1.00
      0.9660         1.00
      0.9670         1.00
      0.9680         1.00
      0.9690         1.00
      0.9700         1.00
      0.9710         1.00
      0.9720         1.00
      0.9730         1.00
      0.9740         1.00
      0.9750         1.00
      0.9760         1.00
      0.9770         1.00
      0.9780         1.00
      0.9790         1.00
      0.9800         1.00
      0.9810         1.00
      0.9820         1.00
      0.9830         1.00
      0.9840         1.00
      0.9850         1.00
      0.9860         1.00
      0.9870         1.00
      0.9880         1.00
      0.9890         1.00
      0.9900         1.00
      0.9910         1.00
      0.9920         1.00
      0.9930         1.00
      0.9940         1.00
      0.9950         1.00
      0.9960         1.00
      0.9970         1.00
      0.9980         1.00
      0.9990         1.00
      1.0000         1.00
      1.0010         1.00
      1.0020         1.00
      1.0030         1.00
      1.0040         1.00
      1.0050         1.00
      1.0060         1.00
      1.0070         1.00
      1.0080         1.00
      1.0090         1.00
      1.0100         1.00
      1.0110         1.00
      1.0120         1.00
      1.0130         1.00
      1.0140         1.00
      1.0150         1.00
      1.0160         1.00
      1.0170         1.00
      1.0180         1.00
      1.0190         1.00
      1.0200         1.00
      1.0210         1.00
      1.0220         1.00
      1.0230         1.00
      1.0240         1.00
      1.0250         1.00
      1.0260         1.00
      1.0270         1.00
      1.0280         1.00
      1.0290         1.00
      1.0300         1.00
      1.0310         1.00
      1.0320         1.00
      1.0330         1.00
      1.0340         1.00
      1.0350         1.00
      1.0360         1.00
      1.0370         1.00
      1.0380         1.00
      1.0390         1.00
      1.0400         1.00
      1.0410         1.00
      1.0420         1.00
      1.0430         1.00
      1.0440         1.00
      1.0450         1.00
      1.0460         1.00
      1.0470         1.00
      1.0480         1.00
      1.0490         1.00
      1.0500         1.00
      1.0510         1.00
      1.0520         1.00
      1.0530         1.00
      1.0540         1.00
      1.0550         1.00
      1.0560         1.00
      1.0570         1.00
      1.0580         1.00
      1.0590         1.00
      1.0600         1.00
      1.0610         1.00
      1.0620         1.00
      1.0630         1.00
      1.0640         1.00
      1.0650         1.00
      1.0660         1.00
      1.0670         1.00
      1.0680         1.00
      1.0690         1.00
      1.0700         1.00
      1.0710         1.00
      1.0720         1.00
      1.0730         1.00
      1.0740         1.00
      1.0750         1.00
      1.0760         1.00
      1.0770         1.00
      1.0780         1.00
      1.0790         1.00
      1.0800         1.00
      1.0810         1.00
      1.0820         1.00
      1.0830         1.00
      1.0840         1.00
      1.0850         1.00
      1.0860         1.00
      1.0870         1.00
      1.0880         1.00
      1.0890         1.00
      1.0900         1.00
      1.0910         1.00
      1.0920         1.00
      1.0930         1.00
      1.0940         1.00
      1.0950         1.00
      1.0960         1.00
      1.0970         1.00
      1.0980         1.00
      1.0990         1.00
      1.1000         1.00
      1.1010         1.00
      1.1020         1.00
      1.1030         1.00
      1.1040         1.00
      1.1050         1.00
      1.1060         1.00
      1.1070         1.00
      1.1080         1.00
      1.1090         1.00
      1.1100         1.00
      1.1110         1.00
      1.1120         1.00
      1.1130         1.00
      1.1140         1.00
      1.1150         1.00
      1.1160         1.00
      1.1170         1.00
      1.1180         1.00
      1.1190         1.00
      1.1200         1.00
      1.1210         1.00
      1.1220         1.00
      1.1230         1.00
      1.1240         1.00
      1.1250         1.00
      1.1260         1.00
      1.1270         1.00
      1.1280         1.00
      1.1290         1.00
      1.1300         1.00
      1.1310         1.00
      1.1320         1.00
      1.1330         1.00
      1.1340         1.00
      1.1350         1.00
      1.1360         1.00
      1.1370         1.00
      1.1380         1.00
      1.1390         1.00
      1.1400         1.00
      1.1410         1.00
      1.1420         1.00
      1.1430         1.00
      1.1440         1.00
      1.1450         1.00
      1.1460         1.00
      1.1470         1.00
      1.1480         1.00
      1.1490         1.00
      1.1500         1.00
      1.1510         1.00
      1.1520         1.00
      1.1530         1.00
      1.1540         1.00
      1.1550         1.00
      1.1560         1.00
      1.1570         1.00
      1.1580         1.00
      1.1590         1.00
      1.1600         1.00
      1.1610         1.00
      1.1620         1.00
      1.1630         1.00
      1.1640         1.00
      1.1650         1.00
      1.1660         1.00
      1.1670         1.00
      1.1680         1.00
      1.1690         1.00
      1.1700         1.00
      1.1710         1.00
      1.1720         1.00
      1.1730         1.00
      1.1740         1.00
      1.1750         1.00
      1.1760         1.00
      1.1770         1.00
      1.1780         1.00
      1.1790         1.00
      1.1800         1.00
      1.1810         1.00
      1.1820         1.00
      1.1830         1.00
      1.1840         1.00
      1.1850         1.00
      1.1860         1.00
      1.1870         1.00
      1.1880         1.00
      1.1890         1.00
      1.1900         1.00
      1.1910         1.00
      1.1920         1.00
      1.1930         1.00
      1.1940         1.00
      1.1950         1.00
      1.1960         1.00
      1.1970         1.00
      1.1980         1.00
      1.1990         1.00
      1.2000         1.00
      1.2010         1.00
      1.2020         1.00
      1.2030         1.00
      1.2040         1.00
      1.2050         1.00
      1.2060         1.00
      1.2070         1.00
      1.2080         1.00
      1.2090         1.00
      1.2100         1.00
      1.2110         1.00
      1.2120         1.00
      1.2130         1.00
      1.2140         1.00
      1.2150         1.00
      1.2160         1.00
      1.2170         1.00
      1.2180         1.00
      1.2190         1.00
      1.2200         1.00
      1.2210         1.00
      1.2220         1.00
      1.2230         1.00
      1.2240         1.00
      1.2250         1.00
      1.2260         1.00
      1.2270         1.00
      1.2280         1.00
      1.2290         1.00
      1.2300         1.00
      1.2310         1.00
      1.2320         1.00
      1.2330         1.00
      1.2340         1.00
      1.2350         1.00
      1.2360         1.00
      1.2370         1.00
      1.2380         1.00
      1.2390         1.00
      1.2400         1.00
      1.2410         1.00
      1.2420         1.00
      1.2430         1.00
      1.2440         1.00
      1.2450         1.00
      1.2460         1.00
      1.2470         1.00
      1.2480         1.00
      1.2490         1.00
      1.2500         1.00
      1.2510         1.00
      1.2520         1.00
      1.2530         1.00
      1.2540         1.00
      1.2550         1.00
      1.2560         1.00
      1.2570         1.00
      1.2580         1.00
      1.2590         1.00
      1.2600         1.00
      1.2610         1.00
      1.2620         1.00
      1.2630         1.00
      1.2640         1.00
      1.2650         1.00
      1.2660         1.00
      1.2670         1.00
      1.2680         1.00
      1.2690         1.00
      1.2700         1.00
      1.2710         1.00
      1.2720         1.00
      1.2730         1.00
      1.2740         1.00
      1.2750         1.00
      1.2760         1.00
      1.2770         1.00
      1.2780         1.00
      1.2790         1.00
      1.2800         1.00
      1.2810         1.00
      1.2820         1.00
      1.2830         1.00
      1.2840         1.00
      1.2850         1.00
      1.2860         1.00
      1.2870         1.00
      1.2880         1.00
      1.2890         1.00
      1.2900         1.00
      1.2910         1.00
      1.2920         1.00
      1.2930         1.00
      1.2940         1.00
      1.2950         1.00
      1.2960         1.00
      1.2970         1.00
      1.2980         1.00
      1.2990         1.00
      1.3000         1.00
      1.3010         1.00
      1.3020         1.00
      1.3030         1.00
      1.3040         1.00
      1.3050         1.00
      1.3060         1.00
      1.3070         1.00
      1.3080         1.00
      1.3090         1.00
      1.3100         1.00
      1.3110         1.00
      1.3120         1.00
      1.3130         1.00
      1.3140         1.00
      1.3150         1.00
      1.3160         1.00
      1.3170         1.00
      1.3180         1.00
      1.3190         1.00
      1.3200         1.00
      1.3210         1.00
      1.3220         1.00
      1.3230         1.00
      1.3240         1.00
      1.3250         1.00
      1.3260         1.00
      1.3270         1.00
      1.3280         1.00
      1.3290         1.00
      1.3300         1.00
      1.3310         1.00
      1.3320         1.00
      1.3330         1.00
      1.3340         1.00
      1.3350         1.00
      1.3360         1.00
      1.3370         1.00
      1.3380         1.00
      1.3390         1.00
      1.3400         1.00
      1.3410         1.00
      1.3420         1.00
      1.3430         1.00
      1.3440         1.00
      1.3450         1.00
      1.3460         1.00
      1.3470         1.00
      1.3480         1.00
      1.3490         1.00
      1.3500         1.00
      1.3510         1.00
      1.3520         1.00
      1.3530         1.00
      1.3540         1.00
      1.3550         1.00
      1.3560         1.00
      1.3570         1.00
      1.3580         1.00
      1.3590         1.00
      1.3600         1.00
      1.3610         1.00
      1.3620         1.00
      1.3630         1.00
      1.3640         1.00
      1.3650         1.00
      1.3660         1.00
      1.3670         1.00
      1.3680         1.00
      1.3690         1.00
      1.3700         1.00
      1.3710         1.00
      1.3720         1.00
      1.3730         1.00
      1.3740         1.00
      1.3750         1.00
      1.3760         1.00
      1.3770         1.00
      1.3780         1.00
      1.3790         1.00
      1.3800         1.00
      1.3810         1.00
      1.3820         1.00
      1.3830         1.00
      1.3840         1.00
      1.3850         1.00
      1.3860         1.00
      1.3870         1.00
      1.3880         1.00
      1.3890         1.00
      1.3900         1.00
      1.3910         1.00
      1.3920         1.00
      1.3930         1.00
      1.3940         1.00
      1.3950         1.00
      1.3960         1.00
      1.3970         1.00
      1.3980         1.00
      1.3990         1.00
      1.4000         1.00
      1.4010         1.00
      1.4020         1.00
      1.4030         1.00
      1.4040         1.00
      1.4050         1.00
      1.4060         1.00
      1.4070         1.00
      1.4080         1.00
      1.4090         1.00
      1.4100         1.00
      1.4110         1.00
      1.4120         1.00
      1.4130         1.00
      1.4140         1.00
      1.4150         1.00
      1.4160         1.00
      1.4170         1.00
      1.4180         1.00
      1.4190         1.00
      1.4200         1.00
      1.4210         1.00
      1.4220         1.00
      1.4230         1.00
      1.4240         1.00
      1.4250         1.00
      1.4260         1.00
      1.4270         1.00
      1.4280         1.00
      1.4290         1.00
      1.4300         1.00
      1.4310         1.00
      1.4320         1.00
      1.4330         1.00
      1.4340         1.00
      1.4350         1.00
      1.4360         1.00
      1.4370         1.00
      1.4380         1.00
      1.4390         1.00
      1.4400         1.00
      1.4410         1.00
      1.4420         1.00
      1.4430         1.00
      1.4440         1.00
      1.4450         1.00
      1.4460         1.00
      1.4470         1.00
      1.4480         1.00
      1.4490         1.00
      1.4500         1.00
      1.4510         1.00
      1.4520         1.00
      1.4530         1.00
      1.4540         1.00
      1.4550         1.00
      1.4560         1.00
      1.4570         1.00
      1.4580         1.00
      1.4590         1.00
      1.4600         1.00
      1.4610         1.00
      1.4620         1.00
      1.4630         1.00
      1.4640         1.00
      1.4650         1.00
      1.4660         1.00
      1.4670         1.00
      1.4680         1.00
      1.4690         1.00
      1.4700         1.00
      1.4710         1.00
      1.4720         1.00
      1.4730         1.00
      1.4740         1.00
      1.4750         1.00
      1.4760         1.00
      1.4770         1.00
      1.4780         1.00
      1.4790         1.00
      1.4800         1.00
      1.4810         1.00
      1.4820         1.00
      1.4830         1.00
      1.4840         1.00
      1.4850         1.00
      1.4860         1.00
      1.4870         1.00
      1.4880         1.00
      1.4890         1.00
      1.4900         1.00
      1.4910         1.00
      1.4920         1.00
      1.4930         1.00
      1.4940         1.00
      1.4950         1.00
      1.4960         1.00
      1.4970         1.00
      1.4980         1.00
      1.4990         1.00
      1.5000         1.00
      1.5010         1.00
      1.5020         1.00
      1.5030         1.00
      1.5040         1.00
      1.5050         1.00
      1.5060         1.00
      1.5070         1.00
      1.5080         1.00
      1.5090         1.00
      1.5100         1.00
      1.5110         1.00
      1.5120         1.00
      1.5130         1.00
      1.5140         1.00
      1.5150         1.00
      1.5160         1.00
      1.5170         1.00
      1.5180         1.00
      1.5190         1.00
      1.5200         1.00
      1.5210         1.00
      1.5220         1.00
      1.5230         1.00
      1.5240         1.00
      1.5250         1.00
      1.5260         1.00
      1.5270         1.00
      1.5280         1.00
      1.5290         1.00
      1.5300         1.00
      1.5310         1.00
      1.5320         1.00
      1.5330         1.00
      1.5340         1.00
      1.5350         1.00
      1.5360         1.00
      1.5370         1.00
      1.5380         1.00
      1.5390         1.00
      1.5400         1.00
      1.5410         1.00
      1.5420         1.00
      1.5430         1.00
      1.5440         1.00
      1.5450         1.00
      1.5460         1.00
      1.5470         1.00
      1.5480         1.00
      1.5490         1.00
      1.5500         1.00
      1.5510         1.00
      1.5520         1.00
      1.5530         1.00
      1.5540         1.00
      1.5550         1.00
      1.5560         1.00
      1.5570         1.00
      1.5580         1.00
      1.5590         1.00
      1.5600         1.00
      1.5610         1.00
      1.5620         1.00
      1.5630         1.00
      1.5640         1.00
      1.5650         1.00
      1.5660         1.00
      1.5670         1.00
      1.5680         1.00
      1.5690         1.00
      1.5700         1.00
      1.5710         1.00
      1.5720         1.00
      1.5730         1.00
      1.5740         1.00
      1.5750         1.00
      1.5760         1.00
      1.5770         1.00
      1.5780         1.00
      1.5790         1.00
      1.5800         1.00
      1.5810         1.00
      1.5820         1.00
      1.5830         1.00
      1.5840         1.00
      1.5850         1.00
      1.5860         1.00
      1.5870         1.00
      1.5880         1.00
      1.5890         1.00
      1.5900         1.00
      1.5910         1.00
      1.5920         1.00
      1.5930         1.00
      1.5940         1.00
      1.5950         1.00
      1.5960         1.00
      1.5970         1.00
      1.5980         1.00
      1.5990         1.00
      1.6000         1.00
      1.6010         1.00
      1.6020         1.00
      1.6030         1.00
      1.6040         1.00
      1.6050         1.00
      1.6060         1.00
      1.6070         1.00
      1.6080         1.00
      1.6090         1.00
      1.6100         1.00
      1.6110         1.00
      1.6120         1.00
      1.6130         1.00
      1.6140         1.00
      1.6150         1.00
      1.6160         1.00
      1.6170         1.00
      1.6180         1.00
      1.6190         1.00
      1.6200         1.00
      1.6210         1.00
      1.6220         1.00
      1.6230         1.00
      1.6240         1.00
      1.6250         1.00
      1.6260         1.00
      1.6270         1.00
      1.6280         1.00
      1.6290         1.00
      1.6300         1.00
      1.6310         1.00
      1.6320         1.00
      1.6330         1.00
      1.6340         1.00
      1.6350         1.00
      1.6360         1.00
      1.6370         1.00
      1.6380         1.00
      1.6390         1.00
      1.6400         1.00
      1.6410         1.00
      1.6420         1.00
      1.6430         1.00
      1.6440         1.00
      1.6450         1.00
      1.6460         1.00
      1.6470         1.00
      1.6480         1.00
      1.6490         1.00
      1.6500         1.00
      1.6510         1.00
      1.6520         1.00
      1.6530         1.00
      1.6540         1.00
      1.6550         1.00
      1.6560         1.00
      1.6570         1.00
      1.6580         1.00
      1.6590         1.00
      1.6600         1.00
      1.6610         1.00
      1.6620         1.00
      1.6630         1.00
      1.6640         1.00
      1.6650         1.00
      1.6660         1.00
      1.6670         1.00
      1.6680         1.00
      1.6690         1.00
      1.6700         1.00
      1.6710         1.00
      1.6720         1.00
      1.6730         1.00
      1.6740         1.00
      1.6750         1.00
      1.6760         1.00
      1.6770         1.00
      1.6780         1.00
      1.6790         1.00
      1.6800         1.00
      1.6810         1.00
      1.6820         1.00
      1.6830         1.00
      1.6840         1.00
      1.6850         1.00
      1.6860         1.00
      1.6870         1.00
      1.6880         1.00
      1.6890         1.00
      1.6900         1.00
      1.6910         1.00
      1.6920         1.00
      1.6930         1.01
      1.6940         1.04
      1.6950         1.00
      1.6960         1.45
      1.6970         1.60
      1.6980         1.79
      1.6990         1.82
      1.7000         1.80
      1.7010         1.84
      1.7020         2.02
      1.7030         2.13
      1.7040         2.30
      1.7050         2.33
      1.7060         2.36
      1.7070         2.45
      1.7080         2.57
      1.7090         2.55
      1.7100         2.52
      1.7110         2.40
      1.7120         2.45
      1.7130         2.53
      1.7140         2.44
      1.7150         2.40
      1.7160         2.33
      1.7170         2.23
      1.7180         2.23
      1.7190         2.29
      1.7200         2.33
      1.7210         2.35
      1.7220         2.20
      1.7230         2.20
      1.7240         2.14
      1.7250         2.19
      1.7260         2.23
      1.7270         2.22
      1.7280         2.23
      1.7290         2.22
      1.7300         2.23
      1.7310         2.41
      1.7320         2.34
      1.7330         2.33
      1.7340         2.45
      1.7350         2.65
      1.7360         2.74
      1.7370         2.71
      1.7380         2.71
      1.7390         2.65
      1.7400         2.64
      1.7410         2.65
      1.7420         2.74
      1.7430         2.82
      1.7440         3.43
      1.7450         3.61
      1.7460         3.63
      1.7470         3.70
      1.7480         3.74
      1.7490         3.96
      1.7500         4.03
      1.7510         3.96
      1.7520         3.49
      1.7530         3.97
      1.7540         3.98
      1.7550         3.98
      1.7560         4.00
      1.7570         4.12
      1.7580         3.52
      1.7590         3.60
      1.7600         3.70
      1.7610         3.79
      1.7620         4.39
      1.7630         4.38
      1.7640         3.78
      1.7650         3.79
      1.7660         3.85
      1.7670         3.89
      1.7680         3.86
      1.7690         3.79
      1.7700         3.83
      1.7710         3.89
      1.7720         3.96
      1.7730         4.13
      1.7740         4.12
      1.7750         4.09
      1.7760         4.17
      1.7770         4.27
      1.7780         4.36
      1.7790         4.48
      1.7800         4.55
      1.7810         5.08
      1.7820         5.16
      1.7830         5.17
      1.7840         5.28
      1.7850         5.21
      1.7860         5.25
      1.7870         5.83
      1.7880         5.95
      1.7890         5.37
      1.7900         5.43
      1.7910         5.99
      1.7920         4.96
      1.7930         5.47
      1.7940         5.48
      1.7950         5.59
      1.7960         5.48
      1.7970         4.85
      1.7980         4.77
      1.7990         4.78
      1.8000         4.78
      1.8010         5.26
      1.8020         5.33
      1.8030         5.35
      1.8040         5.53
      1.8050         5.60
      1.8060         5.61
      1.8070         5.61
      1.8080         5.64
      1.8090         5.81
      1.8100         6.01
      1.8110         6.09
      1.8120         6.19
      1.8130         6.72
      1.8140         6.46
      1.8150         7.02
      1.8160         7.32
      1.8170         7.41
      1.8180         7.42
      1.8190         6.92
      1.8200         7.60
      1.8210         7.59
      1.8220         7.73
      1.8230         7.98
      1.8240         7.96
      1.8250         8.02
      1.8260         8.27
      1.8270         8.39
      1.8280         8.34
      1.8290         8.36
      1.8300         8.34
      1.8310         8.34
      1.8320         8.47
      1.8330         8.50
      1.8340         8.65
      1.8350         8.61
      1.8360         8.51
      1.8370         8.61
      1.8380         8.82
      1.8390         8.86
      1.8400         8.80
      1.8410         9.01
      1.8420         9.07
      1.8430         9.04
      1.8440         9.03
      1.8450         9.11
      1.8460         9.10
      1.8470         9.15
      1.8480         9.23
      1.8490         9.33
      1.8500         9.50
      1.8510         9.62
      1.8520         9.66
      1.8530         9.76
      1.8540         9.80
      1.8550        10.11
      1.8560        10.35
      1.8570        10.59
      1.8580        10.81
      1.8590        11.08
      1.8600        11.18
      1.8610        11.22
      1.8620        11.42
      1.8630        11.44
      1.8640        11.56
      1.8650        11.73
      1.8660        11.76
      1.8670        11.94
      1.8680        12.10
      1.8690        12.12
      1.8700        12.10
      1.8710        12.14
      1.8720        12.31
      1.8730        12.49
      1.8740        12.47
      1.8750        12.45
      1.8760        12.50
      1.8770        12.48
      1.8780        12.37
      1.8790        12.36
      1.8800        12.49
      1.8810        12.58
      1.8820        12.48
      1.8830        12.63
      1.8840        12.74
      1.8850        12.71
      1.8860        12.97
      1.8870        13.01
      1.8880        13.05
      1.8890        13.12
      1.8900        13.32
      1.8910        13.35
      1.8920        13.40
      1.8930        13.40
      1.8940        13.51
      1.8950        13.72
      1.8960        13.83
      1.8970        13.98
      1.8980        14.36
      1.8990        14.60
      1.9000        14.75
      1.9010        15.04
      1.9020        15.30
      1.9030        15.47
      1.9040        15.73
      1.9050        15.99
      1.9060        16.11
      1.9070        16.31
      1.9080        16.52
      1.9090        16.74
      1.9100        16.66
      1.9110        17.06
      1.9120        17.24
      1.9130        17.40
      1.9140        17.49
      1.9150        17.37
      1.9160        17.59
      1.9170        17.61
      1.9180        17.41
      1.9190        17.41
      1.9200        17.51
      1.9210        17.60
      1.9220        17.68
      1.9230        17.69
      1.9240        17.74
      1.9250        17.88
      1.9260        17.93
      1.9270        18.09
      1.9280        18.11
      1.9290        18.21
      1.9300        18.40
      1.9310        18.41
      1.9320        18.50
      1.9330        18.55
      1.9340        18.77
      1.9350        19.03
      1.9360        19.10
      1.9370        19.39
      1.9380        19.78
      1.9390        20.01
      1.9400        20.08
      1.9410        20.25
      1.9420        20.56
      1.9430        20.85
      1.9440        20.95
      1.9450        21.09
      1.9460        21.32
      1.9470        21.33
      1.9480        21.68
      1.9490        21.90
      1.9500        22.21
      1.9510        22.43
      1.9520        22.64
      1.9530        22.92
      1.9540        23.16
      1.9550        23.27
      1.9560        23.68
      1.9570        23.83
      1.9580        23.96
      1.9590        24.21
      1.9600        24.51
      1.9610        24.60
      1.9620        24.64
      1.9630        24.83
      1.9640        25.16
      1.9650        25.54
      1.9660        25.69
      1.9670        26.01
      1.9680        26.16
      1.9690        26.39
      1.9700        26.55
      1.9710        26.82
      1.9720        27.14
      1.9730        27.25
      1.9740        27.43
      1.9750        27.74
      1.9760        27.71
      1.9770        27.91
      1.9780        28.14
      1.9790        28.36
      1.9800        28.72
      1.9810        28.95
      1.9820        29.25
      1.9830        29.49
      1.9840        29.78
      1.9850        29.88
      1.9860        30.03
      1.9870        30.18
      1.9880        30.39
      1.9890        30.81
      1.9900        30.98
      1.9910        31.13
      1.9920        31.19
      1.9930        31.33
      1.9940        31.48
      1.9950        31.67
      1.9960        31.86
      1.9970        32.01
      1.9980        32.08
      1.9990        32.19
      2.0000        32.27
      2.0010        32.46
      2.0020        32.58
      2.0030        32.61
      2.0040        32.64
      2.0050        32.69
      2.0060        32.87
      2.0070        32.87
      2.0080        32.88
      2.0090        32.84
      2.0100        33.01
      2.0110        33.03
      2.0120        33.11
      2.0130        33.38
      2.0140        33.50
      2.0150        33.65
      2.0160        33.80
      2.0170        33.81
      2.0180        34.10
      2.0190        34.35
      2.0200        34.42
      2.0210        34.70
      2.0220        34.98
      2.0230        35.33
      2.0240        35.44
      2.0250        35.69
      2.0260        35.80
      2.0270        36.27
      2.0280        36.55
      2.0290        36.72
      2.0300        36.78
      2.0310        36.90
      2.0320        37.12
      2.0330        37.31
      2.0340        37.47
      2.0350        37.69
      2.0360        37.74
      2.0370        37.85
      2.0380        37.92
      2.0390        37.91
      2.0400        37.91
      2.0410        37.80
      2.0420        37.58
      2.0430        37.64
      2.0440        37.79
      2.0450        37.73
      2.0460        37.90
      2.0470        37.73
      2.0480        37.72
      2.0490        37.71
      2.0500        37.75
      2.0510        37.82
      2.0520        37.77
      2.0530        37.74
      2.0540        37.81
      2.0550        37.74
      2.0560        37.74
      2.0570        37.96
      2.0580        38.05
      2.0590        38.05
      2.0600        38.27
      2.0610        38.55
      2.0620        38.96
      2.0630        39.09
      2.0640        39.15
      2.0650        39.40
      2.0660        39.60
      2.0670        39.90
      2.0680        40.14
      2.0690        40.33
      2.0700        40.64
      2.0710        40.91
      2.0720        41.19
      2.0730        41.41
      2.0740        41.72
      2.0750        41.97
      2.0760        42.30
      2.0770        42.51
      2.0780        42.67
      2.0790        42.99
      2.0800        43.10
      2.0810        43.21
      2.0820        43.39
      2.0830        43.51
      2.0840        43.62
      2.0850        43.84
      2.0860        43.97
      2.0870        44.08
      2.0880        44.11
      2.0890        44.34
      2.0900        44.46
      2.0910        44.48
      2.0920        44.57
      2.0930        44.79
      2.0940        44.86
      2.0950        44.95
      2.0960        45.06
      2.0970        45.13
      2.0980        45.33
      2.0990        45.42
      2.1000        45.61
      2.1010        45.72
      2.1020        45.77
      2.1030        45.92
      2.1040        46.09
      2.1050        46.18
      2.1060        46.23
      2.1070        46.23
      2.1080        46.36
      2.1090        46.35
      2.1100        46.49
      2.1110        46.63
      2.1120        46.70
      2.1130        46.71
      2.1140        46.75
      2.1150        46.86
      2.1160        46.92
      2.1170        47.10
      2.1180        47.16
      2.1190        47.12
      2.1200        47.10
      2.1210        47.14
      2.1220        47.04
      2.1230        46.99
      2.1240        46.79
      2.1250        46.53
      2.1260        46.55
      2.1270        46.58
      2.1280        46.62
      2.1290        46.61
      2.1300        46.63
      2.1310        46.62
      2.1320        46.50
      2.1330        46.40
      2.1340        46.40
      2.1350        46.39
      2.1360        46.38
      2.1370        46.35
      2.1380        46.23
      2.1390        46.39
      2.1400        46.34
      2.1410        46.33
      2.1420        46.25
      2.1430        46.31
      2.1440        46.50
      2.1450        46.78
      2.1460        46.89
      2.1470        46.98
      2.1480        47.06
      2.1490        47.11
      2.1500        47.16
      2.1510        47.37
      2.1520        47.57
      2.1530        47.60
      2.1540        47.59
      2.1550        47.73
      2.1560        47.83
      2.1570        47.78
      2.1580        47.86
      2.1590        47.81
      2.1600        47.89
      2.1610        48.02
      2.1620        48.24
      2.1630        48.19
      2.1640        48.25
      2.1650        48.05
      2.1660        48.11
      2.1670        47.85
      2.1680        47.84
      2.1690        47.76
      2.1700        47.63
      2.1710        47.49
      2.1720        47.29
      2.1730        47.44
      2.1740        47.47
      2.1750        47.33
      2.1760        47.17
      2.1770        47.25
      2.1780        47.32
      2.1790        47.28
      2.1800        47.40
      2.1810        47.34
      2.1820        47.48
      2.1830        47.69
      2.1840        47.65
      2.1850        47.76
      2.1860        47.69
      2.1870        47.99
      2.1880        48.11
      2.1890        48.30
      2.1900        48.37
      2.1910        48.50
      2.1920        48.67
      2.1930        48.63
      2.1940        48.63
      2.1950        48.55
      2.1960        48.76
      2.1970        48.71
      2.1980        48.69
      2.1990        48.77
      2.2000        48.60
      2.2010        48.62
      2.2020        48.49
      2.2030        48.32
      2.2040        48.27
      2.2050        48.23
      2.2060        48.03
      2.2070        47.97
      2.2080        47.78
      2.2090        47.69
      2.2100        47.73
      2.2110        47.51
      2.2120        47.43
      2.2130        47.36
      2.2140        47.26
      2.2150        47.31
      2.2160        47.23
      2.2170        47.22
      2.2180        47.08
      2.2190        46.87
      2.2200        46.80
      2.2210        46.65
      2.2220        46.49
      2.2230        46.44
      2.2240        46.49
      2.2250        46.60
      2.2260        46.76
      2.2270        46.76
      2.2280        46.71
      2.2290        46.79
      2.2300        46.69
      2.2310        46.83
      2.2320        46.93
      2.2330        46.93
      2.2340        46.91
      2.2350        46.85
      2.2360        46.77
      2.2370        46.57
      2.2380        46.68
      2.2390        46.88
      2.2400        47.02
      2.2410        47.10
      2.2420        47.23
      2.2430        47.14
      2.2440        46.97
      2.2450        46.83
      2.2460        46.68
      2.2470        46.61
      2.2480        46.59
      2.2490        46.40
      2.2500        46.24
      2.2510        46.17
      2.2520        46.09
      2.2530        45.93
      2.2540        45.89
      2.2550        45.83
      2.2560        45.82
      2.2570        45.99
      2.2580        45.90
      2.2590        45.72
      2.2600        45.67
      2.2610        45.42
      2.2620        45.36
      2.2630        45.36
      2.2640        45.40
      2.2650        45.41
      2.2660        45.47
      2.2670        45.47
      2.2680        45.54
      2.2690        45.56
      2.2700        45.67
      2.2710        45.62
      2.2720        45.57
      2.2730        45.75
      2.2740        45.83
      2.2750        45.87
      2.2760        45.80
      2.2770        45.74
      2.2780        45.59
      2.2790        45.60
      2.2800        45.47
      2.2810        45.67
      2.2820        45.62
      2.2830        45.58
      2.2840        45.54
      2.2850        45.44
      2.2860        45.45
      2.2870        45.24
      2.2880        45.03
      2.2890        44.90
      2.2900        44.68
      2.2910        44.52
      2.2920        44.52
      2.2930        44.29
      2.2940        44.24
      2.2950        44.21
      2.2960        44.18
      2.2970        44.05
      2.2980        44.03
      2.2990        44.01
      2.3000        44.05
      2.3010        43.94
      2.3020        44.02
      2.3030        44.07
      2.3040        44.06
      2.3050        44.07
      2.3060        44.00
      2.3070        44.17
      2.3080        44.33
      2.3090        44.42
      2.3100        44.62
      2.3110        44.87
      2.3120        44.88
      2.3130        44.92
      2.3140        44.89
      2.3150        44.79
      2.3160        44.64
      2.3170        44.70
      2.3180        44.84
      2.3190        44.80
      2.3200        44.78
      2.3210        44.62
      2.3220        44.41
      2.3230        44.29
      2.3240        44.40
      2.3250        44.44
      2.3260        44.40
      2.3270        44.22
      2.3280        44.29
      2.3290        44.17
      2.3300        43.93
      2.3310        43.69
      2.3320        43.59
      2.3330        43.55
      2.3340        43.54
      2.3350        43.52
      2.3360        43.67
      2.3370        43.60
      2.3380        43.39
      2.3390        43.38
      2.3400        43.31
      2.3410        43.40
      2.3420        43.40
      2.3430        43.28
      2.3440        43.06
      2.3450        42.93
      2.3460        42.89
      2.3470        43.01
      2.3480        42.88
      2.3490        42.88
      2.3500        42.97
      2.3510        43.00
      2.3520        42.96
      2.3530        42.93
      2.3540        42.91
      2.3550        42.92
      2.3560        42.85
      2.3570        42.85
      2.3580        42.92
      2.3590        42.89
      2.3600        42.92
      2.3610        42.85
      2.3620        42.88
      2.3630        42.84
      2.3640        42.89
      2.3650        43.06
      2.3660        42.92
      2.3670        42.81
      2.3680        42.84
      2.3690        42.78
      2.3700        42.51
      2.3710        42.28
      2.3720        42.20
      2.3730        42.06
      2.3740        42.04
      2.3750        41.88
      2.3760        41.77
      2.3770        41.62
      2.3780        41.72
      2.3790        41.65
      2.3800        41.70
      2.3810        41.73
      2.3820        41.67
      2.3830        41.73
      2.3840        41.65
      2.3850        41.43
      2.3860        41.45
      2.3870        41.45
      2.3880        41.23
      2.3890        41.21
      2.3900        41.53
      2.3910        41.67
      2.3920        41.77
      2.3930        41.91
      2.3940        41.99
      2.3950        42.15
      2.3960        42.23
      2.3970        42.23
      2.3980        42.19
      2.3990        42.19
      2.4000        42.07
      2.4010        42.00
      2.4020        41.95
      2.4030        41.95
      2.4040        41.80
      2.4050        41.90
      2.4060        41.95
      2.4070        41.87
      2.4080        41.91
      2.4090        41.92
      2.4100        41.80
      2.4110        41.76
      2.4120        41.62
      2.4130        41.53
      2.4140        41.31
      2.4150        41.30
      2.4160        41.14
      2.4170        41.11
      2.4180        40.89
      2.4190        40.86
      2.4200        40.80
      2.4210        40.70
      2.4220        40.68
      2.4230        40.69
      2.4240        40.69
      2.4250        40.53
      2.4260        40.38
      2.4270        40.33
      2.4280        40.22
      2.4290        40.22
      2.4300        40.06
      2.4310        40.00
      2.4320        39.94
      2.4330        40.02
      2.4340        40.06
      2.4350        40.03
      2.4360        40.17
      2.4370        40.15
      2.4380        40.13
      2.4390        40.09
      2.4400        40.04
      2.4410        40.05
      2.4420        39.99
      2.4430        39.99
      2.4440        40.10
      2.4450        40.18
      2.4460        40.13
      2.4470        40.22
      2.4480        40.28
      2.4490        40.14
      2.4500        40.13
      2.4510        40.03
      2.4520        40.20
      2.4530        40.01
      2.4540        39.93
      2.4550        39.86
      2.4560        39.79
      2.4570        39.86
      2.4580        39.73
      2.4590        39.73
      2.4600        39.58
      2.4610        39.61
      2.4620        39.63
      2.4630        39.39
      2.4640        39.27
      2.4650        39.11
      2.4660        38.96
      2.4670        38.87
      2.4680        38.79
      2.4690        38.80
      2.4700        38.80
      2.4710        38.93
      2.4720        38.85
      2.4730        38.84
      2.4740        38.83
      2.4750        38.87
      2.4760        38.83
      2.4770        38.76
      2.4780        38.96
      2.4790        38.85
      2.4800        39.04
      2.4810        38.95
      2.4820        38.91
      2.4830        39.07
      2.4840        39.11
      2.4850        38.99
      2.4860        39.15
      2.4870        39.05
      2.4880        39.09
      2.4890        38.98
      2.4900        39.09
      2.4910        39.12
      2.4920        38.80
      2.4930        38.86
      2.4940        38.82
      2.4950        38.51
      2.4960        38.31
      2.4970        38.27
      2.4980        38.16
      2.4990        38.20
      2.5000        38.01
      2.5010        38.04
      2.5020        37.97
      2.5030        37.92
      2.5040        37.89
      2.5050        37.91
      2.5060        37.95
      2.5070        38.04
      2.5080        37.99
      2.5090        38.19
      2.5100        37.97
      2.5110        37.83
      2.5120        38.06
      2.5130        38.06
      2.5140        38.08
      2.5150        38.34
      2.5160        38.51
      2.5170        38.46
      2.5180        38.57
      2.5190        38.63
      2.5200        38.82
      2.5210        38.90
      2.5220        38.93
      2.5230        38.88
      2.5240        38.94
      2.5250        39.04
      2.5260        39.17
      2.5270        39.12
      2.5280        39.02
      2.5290        38.79
      2.5300        38.82
      2.5310        38.72
      2.5320        38.48
      2.5330        38.56
      2.5340        38.46
      2.5350        38.22
      2.5360        38.01
      2.5370        37.91
      2.5380        37.77
      2.5390        37.60
      2.5400        37.48
      2.5410        37.37
      2.5420        37.26
      2.5430        37.34
      2.5440        37.10
      2.5450        37.08
      2.5460        37.06
      2.5470        37.05
      2.5480        37.14
      2.5490        37.28
      2.5500        37.35
      2.5510        37.48
      2.5520        37.77
      2.5530        37.62
      2.5540        37.77
      2.5550        37.89
      2.5560        38.16
      2.5570        38.31
      2.5580        38.32
      2.5590        38.39
      2.5600        38.43
      2.5610        38.58
      2.5620        38.58
      2.5630        38.60
      2.5640        38.87
      2.5650        38.76
      2.5660        38.48
      2.5670        38.52
      2.5680        38.54
      2.5690        38.40
      2.5700        38.42
      2.5710        38.40
      2.5720        38.19
      2.5730        38.12
      2.5740        38.04
      2.5750        38.13
      2.5760        38.04
      2.5770        38.12
      2.5780        38.07
      2.5790        37.90
      2.5800        37.77
      2.5810        37.58
      2.5820        37.49
      2.5830        37.31
      2.5840        37.21
      2.5850        37.29
      2.5860        37.45
      2.5870        37.47
      2.5880        37.50
      2.5890        37.58
      2.5900        37.50
      2.5910        37.34
      2.5920        37.42
      2.5930        37.43
      2.5940        37.41
      2.5950        37.34
      2.5960        37.40
      2.5970        37.29
      2.5980        37.37
      2.5990        37.51
      2.6000        37.73
      2.6010        37.88
      2.6020        38.01
      2.6030        38.17
      2.6040        38.15
      2.6050        38.25
      2.6060        38.32
      2.6070        38.32
      2.6080        38.28
      2.6090        38.25
      2.6100        38.14
      2.6110        38.17
      2.6120        38.19
      2.6130        38.30
      2.6140        38.37
      2.6150        38.22
      2.6160        38.08
      2.6170        38.14
      2.6180        37.97
      2.6190        37.94
      2.6200        37.73
      2.6210        37.51
      2.6220        37.72
      2.6230        37.57
      2.6240        37.56
      2.6250        37.38
      2.6260        37.23
      2.6270        37.04
      2.6280        37.02
      2.6290        37.03
      2.6300        37.14
      2.6310        37.21
      2.6320        37.25
      2.6330        37.22
      2.6340        37.05
      2.6350        37.06
      2.6360        37.14
      2.6370        37.03
      2.6380        37.26
      2.6390        37.22
      2.6400        37.29
      2.6410        37.33
      2.6420        37.11
      2.6430        37.10
      2.6440        37.10
      2.6450        37.03
      2.6460        36.99
      2.6470        37.15
      2.6480        37.15
      2.6490        37.06
      2.6500        37.10
      2.6510        37.10
      2.6520        36.99
      2.6530        36.96
      2.6540        37.02
      2.6550        37.17
      2.6560        37.08
      2.6570        37.07
      2.6580        36.90
      2.6590        37.04
      2.6600        36.97
      2.6610        37.04
      2.6620        37.09
      2.6630        37.09
      2.6640        37.05
      2.6650        37.13
      2.6660        37.13
      2.6670        36.87
      2.6680        36.71
      2.6690        36.72
      2.6700        36.64
      2.6710        36.58
      2.6720        36.58
      2.6730        36.55
      2.6740        36.51
      2.6750        36.35
      2.6760        36.38
      2.6770        36.25
      2.6780        36.32
      2.6790        36.12
      2.6800        36.08
      2.6810        36.05
      2.6820        35.92
      2.6830        36.04
      2.6840        36.09
      2.6850        36.08
      2.6860        36.26
      2.6870        36.48
      2.6880        36.58
      2.6890        36.71
      2.6900        36.81
      2.6910        36.91
      2.6920        36.97
      2.6930        36.89
      2.6940        36.95
      2.6950        37.13
      2.6960        37.20
      2.6970        37.34
      2.6980        37.18
      2.6990        37.19
      2.7000        37.38
      2.7010        37.49
      2.7020        37.53
      2.7030        37.33
      2.7040        37.33
      2.7050        37.30
      2.7060        37.25
      2.7070        37.14
      2.7080        37.11
      2.7090        36.95
      2.7100        36.77
      2.7110        36.62
      2.7120        36.54
      2.7130        36.46
      2.7140        36.49
      2.7150        36.43
      2.7160        36.34
      2.7170        36.31
      2.7180        36.45
      2.7190        36.61
      2.7200        36.45
      2.7210        36.33
      2.7220        36.37
      2.7230        36.54
      2.7240        36.53
      2.7250        36.49
      2.7260        36.40
      2.7270        36.53
      2.7280        36.68
      2.7290        36.77
      2.7300        36.98
      2.7310        37.13
      2.7320        37.10
      2.7330        37.25
      2.7340        37.23
      2.7350        37.26
      2.7360        37.35
      2.7370        37.32
      2.7380        37.32
      2.7390        37.27
      2.7400        37.28
      2.7410        37.27
      2.7420        37.08
      2.7430        37.13
      2.7440        36.96
      2.7450        37.05
      2.7460        36.96
      2.7470        36.80
      2.7480        36.62
      2.7490        36.56
      2.7500        36.33
      2.7510        36.28
      2.7520        36.17
      2.7530        35.96
      2.7540        35.85
      2.7550        35.78
      2.7560        35.67
      2.7570        35.65
      2.7580        35.48
      2.7590        35.39
      2.7600        35.40
      2.7610        35.31
      2.7620        35.33
      2.7630        35.20
      2.7640        35.43
      2.7650        35.41
      2.7660        35.41
      2.7670        35.33
      2.7680        35.38
      2.7690        35.48
      2.7700        35.85
      2.7710        35.94
      2.7720        36.13
      2.7730        36.10
      2.7740        36.13
      2.7750        36.14
      2.7760        36.14
      2.7770        36.21
      2.7780        36.21
      2.7790        36.21
      2.7800        36.09
      2.7810        36.17
      2.7820        36.20
      2.7830        36.09
      2.7840        35.83
      2.7850        35.75
      2.7860        35.85
      2.7870        35.83
      2.7880        35.71
      2.7890        35.58
      2.7900        35.28
      2.7910        35.16
      2.7920        34.93
      2.7930        35.00
      2.7940        34.79
      2.7950        34.54
      2.7960        34.42
      2.7970        34.35
      2.7980        34.35
      2.7990        34.39
      2.8000        34.33
      2.8010        34.35
      2.8020        34.27
      2.8030        34.38
      2.8040        34.38
      2.8050        34.46
      2.8060        34.31
      2.8070        34.31
      2.8080        34.39
      2.8090        34.34
      2.8100        34.33
      2.8110        34.29
      2.8120        34.41
      2.8130        34.36
      2.8140        34.58
      2.8150        34.55
      2.8160        34.57
      2.8170        34.42
      2.8180        34.37
      2.8190        34.20
      2.8200        34.27
      2.8210        34.20
      2.8220        34.23
      2.8230        34.12
      2.8240        34.05
      2.8250        33.76
      2.8260        33.70
      2.8270        33.52
      2.8280        33.34
      2.8290        33.26
      2.8300        33.02
      2.8310        32.87
      2.8320        32.68
      2.8330        32.60
      2.8340        32.40
      2.8350        32.29
      2.8360        32.14
      2.8370        32.03
      2.8380        32.01
      2.8390        31.97
      2.8400        31.70
      2.8410        31.47
      2.8420        31.38
      2.8430        31.35
      2.8440        31.33
      2.8450        31.39
      2.8460        31.33
      2.8470        31.36
      2.8480        31.24
      2.8490        31.18
      2.8500        31.17
      2.8510        31.14
      2.8520        31.26
      2.8530        31.28
      2.8540        31.15
      2.8550        31.12
      2.8560        31.19
      2.8570        31.13
      2.8580        31.05
      2.8590        30.97
      2.8600        30.97
      2.8610        30.93
      2.8620        30.75
      2.8630        30.44
      2.8640        30.26
      2.8650        30.16
      2.8660        30.03
      2.8670        29.94
      2.8680        29.96
      2.8690        29.96
      2.8700        29.85
      2.8710        29.65
      2.8720        29.28
      2.8730        29.16
      2.8740        29.02
      2.8750        28.92
      2.8760        28.65
      2.8770        28.57
      2.8780        28.34
      2.8790        28.19
      2.8800        28.18
      2.8810        27.94
      2.8820        27.94
      2.8830        27.69
      2.8840        27.64
      2.8850        27.50
      2.8860        27.31
      2.8870        27.13
      2.8880        26.91
      2.8890        26.79
      2.8900        26.68
      2.8910        26.51
      2.8920        26.40
      2.8930        26.21
      2.8940        26.16
      2.8950        25.99
      2.8960        25.94
      2.8970        25.83
      2.8980        25.69
      2.8990        25.55
      2.9000        25.38
      2.9010        25.26
      2.9020        25.00
      2.9030        25.07
      2.9040        24.87
      2.9050        24.70
      2.9060        24.56
      2.9070        24.45
      2.9080        24.37
      2.9090        24.14
      2.9100        23.99
      2.9110        23.77
      2.9120        23.77
      2.9130        23.54
      2.9140        23.29
      2.9150        23.19
      2.9160        23.03
      2.9170        22.79
      2.9180        22.60
      2.9190        22.41
      2.9200        22.10
      2.9210        21.96
      2.9220        21.85
      2.9230        21.69
      2.9240        21.59
      2.9250        21.44
      2.9260        21.26
      2.9270        21.13
      2.9280        20.93
      2.9290        20.79
      2.9300        20.48
      2.9310        20.49
      2.9320        20.23
      2.9330        20.23
      2.9340        20.27
      2.9350        20.26
      2.9360        20.11
      2.9370        20.05
      2.9380        20.05
      2.9390        19.90
      2.9400        19.68
      2.9410        19.56
      2.9420        19.35
      2.9430        19.21
      2.9440        18.98
      2.9450        18.79
      2.9460        18.75
      2.9470        18.53
      2.9480        18.25
      2.9490        18.05
      2.9500        17.99
      2.9510        17.83
      2.9520        17.50
      2.9530        17.30
      2.9540        17.00
      2.9550        16.77
      2.9560        16.56
      2.9570        16.35
      2.9580        16.17
      2.9590        16.12
      2.9600        16.18
      2.9610        15.97
      2.9620        15.90
      2.9630        15.70
      2.9640        15.63
      2.9650        15.66
      2.9660        15.39
      2.9670        15.28
      2.9680        15.36
      2.9690        15.20
      2.9700        15.09
      2.9710        15.01
      2.9720        14.99
      2.9730        14.94
      2.9740        14.85
      2.9750        14.63
      2.9760        14.60
      2.9770        14.44
      2.9780        14.19
      2.9790        14.04
      2.9800        13.99
      2.9810        13.91
      2.9820        13.82
      2.9830        13.55
      2.9840        13.55
      2.9850        13.35
      2.9860        13.31
      2.9870        13.21
      2.9880        13.14
      2.9890        13.08
      2.9900        13.02
      2.9910        12.79
      2.9920        12.77
      2.9930        12.59
      2.9940        12.44
      2.9950        12.12
      2.9960        11.90
      2.9970        11.86
      2.9980        11.75
      2.9990        11.64
