        Time   Palpation Force
      0.0000         1.00
      0.0010         1.00
      0.0020         1.00
      0.0030         1.00
      0.0040         1.00
      0.0050         1.00
      0.0060         1.00
      0.0070         1.00
      0.0080         1.00
      0.0090         1.00
      0.0100         1.00
      0.0110         1.00
      0.0120         1.00
      0.0130         1.00
      0.0140         1.00
      0.0150         1.00
      0.0160         1.00
      0.0170         1.00
      0.0180         1.00
      0.0190         1.00
      0.0200         1.00
      0.0210         1.00
      0.0220         1.00
      0.0230         1.00
      0.0240         1.00
      0.0250         1.00
      0.0260         1.00
      0.0270         1.00
      0.0280         1.00
      0.0290         1.00
      0.0300         1.00
      0.0310         1.00
      0.0320         1.00
      0.0330         1.00
      0.0340         1.00
      0.0350         1.00
      0.0360         1.00
      0.0370         1.00
      0.0380         1.00
      0.0390         1.00
      0.0400         1.00
      0.0410         1.00
      0.0420         1.00
      0.0430         1.00
      0.0440         1.00
      0.0450         1.00
      0.0460         1.00
      0.0470         1.00
      0.0480         1.00
      0.0490         1.00
      0.0500         1.00
      0.0510         1.00
      0.0520         1.00
      0.0530         1.00
      0.0540         1.00
      0.0550         1.00
      0.0560         1.00
      0.0570         1.00
      0.0580         1.00
      0.0590         1.00
      0.0600         1.00
      0.0610         1.00
      0.0620         1.00
      0.0630         1.00
      0.0640         1.00
      0.0650         1.00
      0.0660         1.00
      0.0670         1.00
      0.0680         1.00
      0.0690         1.00
      0.0700         1.00
      0.0710         1.00
      0.0720         1.00
      0.0730         1.00
      0.0740         1.00
      0.0750         1.00
      0.0760         1.00
      0.0770         1.00
      0.0780         1.00
      0.0790         1.00
      0.0800         1.00
      0.0810         1.00
      0.0820         1.00
      0.0830         1.00
      0.0840         1.00
      0.0850         1.00
      0.0860         1.00
      0.0870         1.00
      0.0880         1.00
      0.0890         1.00
      0.0900         1.00
      0.0910         1.00
      0.0920         1.00
      0.0930         1.00
      0.0940         1.00
      0.0950         1.00
      0.0960         1.00
      0.0970         1.00
      0.0980         1.00
      0.0990         1.00
      0.1000         1.00
      0.1010         1.00
      0.1020         1.00
      0.1030         1.00
      0.1040         1.00
      0.1050         1.00
      0.1060         1.00
      0.1070         1.00
      0.1080         1.00
      0.1090         1.00
      0.1100         1.00
      0.1110         1.00
      0.1120         1.00
      0.1130         1.00
      0.1140         1.00
      0.1150         1.00
      0.1160         1.00
      0.1170         1.00
      0.1180         1.00
      0.1190         1.00
      0.1200         1.00
      0.1210         1.00
      0.1220         1.00
      0.1230         1.00
      0.1240         1.00
      0.1250         1.00
      0.1260         1.00
      0.1270         1.00
      0.1280         1.00
      0.1290         1.00
      0.1300         1.00
      0.1310         1.00
      0.1320         1.00
      0.1330         1.00
      0.1340         1.00
      0.1350         1.00
      0.1360         1.00
      0.1370         1.00
      0.1380         1.00
      0.1390         1.00
      0.1400         1.00
      0.1410         1.00
      0.1420         1.00
      0.1430         1.00
      0.1440         1.00
      0.1450         1.00
      0.1460         1.00
      0.1470         1.00
      0.1480         1.00
      0.1490         1.00
      0.1500         1.00
      0.1510         1.00
      0.1520         1.00
      0.1530         1.00
      0.1540         1.00
      0.1550         1.00
      0.1560         1.00
      0.1570         1.00
      0.1580         1.00
      0.1590         1.00
      0.1600         1.00
      0.1610         1.00
      0.1620         1.00
      0.1630         1.00
      0.1640         1.00
      0.1650         1.00
      0.1660         1.00
      0.1670         1.00
      0.1680         1.00
      0.1690         1.00
      0.1700         1.00
      0.1710         1.00
      0.1720         1.00
      0.1730         1.00
      0.1740         1.00
      0.1750         1.00
      0.1760         1.00
      0.1770         1.00
      0.1780         1.00
      0.1790         1.00
      0.1800         1.00
      0.1810         1.00
      0.1820         1.00
      0.1830         1.00
      0.1840         1.00
      0.1850         1.00
      0.1860         1.00
      0.1870         1.00
      0.1880         1.00
      0.1890         1.00
      0.1900         1.00
      0.1910         1.00
      0.1920         1.00
      0.1930         1.00
      0.1940         1.00
      0.1950         1.00
      0.1960         1.00
      0.1970         1.00
      0.1980         1.00
      0.1990         1.00
      0.2000         1.00
      0.2010         1.00
      0.2020         1.00
      0.2030         1.00
      0.2040         1.00
      0.2050         1.00
      0.2060         1.00
      0.2070         1.00
      0.2080         1.00
      0.2090         1.00
      0.2100         1.00
      0.2110         1.00
      0.2120         1.00
      0.2130         1.00
      0.2140         1.00
      0.2150         1.00
      0.2160         1.00
      0.2170         1.00
      0.2180         1.00
      0.2190         1.00
      0.2200         1.00
      0.2210         1.00
      0.2220         1.00
      0.2230         1.00
      0.2240         1.00
      0.2250         1.00
      0.2260         1.00
      0.2270         1.00
      0.2280         1.00
      0.2290         1.00
      0.2300         1.00
      0.2310         1.00
      0.2320         1.00
      0.2330         1.00
      0.2340         1.00
      0.2350         1.00
      0.2360         1.00
      0.2370         1.00
      0.2380         1.00
      0.2390         1.00
      0.2400         1.00
      0.2410         1.00
      0.2420         1.00
      0.2430         1.00
      0.2440         1.00
      0.2450         1.00
      0.2460         1.00
      0.2470         1.00
      0.2480         1.00
      0.2490         1.00
      0.2500         1.00
      0.2510         1.00
      0.2520         1.00
      0.2530         1.00
      0.2540         1.00
      0.2550         1.00
      0.2560         1.00
      0.2570         1.00
      0.2580         1.00
      0.2590         1.00
      0.2600         1.00
      0.2610         1.00
      0.2620         1.00
      0.2630         1.00
      0.2640         1.00
      0.2650         1.00
      0.2660         1.00
      0.2670         1.00
      0.2680         1.00
      0.2690         1.00
      0.2700         1.00
      0.2710         1.00
      0.2720         1.00
      0.2730         1.00
      0.2740         1.00
      0.2750         1.00
      0.2760         1.00
      0.2770         1.00
      0.2780         1.00
      0.2790         1.00
      0.2800         1.00
      0.2810         1.00
      0.2820         1.00
      0.2830         1.00
      0.2840         1.00
      0.2850         1.00
      0.2860         1.00
      0.2870         1.00
      0.2880         1.00
      0.2890         1.00
      0.2900         1.00
      0.2910         1.00
      0.2920         1.00
      0.2930         1.00
      0.2940         1.00
      0.2950         1.00
      0.2960         1.00
      0.2970         1.00
      0.2980         1.00
      0.2990         1.00
      0.3000         1.00
      0.3010         1.00
      0.3020         1.00
      0.3030         1.00
      0.3040         1.00
      0.3050         1.00
      0.3060         1.00
      0.3070         1.00
      0.3080         1.00
      0.3090         1.00
      0.3100         1.00
      0.3110         1.00
      0.3120         1.00
      0.3130         1.00
      0.3140         1.00
      0.3150         1.00
      0.3160         1.00
      0.3170         1.00
      0.3180         1.00
      0.3190         1.00
      0.3200         1.00
      0.3210         1.00
      0.3220         1.00
      0.3230         1.00
      0.3240         1.00
      0.3250         1.00
      0.3260         1.00
      0.3270         1.00
      0.3280         1.00
      0.3290         1.00
      0.3300         1.00
      0.3310         1.00
      0.3320         1.00
      0.3330         1.00
      0.3340         1.00
      0.3350         1.00
      0.3360         1.00
      0.3370         1.00
      0.3380         1.00
      0.3390         1.00
      0.3400         1.00
      0.3410         1.00
      0.3420         1.00
      0.3430         1.00
      0.3440         1.00
      0.3450         1.00
      0.3460         1.00
      0.3470         1.00
      0.3480         1.00
      0.3490         1.00
      0.3500         1.00
      0.3510         1.00
      0.3520         1.00
      0.3530         1.00
      0.3540         1.00
      0.3550         1.00
      0.3560         1.00
      0.3570         1.00
      0.3580         1.00
      0.3590         1.00
      0.3600         1.00
      0.3610         1.00
      0.3620         1.00
      0.3630         1.00
      0.3640         1.00
      0.3650         1.00
      0.3660         1.00
      0.3670         1.00
      0.3680         1.00
      0.3690         1.00
      0.3700         1.00
      0.3710         1.00
      0.3720         1.00
      0.3730         1.00
      0.3740         1.00
      0.3750         1.00
      0.3760         1.00
      0.3770         1.00
      0.3780         1.00
      0.3790         1.00
      0.3800         1.00
      0.3810         1.00
      0.3820         1.00
      0.3830         1.00
      0.3840         1.00
      0.3850         1.00
      0.3860         1.00
      0.3870         1.00
      0.3880         1.00
      0.3890         1.00
      0.3900         1.00
      0.3910         1.00
      0.3920         1.00
      0.3930         1.00
      0.3940         1.00
      0.3950         1.00
      0.3960         1.00
      0.3970         1.00
      0.3980         1.00
      0.3990         1.00
      0.4000         1.00
      0.4010         1.00
      0.4020         1.00
      0.4030         1.00
      0.4040         1.00
      0.4050         1.00
      0.4060         1.00
      0.4070         1.00
      0.4080         1.00
      0.4090         1.00
      0.4100         1.00
      0.4110         1.00
      0.4120         1.00
      0.4130         1.00
      0.4140         1.00
      0.4150         1.00
      0.4160         1.00
      0.4170         1.00
      0.4180         1.00
      0.4190         1.00
      0.4200         1.00
      0.4210         1.00
      0.4220         1.00
      0.4230         1.00
      0.4240         1.00
      0.4250         1.00
      0.4260         1.00
      0.4270         1.00
      0.4280         1.00
      0.4290         1.00
      0.4300         1.00
      0.4310         1.00
      0.4320         1.00
      0.4330         1.00
      0.4340         1.00
      0.4350         1.00
      0.4360         1.00
      0.4370         1.00
      0.4380         1.00
      0.4390         1.00
      0.4400         1.00
      0.4410         1.00
      0.4420         1.00
      0.4430         1.00
      0.4440         1.00
      0.4450         1.00
      0.4460         1.00
      0.4470         1.00
      0.4480         1.00
      0.4490         1.00
      0.4500         1.00
      0.4510         1.00
      0.4520         1.00
      0.4530         1.00
      0.4540         1.00
      0.4550         1.00
      0.4560         1.00
      0.4570         1.00
      0.4580         1.00
      0.4590         1.00
      0.4600         1.00
      0.4610         1.00
      0.4620         1.00
      0.4630         1.00
      0.4640         1.00
      0.4650         1.00
      0.4660         1.00
      0.4670         1.00
      0.4680         1.00
      0.4690         1.00
      0.4700         1.00
      0.4710         1.00
      0.4720         1.00
      0.4730         1.00
      0.4740         1.00
      0.4750         1.00
      0.4760         1.00
      0.4770         1.00
      0.4780         1.00
      0.4790         1.00
      0.4800         1.00
      0.4810         1.00
      0.4820         1.00
      0.4830         1.00
      0.4840         1.00
      0.4850         1.00
      0.4860         1.00
      0.4870         1.00
      0.4880         1.00
      0.4890         1.00
      0.4900         1.00
      0.4910         1.00
      0.4920         1.00
      0.4930         1.00
      0.4940         1.00
      0.4950         1.00
      0.4960         1.00
      0.4970         1.00
      0.4980         1.00
      0.4990         1.00
      0.5000         1.00
      0.5010         1.00
      0.5020         1.00
      0.5030         1.00
      0.5040         1.00
      0.5050         1.00
      0.5060         1.00
      0.5070         1.00
      0.5080         1.00
      0.5090         1.00
      0.5100         1.00
      0.5110         1.00
      0.5120         1.00
      0.5130         1.00
      0.5140         1.00
      0.5150         1.00
      0.5160         1.00
      0.5170         1.00
      0.5180         1.00
      0.5190         1.00
      0.5200         1.00
      0.5210         1.00
      0.5220         1.00
      0.5230         1.00
      0.5240         1.00
      0.5250         1.00
      0.5260         1.00
      0.5270         1.00
      0.5280         1.00
      0.5290         1.00
      0.5300         1.00
      0.5310         1.00
      0.5320         1.00
      0.5330         1.00
      0.5340         1.00
      0.5350         1.00
      0.5360         1.00
      0.5370         1.00
      0.5380         1.00
      0.5390         1.00
      0.5400         1.00
      0.5410         1.00
      0.5420         1.00
      0.5430         1.00
      0.5440         1.00
      0.5450         1.00
      0.5460         1.00
      0.5470         1.00
      0.5480         1.00
      0.5490         1.00
      0.5500         1.00
      0.5510         1.00
      0.5520         1.00
      0.5530         1.00
      0.5540         1.00
      0.5550         1.00
      0.5560         1.00
      0.5570         1.00
      0.5580         1.00
      0.5590         1.00
      0.5600         1.00
      0.5610         1.00
      0.5620         1.00
      0.5630         1.00
      0.5640         1.00
      0.5650         1.00
      0.5660         1.00
      0.5670         1.00
      0.5680         1.00
      0.5690         1.00
      0.5700         1.00
      0.5710         1.00
      0.5720         1.00
      0.5730         1.00
      0.5740         1.00
      0.5750         1.00
      0.5760         1.00
      0.5770         1.00
      0.5780         1.00
      0.5790         1.00
      0.5800         1.00
      0.5810         1.00
      0.5820         1.00
      0.5830         1.00
      0.5840         1.00
      0.5850         1.00
      0.5860         1.00
      0.5870         1.00
      0.5880         1.00
      0.5890         1.00
      0.5900         1.00
      0.5910         1.00
      0.5920         1.00
      0.5930         1.00
      0.5940         1.00
      0.5950         1.00
      0.5960         1.00
      0.5970         1.00
      0.5980         1.00
      0.5990         1.00
      0.6000         1.00
      0.6010         1.00
      0.6020         1.00
      0.6030         1.00
      0.6040         1.00
      0.6050         1.00
      0.6060         1.00
      0.6070         1.00
      0.6080         1.00
      0.6090         1.00
      0.6100         1.00
      0.6110         1.00
      0.6120         1.00
      0.6130         1.00
      0.6140         1.00
      0.6150         1.00
      0.6160         1.00
      0.6170         1.00
      0.6180         1.00
      0.6190         1.00
      0.6200         1.00
      0.6210         1.00
      0.6220         1.00
      0.6230         1.00
      0.6240         1.00
      0.6250         1.00
      0.6260         1.00
      0.6270         1.00
      0.6280         1.00
      0.6290         1.00
      0.6300         1.00
      0.6310         1.00
      0.6320         1.00
      0.6330         1.00
      0.6340         1.00
      0.6350         1.00
      0.6360         1.00
      0.6370         1.00
      0.6380         1.00
      0.6390         1.00
      0.6400         1.00
      0.6410         1.00
      0.6420         1.00
      0.6430         1.00
      0.6440         1.00
      0.6450         1.00
      0.6460         1.00
      0.6470         1.00
      0.6480         1.00
      0.6490         1.00
      0.6500         1.00
      0.6510         1.00
      0.6520         1.00
      0.6530         1.00
      0.6540         1.00
      0.6550         1.00
      0.6560         1.00
      0.6570         1.00
      0.6580         1.00
      0.6590         1.00
      0.6600         1.00
      0.6610         1.00
      0.6620         1.00
      0.6630         1.00
      0.6640         1.00
      0.6650         1.00
      0.6660         1.00
      0.6670         1.00
      0.6680         1.00
      0.6690         1.00
      0.6700         1.00
      0.6710         1.00
      0.6720         1.00
      0.6730         1.00
      0.6740         1.00
      0.6750         1.00
      0.6760         1.00
      0.6770         1.00
      0.6780         1.00
      0.6790         1.00
      0.6800         1.00
      0.6810         1.00
      0.6820         1.00
      0.6830         1.00
      0.6840         1.00
      0.6850         1.00
      0.6860         1.00
      0.6870         1.00
      0.6880         1.00
      0.6890         1.00
      0.6900         1.00
      0.6910         1.00
      0.6920         1.00
      0.6930         1.00
      0.6940         1.00
      0.6950         1.00
      0.6960         1.00
      0.6970         1.00
      0.6980         1.00
      0.6990         1.00
      0.7000         1.00
      0.7010         1.00
      0.7020         1.00
      0.7030         1.00
      0.7040         1.00
      0.7050         1.00
      0.7060         1.00
      0.7070         1.00
      0.7080         1.00
      0.7090         1.00
      0.7100         1.00
      0.7110         1.00
      0.7120         1.00
      0.7130         1.00
      0.7140         1.00
      0.7150         1.00
      0.7160         1.00
      0.7170         1.00
      0.7180         1.00
      0.7190         1.00
      0.7200         1.00
      0.7210         1.00
      0.7220         1.00
      0.7230         1.00
      0.7240         1.00
      0.7250         1.00
      0.7260         1.00
      0.7270         1.00
      0.7280         1.00
      0.7290         1.00
      0.7300         1.00
      0.7310         1.00
      0.7320         1.00
      0.7330         1.00
      0.7340         1.00
      0.7350         1.00
      0.7360         1.00
      0.7370         1.00
      0.7380         1.00
      0.7390         1.00
      0.7400         1.00
      0.7410         1.00
      0.7420         1.00
      0.7430         1.00
      0.7440         1.00
      0.7450         1.00
      0.7460         1.00
      0.7470         1.00
      0.7480         1.00
      0.7490         1.00
      0.7500         1.00
      0.7510         1.00
      0.7520         1.00
      0.7530         1.00
      0.7540         1.00
      0.7550         1.00
      0.7560         1.00
      0.7570         1.00
      0.7580         1.00
      0.7590         1.00
      0.7600         1.00
      0.7610         1.00
      0.7620         1.00
      0.7630         1.00
      0.7640         1.00
      0.7650         1.00
      0.7660         1.00
      0.7670         1.00
      0.7680         1.00
      0.7690         1.00
      0.7700         1.00
      0.7710         1.00
      0.7720         1.00
      0.7730         1.00
      0.7740         1.00
      0.7750         1.00
      0.7760         1.00
      0.7770         1.00
      0.7780         1.00
      0.7790         1.00
      0.7800         1.00
      0.7810         1.00
      0.7820         1.00
      0.7830         1.00
      0.7840         1.00
      0.7850         1.00
      0.7860         1.00
      0.7870         1.00
      0.7880         1.00
      0.7890         1.00
      0.7900         1.00
      0.7910         1.00
      0.7920         1.00
      0.7930         1.00
      0.7940         1.00
      0.7950         1.00
      0.7960         1.00
      0.7970         1.00
      0.7980         1.00
      0.7990         1.00
      0.8000         1.00
      0.8010         1.00
      0.8020         1.00
      0.8030         1.00
      0.8040         1.00
      0.8050         1.00
      0.8060         1.00
      0.8070         1.00
      0.8080         1.00
      0.8090         1.00
      0.8100         1.00
      0.8110         1.00
      0.8120         1.00
      0.8130         1.00
      0.8140         1.00
      0.8150         1.00
      0.8160         1.00
      0.8170         1.00
      0.8180         1.00
      0.8190         1.00
      0.8200         1.00
      0.8210         1.00
      0.8220         1.00
      0.8230         1.00
      0.8240         1.00
      0.8250         1.00
      0.8260         1.00
      0.8270         1.00
      0.8280         1.00
      0.8290         1.00
      0.8300         1.00
      0.8310         1.00
      0.8320         1.00
      0.8330         1.00
      0.8340         1.00
      0.8350         1.00
      0.8360         1.00
      0.8370         1.00
      0.8380         1.00
      0.8390         1.00
      0.8400         1.00
      0.8410         1.00
      0.8420         1.00
      0.8430         1.00
      0.8440         1.00
      0.8450         1.00
      0.8460         1.00
      0.8470         1.00
      0.8480         1.00
      0.8490         1.00
      0.8500         1.00
      0.8510         1.00
      0.8520         1.00
      0.8530         1.00
      0.8540         1.00
      0.8550         1.00
      0.8560         1.00
      0.8570         1.00
      0.8580         1.00
      0.8590         1.00
      0.8600         1.00
      0.8610         1.00
      0.8620         1.00
      0.8630         1.00
      0.8640         1.00
      0.8650         1.00
      0.8660         1.00
      0.8670         1.00
      0.8680         1.00
      0.8690         1.00
      0.8700         1.00
      0.8710         1.00
      0.8720         1.00
      0.8730         1.00
      0.8740         1.00
      0.8750         1.00
      0.8760         1.00
      0.8770         1.00
      0.8780         1.00
      0.8790         1.00
      0.8800         1.00
      0.8810         1.00
      0.8820         1.00
      0.8830         1.00
      0.8840         1.00
      0.8850         1.00
      0.8860         1.00
      0.8870         1.00
      0.8880         1.00
      0.8890         1.00
      0.8900         1.00
      0.8910         1.00
      0.8920         1.00
      0.8930         1.00
      0.8940         1.00
      0.8950         1.00
      0.8960         1.00
      0.8970         1.00
      0.8980         1.00
      0.8990         1.00
      0.9000         1.00
      0.9010         1.00
      0.9020         1.00
      0.9030         1.00
      0.9040         1.00
      0.9050         1.00
      0.9060         1.00
      0.9070         1.00
      0.9080         1.00
      0.9090         1.00
      0.9100         1.00
      0.9110         1.00
      0.9120         1.00
      0.9130         1.00
      0.9140         1.00
      0.9150         1.00
      0.9160         1.00
      0.9170         1.00
      0.9180         1.00
      0.9190         1.00
      0.9200         1.00
      0.9210         1.00
      0.9220         1.00
      0.9230         1.00
      0.9240         1.00
      0.9250         1.00
      0.9260         1.00
      0.9270         1.00
      0.9280         1.00
      0.9290         1.00
      0.9300         1.00
      0.9310         1.00
      0.9320         1.00
      0.9330         1.00
      0.9340         1.00
      0.9350         1.00
      0.9360         1.00
      0.9370         1.00
      0.9380         1.00
      0.9390         1.00
      0.9400         1.00
      0.9410         1.00
      0.9420         1.00
      0.9430         1.00
      0.9440         1.00
      0.9450         1.18
      0.9460         1.22
      0.9470         1.24
      0.9480         1.23
      0.9490         1.42
      0.9500         1.49
      0.9510         1.65
      0.9520         2.31
      0.9530         2.39
      0.9540         2.55
      0.9550         2.68
      0.9560         2.63
      0.9570         2.66
      0.9580         2.80
      0.9590         2.90
      0.9600         2.95
      0.9610         3.50
      0.9620         3.61
      0.9630         3.65
      0.9640         3.87
      0.9650         3.76
      0.9660         3.89
      0.9670         3.91
      0.9680         3.98
      0.9690         3.98
      0.9700         4.08
      0.9710         3.97
      0.9720         3.95
      0.9730         3.93
      0.9740         3.89
      0.9750         3.89
      0.9760         3.87
      0.9770         3.93
      0.9780         3.96
      0.9790         3.44
      0.9800         3.40
      0.9810         3.92
      0.9820         3.40
      0.9830         3.55
      0.9840         3.58
      0.9850         3.66
      0.9860         3.62
      0.9870         3.83
      0.9880         3.94
      0.9890         3.93
      0.9900         3.98
      0.9910         4.01
      0.9920         4.50
      0.9930         4.61
      0.9940         4.80
      0.9950         5.04
      0.9960         5.28
      0.9970         5.55
      0.9980         5.58
      0.9990         5.74
      1.0000         5.93
      1.0010         6.18
      1.0020         6.18
      1.0030         6.14
      1.0040         6.11
      1.0050         6.33
      1.0060         6.49
      1.0070         6.38
      1.0080         6.47
      1.0090         6.52
      1.0100         6.51
      1.0110         6.61
      1.0120         6.74
      1.0130         6.93
      1.0140         7.03
      1.0150         7.10
      1.0160         7.05
      1.0170         7.04
      1.0180         7.25
      1.0190         7.33
      1.0200         7.34
      1.0210         7.26
      1.0220         7.59
      1.0230         7.77
      1.0240         8.04
      1.0250         8.18
      1.0260         8.37
      1.0270         8.65
      1.0280         8.89
      1.0290         9.17
      1.0300         9.47
      1.0310         9.64
      1.0320         9.91
      1.0330        10.03
      1.0340        10.25
      1.0350        10.29
      1.0360        10.50
      1.0370        10.70
      1.0380        10.80
      1.0390        10.98
      1.0400        11.17
      1.0410        11.28
      1.0420        11.33
      1.0430        11.33
      1.0440        11.34
      1.0450        11.37
      1.0460        11.26
      1.0470        11.43
      1.0480        11.44
      1.0490        11.51
      1.0500        11.48
      1.0510        11.66
      1.0520        11.64
      1.0530        11.66
      1.0540        11.64
      1.0550        11.91
      1.0560        12.13
      1.0570        12.22
      1.0580        12.28
      1.0590        12.36
      1.0600        12.48
      1.0610        12.68
      1.0620        12.80
      1.0630        12.96
      1.0640        13.19
      1.0650        13.41
      1.0660        13.76
      1.0670        13.90
      1.0680        14.08
      1.0690        14.36
      1.0700        14.61
      1.0710        14.64
      1.0720        14.80
      1.0730        14.95
      1.0740        15.21
      1.0750        15.23
      1.0760        15.24
      1.0770        15.44
      1.0780        15.83
      1.0790        15.99
      1.0800        16.28
      1.0810        16.47
      1.0820        16.55
      1.0830        16.75
      1.0840        16.90
      1.0850        16.91
      1.0860        17.06
      1.0870        17.25
      1.0880        17.44
      1.0890        17.43
      1.0900        17.67
      1.0910        17.91
      1.0920        18.09
      1.0930        18.37
      1.0940        18.36
      1.0950        18.75
      1.0960        19.00
      1.0970        19.12
      1.0980        19.25
      1.0990        19.53
      1.1000        19.64
      1.1010        19.89
      1.1020        20.20
      1.1030        20.42
      1.1040        20.71
      1.1050        21.02
      1.1060        21.19
      1.1070        21.31
      1.1080        21.55
      1.1090        21.84
      1.1100        21.95
      1.1110        22.16
      1.1120        22.51
      1.1130        22.69
      1.1140        22.85
      1.1150        23.00
      1.1160        23.36
      1.1170        23.54
      1.1180        23.81
      1.1190        24.04
      1.1200        24.21
      1.1210        24.39
      1.1220        24.62
      1.1230        25.01
      1.1240        25.09
      1.1250        25.44
      1.1260        25.63
      1.1270        25.87
      1.1280        25.98
      1.1290        26.22
      1.1300        26.37
      1.1310        26.64
      1.1320        26.84
      1.1330        26.97
      1.1340        27.43
      1.1350        27.47
      1.1360        27.44
      1.1370        27.62
      1.1380        27.68
      1.1390        27.85
      1.1400        27.94
      1.1410        27.98
      1.1420        28.02
      1.1430        27.96
      1.1440        28.07
      1.1450        28.13
      1.1460        28.30
      1.1470        28.52
      1.1480        28.80
      1.1490        28.95
      1.1500        29.05
      1.1510        29.23
      1.1520        29.21
      1.1530        29.33
      1.1540        29.40
      1.1550        29.67
      1.1560        29.87
      1.1570        30.23
      1.1580        30.58
      1.1590        30.59
      1.1600        30.63
      1.1610        30.89
      1.1620        31.13
      1.1630        31.40
      1.1640        31.68
      1.1650        31.95
      1.1660        32.12
      1.1670        32.14
      1.1680        32.22
      1.1690        32.31
      1.1700        32.62
      1.1710        32.71
      1.1720        32.94
      1.1730        33.20
      1.1740        33.45
      1.1750        33.55
      1.1760        33.72
      1.1770        33.72
      1.1780        33.72
      1.1790        33.95
      1.1800        34.30
      1.1810        34.54
      1.1820        34.76
      1.1830        34.89
      1.1840        35.04
      1.1850        35.29
      1.1860        35.56
      1.1870        35.81
      1.1880        36.01
      1.1890        36.26
      1.1900        36.41
      1.1910        36.57
      1.1920        36.76
      1.1930        36.88
      1.1940        36.91
      1.1950        37.20
      1.1960        37.41
      1.1970        37.68
      1.1980        37.97
      1.1990        38.22
      1.2000        38.51
      1.2010        38.56
      1.2020        38.72
      1.2030        39.00
      1.2040        39.06
      1.2050        38.94
      1.2060        38.90
      1.2070        39.03
      1.2080        39.10
      1.2090        39.18
      1.2100        39.28
      1.2110        39.36
      1.2120        39.44
      1.2130        39.58
      1.2140        39.62
      1.2150        39.61
      1.2160        39.63
      1.2170        39.58
      1.2180        39.35
      1.2190        39.35
      1.2200        39.21
      1.2210        39.31
      1.2220        39.24
      1.2230        39.16
      1.2240        39.29
      1.2250        39.38
      1.2260        39.46
      1.2270        39.53
      1.2280        39.77
      1.2290        39.84
      1.2300        39.97
      1.2310        40.13
      1.2320        40.17
      1.2330        40.35
      1.2340        40.62
      1.2350        40.74
      1.2360        41.02
      1.2370        41.21
      1.2380        41.52
      1.2390        41.68
      1.2400        41.90
      1.2410        42.04
      1.2420        42.38
      1.2430        42.47
      1.2440        42.54
      1.2450        42.63
      1.2460        42.89
      1.2470        43.05
      1.2480        43.10
      1.2490        43.40
      1.2500        43.43
      1.2510        43.43
      1.2520        43.64
      1.2530        43.74
      1.2540        43.86
      1.2550        43.91
      1.2560        43.90
      1.2570        44.03
      1.2580        44.12
      1.2590        44.19
      1.2600        44.32
      1.2610        44.34
      1.2620        44.35
      1.2630        44.42
      1.2640        44.57
      1.2650        44.78
      1.2660        44.81
      1.2670        44.87
      1.2680        44.89
      1.2690        44.76
      1.2700        44.88
      1.2710        45.11
      1.2720        45.12
      1.2730        45.22
      1.2740        45.10
      1.2750        45.25
      1.2760        45.23
      1.2770        45.22
      1.2780        45.27
      1.2790        45.36
      1.2800        45.54
      1.2810        45.64
      1.2820        45.66
      1.2830        45.66
      1.2840        45.62
      1.2850        45.66
      1.2860        45.58
      1.2870        45.50
      1.2880        45.49
      1.2890        45.54
      1.2900        45.44
      1.2910        45.35
      1.2920        45.35
      1.2930        45.20
      1.2940        45.41
      1.2950        45.40
      1.2960        45.44
      1.2970        45.41
      1.2980        45.25
      1.2990        45.13
      1.3000        44.85
      1.3010        44.85
      1.3020        44.85
      1.3030        44.94
      1.3040        45.02
      1.3050        45.04
      1.3060        45.23
      1.3070        45.33
      1.3080        45.44
      1.3090        45.43
      1.3100        45.67
      1.3110        45.66
      1.3120        45.70
      1.3130        45.80
      1.3140        45.78
      1.3150        45.81
      1.3160        45.91
      1.3170        46.21
      1.3180        46.47
      1.3190        46.64
      1.3200        46.80
      1.3210        46.89
      1.3220        46.95
      1.3230        47.04
      1.3240        47.19
      1.3250        47.18
      1.3260        47.04
      1.3270        46.99
      1.3280        47.03
      1.3290        47.00
      1.3300        46.88
      1.3310        46.97
      1.3320        47.03
      1.3330        47.08
      1.3340        46.96
      1.3350        46.89
      1.3360        46.77
      1.3370        46.64
      1.3380        46.54
      1.3390        46.55
      1.3400        46.45
      1.3410        46.31
      1.3420        46.32
      1.3430        46.24
      1.3440        46.16
      1.3450        46.10
      1.3460        46.21
      1.3470        46.35
      1.3480        46.42
      1.3490        46.55
      1.3500        46.62
      1.3510        46.74
      1.3520        46.69
      1.3530        46.63
      1.3540        46.69
      1.3550        46.69
      1.3560        46.93
      1.3570        47.01
      1.3580        47.08
      1.3590        47.00
      1.3600        47.04
      1.3610        47.33
      1.3620        47.42
      1.3630        47.66
      1.3640        47.82
      1.3650        48.02
      1.3660        48.07
      1.3670        48.02
      1.3680        47.95
      1.3690        47.91
      1.3700        47.95
      1.3710        48.03
      1.3720        48.09
      1.3730        48.23
      1.3740        48.25
      1.3750        48.32
      1.3760        47.95
      1.3770        47.87
      1.3780        47.71
      1.3790        47.75
      1.3800        47.88
      1.3810        47.72
      1.3820        47.62
      1.3830        47.50
      1.3840        47.22
      1.3850        47.17
      1.3860        47.09
      1.3870        47.19
      1.3880        47.26
      1.3890        47.37
      1.3900        47.33
      1.3910        47.04
      1.3920        47.02
      1.3930        47.02
      1.3940        47.00
      1.3950        46.91
      1.3960        47.23
      1.3970        47.17
      1.3980        47.26
      1.3990        47.37
      1.4000        47.29
      1.4010        47.19
      1.4020        47.20
      1.4030        47.16
      1.4040        47.28
      1.4050        47.26
      1.4060        47.40
      1.4070        47.29
      1.4080        47.22
      1.4090        47.13
      1.4100        47.12
      1.4110        47.29
      1.4120        47.37
      1.4130        47.24
      1.4140        47.34
      1.4150        47.40
      1.4160        47.31
      1.4170        47.23
      1.4180        47.20
      1.4190        47.08
      1.4200        47.08
      1.4210        47.13
      1.4220        47.13
      1.4230        47.07
      1.4240        47.05
      1.4250        47.04
      1.4260        46.93
      1.4270        46.82
      1.4280        46.78
      1.4290        46.82
      1.4300        47.01
      1.4310        46.91
      1.4320        46.80
      1.4330        46.89
      1.4340        46.76
      1.4350        46.84
      1.4360        46.86
      1.4370        47.00
      1.4380        46.87
      1.4390        46.87
      1.4400        46.97
      1.4410        47.14
      1.4420        47.24
      1.4430        47.38
      1.4440        47.45
      1.4450        47.44
      1.4460        47.52
      1.4470        47.69
      1.4480        47.67
      1.4490        47.71
      1.4500        47.80
      1.4510        47.83
      1.4520        47.91
      1.4530        47.93
      1.4540        48.05
      1.4550        48.08
      1.4560        48.08
      1.4570        47.98
      1.4580        48.25
      1.4590        48.11
      1.4600        48.08
      1.4610        47.91
      1.4620        47.81
      1.4630        47.73
      1.4640        47.68
      1.4650        47.71
      1.4660        47.65
      1.4670        47.53
      1.4680        47.61
      1.4690        47.49
      1.4700        47.19
      1.4710        47.08
      1.4720        46.97
      1.4730        46.88
      1.4740        46.85
      1.4750        46.64
      1.4760        46.46
      1.4770        46.53
      1.4780        46.41
      1.4790        46.49
      1.4800        46.45
      1.4810        46.37
      1.4820        46.42
      1.4830        46.46
      1.4840        46.50
      1.4850        46.46
      1.4860        46.37
      1.4870        46.31
      1.4880        46.26
      1.4890        46.26
      1.4900        46.28
      1.4910        46.36
      1.4920        46.38
      1.4930        46.44
      1.4940        46.44
      1.4950        46.59
      1.4960        46.64
      1.4970        46.66
      1.4980        46.72
      1.4990        46.67
      1.5000        46.63
      1.5010        46.68
      1.5020        46.60
      1.5030        46.45
      1.5040        46.24
      1.5050        46.09
      1.5060        45.96
      1.5070        45.97
      1.5080        45.96
      1.5090        45.89
      1.5100        45.84
      1.5110        45.91
      1.5120        45.81
      1.5130        45.60
      1.5140        45.57
      1.5150        45.44
      1.5160        45.40
      1.5170        45.44
      1.5180        45.34
      1.5190        45.42
      1.5200        45.33
      1.5210        45.42
      1.5220        45.56
      1.5230        45.58
      1.5240        45.75
      1.5250        45.87
      1.5260        46.07
      1.5270        46.11
      1.5280        46.08
      1.5290        46.40
      1.5300        46.47
      1.5310        46.45
      1.5320        46.48
      1.5330        46.57
      1.5340        46.47
      1.5350        46.45
      1.5360        46.47
      1.5370        46.36
      1.5380        46.32
      1.5390        46.24
      1.5400        46.33
      1.5410        46.10
      1.5420        45.93
      1.5430        45.88
      1.5440        45.65
      1.5450        45.54
      1.5460        45.42
      1.5470        45.26
      1.5480        45.19
      1.5490        44.95
      1.5500        44.75
      1.5510        44.52
      1.5520        44.55
      1.5530        44.44
      1.5540        44.46
      1.5550        44.48
      1.5560        44.55
      1.5570        44.48
      1.5580        44.36
      1.5590        44.26
      1.5600        44.20
      1.5610        44.42
      1.5620        44.47
      1.5630        44.50
      1.5640        44.53
      1.5650        44.58
      1.5660        44.61
      1.5670        44.58
      1.5680        44.66
      1.5690        44.60
      1.5700        44.68
      1.5710        44.78
      1.5720        44.76
      1.5730        44.90
      1.5740        44.85
      1.5750        44.90
      1.5760        44.69
      1.5770        44.69
      1.5780        44.76
      1.5790        44.92
      1.5800        44.94
      1.5810        44.77
      1.5820        44.63
      1.5830        44.62
      1.5840        44.75
      1.5850        44.63
      1.5860        44.58
      1.5870        44.67
      1.5880        44.69
      1.5890        44.68
      1.5900        44.52
      1.5910        44.55
      1.5920        44.44
      1.5930        44.28
      1.5940        44.30
      1.5950        44.23
      1.5960        44.31
      1.5970        44.28
      1.5980        44.26
      1.5990        44.24
      1.6000        44.06
      1.6010        43.97
      1.6020        43.90
      1.6030        43.92
      1.6040        43.73
      1.6050        43.74
      1.6060        43.76
      1.6070        43.79
      1.6080        43.75
      1.6090        43.75
      1.6100        43.96
      1.6110        44.10
      1.6120        44.31
      1.6130        44.39
      1.6140        44.35
      1.6150        44.30
      1.6160        44.41
      1.6170        44.51
      1.6180        44.41
      1.6190        44.32
      1.6200        44.37
      1.6210        44.40
      1.6220        44.46
      1.6230        44.51
      1.6240        44.48
      1.6250        44.49
      1.6260        44.42
      1.6270        44.38
      1.6280        44.23
      1.6290        44.12
      1.6300        43.89
      1.6310        43.62
      1.6320        43.48
      1.6330        43.29
      1.6340        43.25
      1.6350        43.18
      1.6360        43.02
      1.6370        42.94
      1.6380        43.03
      1.6390        43.02
      1.6400        42.87
      1.6410        42.92
      1.6420        42.75
      1.6430        42.57
      1.6440        42.63
      1.6450        42.66
      1.6460        42.75
      1.6470        42.74
      1.6480        42.81
      1.6490        42.84
      1.6500        42.99
      1.6510        42.99
      1.6520        42.98
      1.6530        43.14
      1.6540        43.21
      1.6550        43.29
      1.6560        43.28
      1.6570        43.26
      1.6580        43.18
      1.6590        43.14
      1.6600        43.30
      1.6610        43.16
      1.6620        43.40
      1.6630        43.32
      1.6640        43.36
      1.6650        43.22
      1.6660        43.17
      1.6670        43.23
      1.6680        43.19
      1.6690        43.23
      1.6700        43.22
      1.6710        43.09
      1.6720        43.09
      1.6730        42.86
      1.6740        42.82
      1.6750        42.66
      1.6760        42.75
      1.6770        42.80
      1.6780        42.86
      1.6790        42.87
      1.6800        42.72
      1.6810        42.90
      1.6820        42.87
      1.6830        42.97
      1.6840        42.93
      1.6850        43.06
      1.6860        42.98
      1.6870        42.93
      1.6880        43.06
      1.6890        43.17
      1.6900        43.18
      1.6910        43.42
      1.6920        43.57
      1.6930        43.73
      1.6940        43.74
      1.6950        43.92
      1.6960        43.85
      1.6970        43.91
      1.6980        43.77
      1.6990        43.92
      1.7000        43.97
      1.7010        44.02
      1.7020        44.04
      1.7030        43.93
      1.7040        43.92
      1.7050        43.80
      1.7060        43.70
      1.7070        43.63
      1.7080        43.32
      1.7090        43.14
      1.7100        42.88
      1.7110        42.68
      1.7120        42.53
      1.7130        42.32
      1.7140        42.12
      1.7150        42.04
      1.7160        41.92
      1.7170        41.56
      1.7180        41.46
      1.7190        41.33
      1.7200        41.32
      1.7210        41.10
      1.7220        41.02
      1.7230        41.01
      1.7240        41.08
      1.7250        41.06
      1.7260        41.20
      1.7270        41.08
      1.7280        41.16
      1.7290        41.15
      1.7300        41.38
      1.7310        41.39
      1.7320        41.32
      1.7330        41.49
      1.7340        41.69
      1.7350        41.63
      1.7360        41.75
      1.7370        41.86
      1.7380        42.04
      1.7390        41.91
      1.7400        41.95
      1.7410        41.96
      1.7420        41.91
      1.7430        42.00
      1.7440        41.95
      1.7450        41.89
      1.7460        41.89
      1.7470        41.97
      1.7480        42.05
      1.7490        42.05
      1.7500        41.94
      1.7510        42.08
      1.7520        42.02
      1.7530        41.90
      1.7540        41.71
      1.7550        41.81
      1.7560        41.75
      1.7570        41.85
      1.7580        41.80
      1.7590        41.94
      1.7600        41.94
      1.7610        41.92
      1.7620        41.83
      1.7630        41.78
      1.7640        41.62
      1.7650        41.62
      1.7660        41.61
      1.7670        41.66
      1.7680        41.61
      1.7690        41.57
      1.7700        41.50
      1.7710        41.33
      1.7720        41.41
      1.7730        41.49
      1.7740        41.67
      1.7750        41.57
      1.7760        41.64
      1.7770        41.59
      1.7780        41.57
      1.7790        41.53
      1.7800        41.41
      1.7810        41.44
      1.7820        41.37
      1.7830        41.22
      1.7840        41.29
      1.7850        41.37
      1.7860        41.04
      1.7870        41.01
      1.7880        40.86
      1.7890        40.88
      1.7900        40.94
      1.7910        40.82
      1.7920        40.85
      1.7930        40.91
      1.7940        40.75
      1.7950        40.88
      1.7960        40.70
      1.7970        40.68
      1.7980        40.56
      1.7990        40.47
      1.8000        40.43
      1.8010        40.45
      1.8020        40.38
      1.8030        40.60
      1.8040        40.52
      1.8050        40.33
      1.8060        40.49
      1.8070        40.55
      1.8080        40.59
      1.8090        40.57
      1.8100        40.59
      1.8110        40.67
      1.8120        40.60
      1.8130        40.51
      1.8140        40.66
      1.8150        40.60
      1.8160        40.86
      1.8170        40.99
      1.8180        41.10
      1.8190        41.33
      1.8200        41.42
      1.8210        41.45
      1.8220        41.64
      1.8230        41.54
      1.8240        41.50
      1.8250        41.57
      1.8260        41.61
      1.8270        41.48
      1.8280        41.62
      1.8290        41.65
      1.8300        41.66
      1.8310        41.85
      1.8320        41.85
      1.8330        41.80
      1.8340        41.59
      1.8350        41.47
      1.8360        41.33
      1.8370        41.07
      1.8380        41.03
      1.8390        40.86
      1.8400        40.78
      1.8410        40.69
      1.8420        40.77
      1.8430        40.78
      1.8440        40.81
      1.8450        40.74
      1.8460        40.70
      1.8470        40.74
      1.8480        40.51
      1.8490        40.54
      1.8500        40.54
      1.8510        40.43
      1.8520        40.51
      1.8530        40.65
      1.8540        40.82
      1.8550        40.96
      1.8560        40.93
      1.8570        40.99
      1.8580        41.12
      1.8590        41.23
      1.8600        41.33
      1.8610        41.26
      1.8620        41.09
      1.8630        41.02
      1.8640        40.98
      1.8650        41.08
      1.8660        41.13
      1.8670        41.10
      1.8680        41.08
      1.8690        40.96
      1.8700        40.77
      1.8710        40.80
      1.8720        40.72
      1.8730        40.61
      1.8740        40.43
      1.8750        40.16
      1.8760        40.06
      1.8770        40.17
      1.8780        40.12
      1.8790        39.93
      1.8800        39.77
      1.8810        39.94
      1.8820        39.91
      1.8830        39.79
      1.8840        39.76
      1.8850        39.72
      1.8860        39.56
      1.8870        39.50
      1.8880        39.58
      1.8890        39.71
      1.8900        39.77
      1.8910        39.60
      1.8920        39.56
      1.8930        39.56
      1.8940        39.62
      1.8950        39.82
      1.8960        39.93
      1.8970        39.83
      1.8980        39.82
      1.8990        39.90
      1.9000        39.98
      1.9010        39.85
      1.9020        39.89
      1.9030        40.01
      1.9040        40.10
      1.9050        40.01
      1.9060        40.20
      1.9070        40.28
      1.9080        40.44
      1.9090        40.36
      1.9100        40.28
      1.9110        40.28
      1.9120        40.29
      1.9130        40.21
      1.9140        40.24
      1.9150        40.09
      1.9160        40.08
      1.9170        40.08
      1.9180        39.90
      1.9190        39.86
      1.9200        39.82
      1.9210        39.71
      1.9220        39.73
      1.9230        39.70
      1.9240        39.74
      1.9250        39.81
      1.9260        39.63
      1.9270        39.45
      1.9280        39.32
      1.9290        39.20
      1.9300        39.27
      1.9310        39.42
      1.9320        39.32
      1.9330        39.29
      1.9340        39.32
      1.9350        39.29
      1.9360        39.21
      1.9370        39.25
      1.9380        39.49
      1.9390        39.42
      1.9400        39.47
      1.9410        39.47
      1.9420        39.39
      1.9430        39.49
      1.9440        39.45
      1.9450        39.51
      1.9460        39.72
      1.9470        39.89
      1.9480        39.70
      1.9490        39.84
      1.9500        39.84
      1.9510        39.65
      1.9520        39.66
      1.9530        39.72
      1.9540        39.58
      1.9550        39.60
      1.9560        39.56
      1.9570        39.50
      1.9580        39.26
      1.9590        39.33
      1.9600        39.24
      1.9610        39.26
      1.9620        39.28
      1.9630        39.04
      1.9640        38.97
      1.9650        38.88
      1.9660        38.82
      1.9670        38.73
      1.9680        38.82
      1.9690        38.64
      1.9700        38.71
      1.9710        38.87
      1.9720        38.88
      1.9730        38.90
      1.9740        38.96
      1.9750        39.03
      1.9760        39.14
      1.9770        39.14
      1.9780        39.26
      1.9790        39.26
      1.9800        39.38
      1.9810        39.34
      1.9820        39.46
      1.9830        39.69
      1.9840        39.80
      1.9850        39.97
      1.9860        40.01
      1.9870        40.05
      1.9880        40.19
      1.9890        40.37
      1.9900        40.22
      1.9910        40.18
      1.9920        40.14
      1.9930        40.22
      1.9940        40.19
      1.9950        40.08
      1.9960        40.04
      1.9970        39.98
      1.9980        39.91
      1.9990        39.93
      2.0000        39.84
      2.0010        39.80
      2.0020        39.64
      2.0030        39.54
      2.0040        39.37
      2.0050        39.21
      2.0060        39.16
      2.0070        38.90
      2.0080        38.75
      2.0090        38.48
      2.0100        38.67
      2.0110        38.52
      2.0120        38.68
      2.0130        38.58
      2.0140        38.52
      2.0150        38.56
      2.0160        38.48
      2.0170        38.47
      2.0180        38.44
      2.0190        38.35
      2.0200        38.31
      2.0210        38.50
      2.0220        38.62
      2.0230        38.70
      2.0240        38.75
      2.0250        38.76
      2.0260        38.65
      2.0270        38.84
      2.0280        38.88
      2.0290        39.07
      2.0300        39.09
      2.0310        39.21
      2.0320        39.02
      2.0330        39.09
      2.0340        39.16
      2.0350        39.29
      2.0360        39.37
      2.0370        39.39
      2.0380        39.36
      2.0390        39.45
      2.0400        39.48
      2.0410        39.32
      2.0420        39.43
      2.0430        39.41
      2.0440        39.39
      2.0450        39.35
      2.0460        39.33
      2.0470        39.43
      2.0480        39.36
      2.0490        39.26
      2.0500        39.06
      2.0510        39.11
      2.0520        39.11
      2.0530        39.11
      2.0540        39.27
      2.0550        39.19
      2.0560        39.27
      2.0570        39.20
      2.0580        39.22
      2.0590        39.18
      2.0600        39.28
      2.0610        39.45
      2.0620        39.35
      2.0630        39.42
      2.0640        39.57
      2.0650        39.56
      2.0660        39.73
      2.0670        39.62
      2.0680        39.77
      2.0690        39.92
      2.0700        39.87
      2.0710        39.82
      2.0720        39.91
      2.0730        39.91
      2.0740        39.71
      2.0750        39.68
      2.0760        39.54
      2.0770        39.59
      2.0780        39.66
      2.0790        39.66
      2.0800        39.60
      2.0810        39.43
      2.0820        39.23
      2.0830        39.09
      2.0840        38.82
      2.0850        38.79
      2.0860        38.70
      2.0870        38.72
      2.0880        38.62
      2.0890        38.49
      2.0900        38.56
      2.0910        38.39
      2.0920        38.26
      2.0930        38.20
      2.0940        38.30
      2.0950        38.41
      2.0960        38.51
      2.0970        38.47
      2.0980        38.40
      2.0990        38.44
      2.1000        38.40
      2.1010        38.48
      2.1020        38.60
      2.1030        38.63
      2.1040        38.92
      2.1050        38.97
      2.1060        38.99
      2.1070        38.92
      2.1080        38.92
      2.1090        39.12
      2.1100        39.05
      2.1110        39.35
      2.1120        39.55
      2.1130        39.55
      2.1140        39.59
      2.1150        39.40
      2.1160        39.25
      2.1170        39.36
      2.1180        39.41
      2.1190        39.17
      2.1200        39.19
      2.1210        39.20
      2.1220        39.22
      2.1230        39.19
      2.1240        39.17
      2.1250        39.14
      2.1260        38.96
      2.1270        38.91
      2.1280        38.91
      2.1290        38.70
      2.1300        38.58
      2.1310        38.34
      2.1320        38.12
      2.1330        38.19
      2.1340        37.94
      2.1350        37.99
      2.1360        38.04
      2.1370        37.95
      2.1380        37.87
      2.1390        37.90
      2.1400        37.85
      2.1410        37.77
      2.1420        37.75
      2.1430        37.74
      2.1440        37.65
      2.1450        37.75
      2.1460        37.87
      2.1470        38.06
      2.1480        38.06
      2.1490        38.10
      2.1500        38.31
      2.1510        38.35
      2.1520        38.39
      2.1530        38.35
      2.1540        38.35
      2.1550        38.33
      2.1560        38.27
      2.1570        38.33
      2.1580        38.39
      2.1590        38.49
      2.1600        38.37
      2.1610        38.31
      2.1620        38.24
      2.1630        38.21
      2.1640        38.22
      2.1650        38.08
      2.1660        38.06
      2.1670        37.98
      2.1680        37.85
      2.1690        37.72
      2.1700        37.74
      2.1710        37.73
      2.1720        37.69
      2.1730        37.58
      2.1740        37.65
      2.1750        37.57
      2.1760        37.50
      2.1770        37.37
      2.1780        37.22
      2.1790        37.05
      2.1800        37.13
      2.1810        37.14
      2.1820        37.02
      2.1830        37.07
      2.1840        37.03
      2.1850        37.14
      2.1860        37.22
      2.1870        37.24
      2.1880        37.37
      2.1890        37.45
      2.1900        37.33
      2.1910        37.33
      2.1920        37.40
      2.1930        37.36
      2.1940        37.37
      2.1950        37.38
      2.1960        37.29
      2.1970        37.30
      2.1980        37.21
      2.1990        37.27
      2.2000        37.26
      2.2010        37.22
      2.2020        37.30
      2.2030        37.14
      2.2040        37.12
      2.2050        36.96
      2.2060        36.79
      2.2070        36.79
      2.2080        36.52
      2.2090        36.54
      2.2100        36.43
      2.2110        36.26
      2.2120        36.22
      2.2130        36.26
      2.2140        36.08
      2.2150        36.14
      2.2160        36.18
      2.2170        36.16
      2.2180        36.14
      2.2190        36.02
      2.2200        35.93
      2.2210        35.91
      2.2220        35.91
      2.2230        35.90
      2.2240        35.88
      2.2250        35.83
      2.2260        35.75
      2.2270        35.56
      2.2280        35.73
      2.2290        35.74
      2.2300        35.61
      2.2310        35.78
      2.2320        35.65
      2.2330        35.55
      2.2340        35.64
      2.2350        35.52
      2.2360        35.56
      2.2370        35.52
      2.2380        35.63
      2.2390        35.60
      2.2400        35.53
      2.2410        35.53
      2.2420        35.30
      2.2430        35.10
      2.2440        34.84
      2.2450        34.60
      2.2460        34.58
      2.2470        34.49
      2.2480        34.20
      2.2490        34.09
      2.2500        34.12
      2.2510        33.94
      2.2520        33.78
      2.2530        33.73
      2.2540        33.47
      2.2550        33.35
      2.2560        33.28
      2.2570        33.01
      2.2580        32.88
      2.2590        32.71
      2.2600        32.44
      2.2610        32.28
      2.2620        32.40
      2.2630        32.50
      2.2640        32.54
      2.2650        32.68
      2.2660        32.70
      2.2670        32.57
      2.2680        32.66
      2.2690        32.58
      2.2700        32.61
      2.2710        32.57
      2.2720        32.70
      2.2730        32.55
      2.2740        32.49
      2.2750        32.39
      2.2760        32.35
      2.2770        32.39
      2.2780        32.36
      2.2790        32.47
      2.2800        32.48
      2.2810        32.44
      2.2820        32.42
      2.2830        32.35
      2.2840        32.31
      2.2850        32.18
      2.2860        31.87
      2.2870        31.86
      2.2880        31.79
      2.2890        31.60
      2.2900        31.44
      2.2910        31.40
      2.2920        31.18
      2.2930        31.12
      2.2940        31.12
      2.2950        31.06
      2.2960        30.90
      2.2970        30.86
      2.2980        30.72
      2.2990        30.49
      2.3000        30.42
      2.3010        30.22
      2.3020        29.83
      2.3030        29.71
      2.3040        29.54
      2.3050        29.35
      2.3060        29.40
      2.3070        29.25
      2.3080        29.21
      2.3090        29.27
      2.3100        29.26
      2.3110        29.08
      2.3120        29.03
      2.3130        29.03
      2.3140        29.00
      2.3150        28.88
      2.3160        28.62
      2.3170        28.57
      2.3180        28.53
      2.3190        28.50
      2.3200        28.58
      2.3210        28.50
      2.3220        28.50
      2.3230        28.41
      2.3240        28.34
      2.3250        28.26
      2.3260        28.18
      2.3270        28.11
      2.3280        27.88
      2.3290        27.58
      2.3300        27.40
      2.3310        27.21
      2.3320        27.07
      2.3330        26.84
      2.3340        26.69
      2.3350        26.60
      2.3360        26.61
      2.3370        26.45
      2.3380        26.25
      2.3390        26.16
      2.3400        25.94
      2.3410        25.82
      2.3420        25.79
      2.3430        25.78
      2.3440        25.74
      2.3450        25.75
      2.3460        25.63
      2.3470        25.62
      2.3480        25.56
      2.3490        25.56
      2.3500        25.52
      2.3510        25.56
      2.3520        25.57
      2.3530        25.61
      2.3540        25.52
      2.3550        25.47
      2.3560        25.57
      2.3570        25.61
      2.3580        25.64
      2.3590        25.67
      2.3600        25.60
      2.3610        25.58
      2.3620        25.44
      2.3630        25.28
      2.3640        25.19
      2.3650        25.10
      2.3660        25.04
      2.3670        25.00
      2.3680        24.99
      2.3690        24.95
      2.3700        24.80
      2.3710        24.56
      2.3720        24.39
      2.3730        24.10
      2.3740        23.93
      2.3750        23.81
      2.3760        23.63
      2.3770        23.27
      2.3780        23.10
      2.3790        22.81
      2.3800        22.75
      2.3810        22.61
      2.3820        22.56
      2.3830        22.41
      2.3840        22.26
      2.3850        22.10
      2.3860        22.00
      2.3870        21.76
      2.3880        21.68
      2.3890        21.48
      2.3900        21.41
      2.3910        21.33
      2.3920        21.15
      2.3930        21.14
      2.3940        21.14
      2.3950        21.32
      2.3960        21.13
      2.3970        21.03
      2.3980        20.87
      2.3990        20.87
      2.4000        20.79
      2.4010        20.82
      2.4020        20.83
      2.4030        20.65
      2.4040        20.42
      2.4050        20.32
      2.4060        20.04
      2.4070        19.91
      2.4080        19.69
      2.4090        19.62
      2.4100        19.42
      2.4110        19.35
      2.4120        19.27
      2.4130        19.14
      2.4140        19.01
      2.4150        18.68
      2.4160        18.53
      2.4170        18.49
      2.4180        18.33
      2.4190        18.05
      2.4200        17.67
      2.4210        17.43
      2.4220        17.05
      2.4230        17.07
      2.4240        16.96
      2.4250        16.90
      2.4260        16.85
      2.4270        16.77
      2.4280        16.60
      2.4290        16.40
      2.4300        16.20
      2.4310        16.14
      2.4320        16.14
      2.4330        16.06
      2.4340        15.96
      2.4350        15.81
      2.4360        15.80
      2.4370        15.88
      2.4380        15.78
      2.4390        15.72
      2.4400        15.72
      2.4410        15.68
      2.4420        15.65
      2.4430        15.60
      2.4440        15.59
      2.4450        15.49
      2.4460        15.49
      2.4470        15.53
      2.4480        15.58
      2.4490        15.69
      2.4500        15.77
      2.4510        15.62
      2.4520        15.53
      2.4530        15.64
      2.4540        15.58
      2.4550        15.47
      2.4560        15.28
      2.4570        15.07
      2.4580        15.05
      2.4590        14.90
      2.4600        14.83
      2.4610        14.64
      2.4620        14.57
      2.4630        14.39
      2.4640        14.26
      2.4650        14.13
      2.4660        13.99
      2.4670        13.62
      2.4680        13.47
      2.4690        13.23
      2.4700        13.08
      2.4710        12.90
      2.4720        12.64
      2.4730        12.44
      2.4740        12.28
      2.4750        12.11
      2.4760        12.13
      2.4770        11.99
      2.4780        11.86
      2.4790        11.82
      2.4800        11.70
      2.4810        11.69
      2.4820        11.71
      2.4830        11.46
      2.4840        11.31
      2.4850        11.23
      2.4860        11.09
      2.4870        11.20
      2.4880        11.01
      2.4890        10.95
      2.4900        10.83
      2.4910        10.76
      2.4920        10.77
      2.4930        10.44
      2.4940        10.17
      2.4950        10.14
      2.4960         9.93
      2.4970         9.81
      2.4980         9.73
      2.4990         9.74
      2.5000         9.72
      2.5010         9.61
      2.5020         9.33
      2.5030         9.36
      2.5040         9.24
      2.5050         8.97
      2.5060         8.82
      2.5070         8.59
      2.5080         8.51
      2.5090         8.28
      2.5100         8.07
      2.5110         8.02
      2.5120         7.88
      2.5130         7.77
      2.5140         7.69
      2.5150         7.48
      2.5160         7.38
      2.5170         7.29
      2.5180         7.10
      2.5190         6.85
      2.5200         6.63
      2.5210         6.43
      2.5220         6.26
      2.5230         6.03
      2.5240         5.93
      2.5250         5.99
      2.5260         5.83
      2.5270         5.80
      2.5280         5.68
      2.5290         5.56
      2.5300         5.42
      2.5310         5.21
      2.5320         5.01
      2.5330         4.81
      2.5340         4.72
      2.5350         4.45
      2.5360         4.35
      2.5370         4.28
      2.5380         4.16
      2.5390         4.09
      2.5400         3.84
      2.5410         3.62
      2.5420         3.50
      2.5430         3.31
      2.5440         3.28
      2.5450         3.04
      2.5460         3.00
      2.5470         2.26
      2.5480         1.62
      2.5490         1.52
      2.5500         1.46
      2.5510         1.33
      2.5520         1.33
      2.5530         1.48
      2.5540         1.44
      2.5550         1.44
      2.5560         1.29
      2.5570         1.21
      2.5580         1.00
      2.5590         1.00
      2.5600         1.15
      2.5610         1.09
      2.5620         1.00
      2.5630         1.00
      2.5640         1.00
      2.5650         1.00
      2.5660         1.00
      2.5670         1.00
      2.5680         1.00
      2.5690         1.00
      2.5700         1.00
      2.5710         1.00
      2.5720         1.00
      2.5730         1.00
      2.5740         1.00
      2.5750         1.00
      2.5760         1.00
      2.5770         1.00
      2.5780         1.00
      2.5790         1.00
      2.5800         1.00
      2.5810         1.00
      2.5820         1.00
      2.5830         1.00
      2.5840         1.00
      2.5850         1.00
      2.5860         1.00
      2.5870         1.00
      2.5880         1.00
      2.5890         1.00
      2.5900         1.00
      2.5910         1.00
      2.5920         1.00
      2.5930         1.00
      2.5940         1.00
      2.5950         1.00
      2.5960         1.00
      2.5970         1.00
      2.5980         1.00
      2.5990         1.00
      2.6000         1.00
      2.6010         1.00
      2.6020         1.00
      2.6030         1.00
      2.6040         1.00
      2.6050         1.00
      2.6060         1.00
      2.6070         1.00
      2.6080         1.00
      2.6090         1.00
      2.6100         1.00
      2.6110         1.00
      2.6120         1.00
      2.6130         1.00
      2.6140         1.00
      2.6150         1.00
      2.6160         1.00
      2.6170         1.00
      2.6180         1.00
      2.6190         1.00
      2.6200         1.00
      2.6210         1.00
      2.6220         1.00
      2.6230         1.00
      2.6240         1.00
      2.6250         1.00
      2.6260         1.00
      2.6270         1.00
      2.6280         1.00
      2.6290         1.00
      2.6300         1.00
      2.6310         1.00
      2.6320         1.00
      2.6330         1.00
      2.6340         1.00
      2.6350         1.00
      2.6360         1.00
      2.6370         1.00
      2.6380         1.00
      2.6390         1.00
      2.6400         1.00
      2.6410         1.00
      2.6420         1.00
      2.6430         1.00
      2.6440         1.00
      2.6450         1.00
      2.6460         1.00
      2.6470         1.00
      2.6480         1.00
      2.6490         1.00
      2.6500         1.00
      2.6510         1.00
      2.6520         1.00
      2.6530         1.00
      2.6540         1.00
      2.6550         1.00
      2.6560         1.00
      2.6570         1.00
      2.6580         1.00
      2.6590         1.00
      2.6600         1.00
      2.6610         1.00
      2.6620         1.00
      2.6630         1.00
      2.6640         1.00
      2.6650         1.00
      2.6660         1.00
      2.6670         1.00
      2.6680         1.00
      2.6690         1.00
      2.6700         1.00
      2.6710         1.00
      2.6720         1.00
      2.6730         1.00
      2.6740         1.00
      2.6750         1.00
      2.6760         1.00
      2.6770         1.00
      2.6780         1.00
      2.6790         1.00
      2.6800         1.00
      2.6810         1.00
      2.6820         1.00
      2.6830         1.00
      2.6840         1.00
      2.6850         1.00
      2.6860         1.00
      2.6870         1.00
      2.6880         1.00
      2.6890         1.00
      2.6900         1.00
      2.6910         1.00
      2.6920         1.00
      2.6930         1.00
      2.6940         1.00
      2.6950         1.00
      2.6960         1.00
      2.6970         1.00
      2.6980         1.00
      2.6990         1.00
      2.7000         1.00
      2.7010         1.00
      2.7020         1.00
      2.7030         1.00
      2.7040         1.00
      2.7050         1.00
      2.7060         1.00
      2.7070         1.00
      2.7080         1.00
      2.7090         1.00
      2.7100         1.00
      2.7110         1.00
      2.7120         1.00
      2.7130         1.00
      2.7140         1.00
      2.7150         1.00
      2.7160         1.00
      2.7170         1.00
      2.7180         1.00
      2.7190         1.00
      2.7200         1.00
      2.7210         1.00
      2.7220         1.00
      2.7230         1.00
      2.7240         1.00
      2.7250         1.00
      2.7260         1.00
      2.7270         1.00
      2.7280         1.00
      2.7290         1.00
      2.7300         1.00
      2.7310         1.00
      2.7320         1.00
      2.7330         1.00
      2.7340         1.00
      2.7350         1.00
      2.7360         1.00
      2.7370         1.00
      2.7380         1.00
      2.7390         1.00
      2.7400         1.00
      2.7410         1.00
      2.7420         1.00
      2.7430         1.00
      2.7440         1.00
      2.7450         1.00
      2.7460         1.00
      2.7470         1.00
      2.7480         1.00
      2.7490         1.00
      2.7500         1.00
      2.7510         1.00
      2.7520         1.00
      2.7530         1.00
      2.7540         1.00
      2.7550         1.00
      2.7560         1.00
      2.7570         1.00
      2.7580         1.00
      2.7590         1.00
      2.7600         1.00
      2.7610         1.00
      2.7620         1.00
      2.7630         1.00
      2.7640         1.00
      2.7650         1.00
      2.7660         1.00
      2.7670         1.00
      2.7680         1.00
      2.7690         1.00
      2.7700         1.00
      2.7710         1.00
      2.7720         1.00
      2.7730         1.00
      2.7740         1.00
      2.7750         1.00
      2.7760         1.00
      2.7770         1.00
      2.7780         1.00
      2.7790         1.00
      2.7800         1.00
      2.7810         1.00
      2.7820         1.00
      2.7830         1.00
      2.7840         1.00
      2.7850         1.00
      2.7860         1.00
      2.7870         1.00
      2.7880         1.00
      2.7890         1.00
      2.7900         1.00
      2.7910         1.00
      2.7920         1.00
      2.7930         1.00
      2.7940         1.00
      2.7950         1.00
      2.7960         1.00
      2.7970         1.00
      2.7980         1.00
      2.7990         1.00
      2.8000         1.00
      2.8010         1.00
      2.8020         1.00
      2.8030         1.00
      2.8040         1.00
      2.8050         1.00
      2.8060         1.00
      2.8070         1.00
      2.8080         1.00
      2.8090         1.00
      2.8100         1.00
      2.8110         1.00
      2.8120         1.00
      2.8130         1.00
      2.8140         1.00
      2.8150         1.00
      2.8160         1.00
      2.8170         1.00
      2.8180         1.00
      2.8190         1.00
      2.8200         1.00
      2.8210         1.00
      2.8220         1.00
      2.8230         1.00
      2.8240         1.00
      2.8250         1.00
      2.8260         1.00
      2.8270         1.00
      2.8280         1.00
      2.8290         1.00
      2.8300         1.00
      2.8310         1.00
      2.8320         1.00
      2.8330         1.00
      2.8340         1.00
      2.8350         1.00
      2.8360         1.00
      2.8370         1.00
      2.8380         1.00
      2.8390         1.00
      2.8400         1.00
      2.8410         1.00
      2.8420         1.00
      2.8430         1.00
      2.8440         1.00
      2.8450         1.00
      2.8460         1.00
      2.8470         1.00
      2.8480         1.00
      2.8490         1.00
      2.8500         1.00
      2.8510         1.00
      2.8520         1.00
      2.8530         1.00
      2.8540         1.00
      2.8550         1.00
      2.8560         1.00
      2.8570         1.00
      2.8580         1.00
      2.8590         1.00
      2.8600         1.00
      2.8610         1.00
      2.8620         1.00
      2.8630         1.00
      2.8640         1.00
      2.8650         1.00
      2.8660         1.00
      2.8670         1.00
      2.8680         1.00
      2.8690         1.00
      2.8700         1.00
      2.8710         1.00
      2.8720         1.00
      2.8730         1.00
      2.8740         1.00
      2.8750         1.00
      2.8760         1.00
      2.8770         1.00
      2.8780         1.00
      2.8790         1.00
      2.8800         1.00
      2.8810         1.00
      2.8820         1.00
      2.8830         1.00
      2.8840         1.00
      2.8850         1.00
      2.8860         1.00
      2.8870         1.00
      2.8880         1.00
      2.8890         1.00
      2.8900         1.00
      2.8910         1.00
      2.8920         1.00
      2.8930         1.00
      2.8940         1.00
      2.8950         1.00
      2.8960         1.00
      2.8970         1.00
      2.8980         1.00
      2.8990         1.00
      2.9000         1.00
      2.9010         1.00
      2.9020         1.00
      2.9030         1.00
      2.9040         1.00
      2.9050         1.00
      2.9060         1.00
      2.9070         1.00
      2.9080         1.00
      2.9090         1.00
      2.9100         1.00
      2.9110         1.00
      2.9120         1.00
      2.9130         1.00
      2.9140         1.00
      2.9150         1.00
      2.9160         1.00
      2.9170         1.00
      2.9180         1.00
      2.9190         1.00
      2.9200         1.00
      2.9210         1.00
      2.9220         1.00
      2.9230         1.00
      2.9240         1.00
      2.9250         1.00
      2.9260         1.00
      2.9270         1.00
      2.9280         1.00
      2.9290         1.00
      2.9300         1.00
      2.9310         1.00
      2.9320         1.00
      2.9330         1.00
      2.9340         1.00
      2.9350         1.00
      2.9360         1.00
      2.9370         1.00
      2.9380         1.00
      2.9390         1.00
      2.9400         1.00
      2.9410         1.00
      2.9420         1.00
      2.9430         1.00
      2.9440         1.00
      2.9450         1.00
      2.9460         1.00
      2.9470         1.00
      2.9480         1.00
      2.9490         1.00
      2.9500         1.00
      2.9510         1.00
      2.9520         1.00
      2.9530         1.00
      2.9540         1.00
      2.9550         1.00
      2.9560         1.00
      2.9570         1.00
      2.9580         1.00
      2.9590         1.00
      2.9600         1.00
      2.9610         1.00
      2.9620         1.00
      2.9630         1.00
      2.9640         1.00
      2.9650         1.00
      2.9660         1.00
      2.9670         1.00
      2.9680         1.00
      2.9690         1.00
      2.9700         1.00
      2.9710         1.00
      2.9720         1.00
      2.9730         1.00
      2.9740         1.00
      2.9750         1.00
      2.9760         1.00
      2.9770         1.00
      2.9780         1.00
      2.9790         1.00
      2.9800         1.00
      2.9810         1.00
      2.9820         1.00
      2.9830         1.00
      2.9840         1.00
      2.9850         1.00
      2.9860         1.00
      2.9870         1.00
      2.9880         1.00
      2.9890         1.00
      2.9900         1.00
      2.9910         1.00
      2.9920         1.00
      2.9930         1.00
      2.9940         1.00
      2.9950         1.00
      2.9960         1.00
      2.9970         1.00
      2.9980         1.00
      2.9990         1.00
