        Time   Palpation Force
      0.0000         1.00
      0.0010         1.00
      0.0020         1.92
      0.0030         3.31
      0.0040         4.21
      0.0050         5.78
      0.0060         6.74
      0.0070         7.62
      0.0080         8.61
      0.0090         9.49
      0.0100        10.50
      0.0110        11.55
      0.0120        12.47
      0.0130        13.45
      0.0140        14.50
      0.0150        15.45
      0.0160        16.45
      0.0170        17.41
      0.0180        18.42
      0.0190        19.48
      0.0200        19.59
      0.0210        19.75
      0.0220        19.85
      0.0230        19.85
      0.0240        19.93
      0.0250        19.90
      0.0260        20.15
      0.0270        20.36
      0.0280        20.42
      0.0290        20.62
      0.0300        20.77
      0.0310        20.82
      0.0320        20.94
      0.0330        21.30
      0.0340        21.51
      0.0350        21.81
      0.0360        22.18
      0.0370        22.48
      0.0380        22.64
      0.0390        22.69
      0.0400        22.96
      0.0410        23.21
      0.0420        23.50
      0.0430        23.59
      0.0440        23.80
      0.0450        24.01
      0.0460        23.97
      0.0470        24.10
      0.0480        24.41
      0.0490        24.56
      0.0500        24.62
      0.0510        24.74
      0.0520        24.85
      0.0530        24.72
      0.0540        24.75
      0.0550        24.79
      0.0560        24.68
      0.0570        24.68
      0.0580        24.80
      0.0590        24.88
      0.0600        24.79
      0.0610        24.80
      0.0620        24.74
      0.0630        24.76
      0.0640        24.80
      0.0650        24.79
      0.0660        24.98
      0.0670        24.99
      0.0680        25.04
      0.0690        25.19
      0.0700        25.18
      0.0710        25.26
      0.0720        25.47
      0.0730        25.61
      0.0740        25.70
      0.0750        25.83
      0.0760        26.04
      0.0770        26.16
      0.0780        26.23
      0.0790        26.36
      0.0800        26.67
      0.0810        26.95
      0.0820        27.24
      0.0830        27.54
      0.0840        27.62
      0.0850        27.84
      0.0860        27.88
      0.0870        27.98
      0.0880        28.03
      0.0890        28.21
      0.0900        28.45
      0.0910        28.67
      0.0920        28.71
      0.0930        28.76
      0.0940        28.83
      0.0950        28.94
      0.0960        28.91
      0.0970        29.13
      0.0980        29.24
      0.0990        29.30
      0.1000        29.33
      0.1010        29.23
      0.1020        29.12
      0.1030        29.21
      0.1040        29.45
      0.1050        29.48
      0.1060        29.62
      0.1070        29.82
      0.1080        29.90
      0.1090        29.95
      0.1100        29.94
      0.1110        29.85
      0.1120        29.90
      0.1130        30.13
      0.1140        30.30
      0.1150        30.48
      0.1160        30.64
      0.1170        30.74
      0.1180        30.87
      0.1190        31.23
      0.1200        31.43
      0.1210        31.65
      0.1220        31.83
      0.1230        31.99
      0.1240        32.04
      0.1250        32.28
      0.1260        32.42
      0.1270        32.49
      0.1280        32.56
      0.1290        32.67
      0.1300        32.88
      0.1310        33.15
      0.1320        33.47
      0.1330        33.57
      0.1340        33.66
      0.1350        33.75
      0.1360        33.87
      0.1370        33.89
      0.1380        34.11
      0.1390        34.11
      0.1400        34.18
      0.1410        34.30
      0.1420        34.38
      0.1430        34.30
      0.1440        34.61
      0.1450        34.57
      0.1460        34.70
      0.1470        34.88
      0.1480        35.08
      0.1490        35.17
      0.1500        35.47
      0.1510        35.61
      0.1520        35.71
      0.1530        35.83
      0.1540        35.95
      0.1550        36.18
      0.1560        36.38
      0.1570        36.60
      0.1580        36.65
      0.1590        36.97
      0.1600        37.22
      0.1610        37.31
      0.1620        37.42
      0.1630        37.94
      0.1640        38.16
      0.1650        38.49
      0.1660        38.75
      0.1670        39.01
      0.1680        39.19
      0.1690        39.34
      0.1700        39.50
      0.1710        39.78
      0.1720        39.82
      0.1730        39.99
      0.1740        40.21
      0.1750        40.34
      0.1760        40.56
      0.1770        40.64
      0.1780        40.82
      0.1790        40.89
      0.1800        41.02
      0.1810        41.27
      0.1820        41.60
      0.1830        41.60
      0.1840        41.52
      0.1850        41.67
      0.1860        41.74
      0.1870        41.67
      0.1880        41.75
      0.1890        41.79
      0.1900        41.75
      0.1910        41.77
      0.1920        42.01
      0.1930        42.06
      0.1940        42.25
      0.1950        42.26
      0.1960        42.42
      0.1970        42.63
      0.1980        42.83
      0.1990        42.80
      0.2000        43.01
      0.2010        43.11
      0.2020        43.05
      0.2030        43.24
      0.2040        43.37
      0.2050        43.46
      0.2060        43.53
      0.2070        43.93
      0.2080        44.12
      0.2090        44.46
      0.2100        44.54
      0.2110        44.74
      0.2120        44.80
      0.2130        45.21
      0.2140        45.20
      0.2150        45.31
      0.2160        45.24
      0.2170        45.16
      0.2180        45.34
      0.2190        45.55
      0.2200        45.60
      0.2210        45.67
      0.2220        45.85
      0.2230        45.77
      0.2240        46.00
      0.2250        46.20
      0.2260        46.28
      0.2270        46.30
      0.2280        46.50
      0.2290        46.55
      0.2300        46.74
      0.2310        46.88
      0.2320        47.01
      0.2330        47.01
      0.2340        47.24
      0.2350        47.52
      0.2360        47.77
      0.2370        48.00
      0.2380        47.94
      0.2390        48.17
      0.2400        48.24
      0.2410        48.51
      0.2420        48.78
      0.2430        49.06
      0.2440        49.07
      0.2450        49.14
      0.2460        49.36
      0.2470        49.45
      0.2480        49.51
      0.2490        49.72
      0.2500        50.08
      0.2510        50.22
      0.2520        50.47
      0.2530        50.54
      0.2540        50.71
      0.2550        50.89
      0.2560        51.06
      0.2570        51.20
      0.2580        51.42
      0.2590        51.68
      0.2600        51.76
      0.2610        51.75
      0.2620        51.80
      0.2630        51.83
      0.2640        51.86
      0.2650        51.94
      0.2660        52.04
      0.2670        52.15
      0.2680        52.30
      0.2690        52.35
      0.2700        52.33
      0.2710        52.42
      0.2720        52.42
      0.2730        52.55
      0.2740        52.47
      0.2750        52.55
      0.2760        52.55
      0.2770        52.78
      0.2780        52.86
      0.2790        52.66
      0.2800        52.79
      0.2810        52.94
      0.2820        53.02
      0.2830        53.16
      0.2840        53.36
      0.2850        53.60
      0.2860        53.82
      0.2870        53.96
      0.2880        54.07
      0.2890        54.10
      0.2900        54.17
      0.2910        54.19
      0.2920        54.31
      0.2930        54.35
      0.2940        54.70
      0.2950        54.76
      0.2960        54.93
      0.2970        55.03
      0.2980        55.05
      0.2990        55.33
      0.3000        55.49
      0.3010        55.60
      0.3020        55.61
      0.3030        55.65
      0.3040        55.77
      0.3050        55.70
      0.3060        55.62
      0.3070        55.58
      0.3080        55.62
      0.3090        55.73
      0.3100        55.63
      0.3110        55.70
      0.3120        55.72
      0.3130        55.81
      0.3140        55.74
      0.3150        55.71
      0.3160        55.71
      0.3170        55.76
      0.3180        55.82
      0.3190        55.69
      0.3200        55.54
      0.3210        55.42
      0.3220        55.49
      0.3230        55.48
      0.3240        55.32
      0.3250        55.29
      0.3260        55.36
      0.3270        55.48
      0.3280        55.51
      0.3290        55.53
      0.3300        55.74
      0.3310        55.67
      0.3320        55.66
      0.3330        55.68
      0.3340        55.57
      0.3350        55.51
      0.3360        55.51
      0.3370        55.35
      0.3380        55.31
      0.3390        55.46
      0.3400        55.64
      0.3410        55.67
      0.3420        55.64
      0.3430        55.74
      0.3440        55.92
      0.3450        55.92
      0.3460        55.91
      0.3470        55.98
      0.3480        55.87
      0.3490        55.76
      0.3500        55.79
      0.3510        55.75
      0.3520        55.67
      0.3530        55.60
      0.3540        55.78
      0.3550        55.82
      0.3560        55.71
      0.3570        55.72
      0.3580        55.69
      0.3590        55.66
      0.3600        55.60
      0.3610        55.70
      0.3620        55.80
      0.3630        55.77
      0.3640        55.66
      0.3650        55.69
      0.3660        55.73
      0.3670        55.68
      0.3680        55.98
      0.3690        56.02
      0.3700        55.90
      0.3710        56.07
      0.3720        56.18
      0.3730        56.21
      0.3740        56.07
      0.3750        56.10
      0.3760        56.31
      0.3770        56.32
      0.3780        56.44
      0.3790        56.40
      0.3800        56.43
      0.3810        56.31
      0.3820        56.28
      0.3830        56.25
      0.3840        56.29
      0.3850        56.25
      0.3860        56.28
      0.3870        56.06
      0.3880        55.89
      0.3890        55.97
      0.3900        56.05
      0.3910        56.03
      0.3920        55.99
      0.3930        56.03
      0.3940        55.90
      0.3950        55.76
      0.3960        55.62
      0.3970        55.63
      0.3980        55.64
      0.3990        55.56
      0.4000        55.52
      0.4010        55.74
      0.4020        55.62
      0.4030        55.61
      0.4040        55.61
      0.4050        55.74
      0.4060        55.60
      0.4070        55.85
      0.4080        55.81
      0.4090        55.85
      0.4100        55.84
      0.4110        55.80
      0.4120        55.95
      0.4130        56.08
      0.4140        56.21
      0.4150        56.39
      0.4160        56.35
      0.4170        56.40
      0.4180        56.39
      0.4190        56.45
      0.4200        56.59
      0.4210        56.36
      0.4220        56.37
      0.4230        56.29
      0.4240        56.29
      0.4250        56.13
      0.4260        56.21
      0.4270        56.05
      0.4280        55.98
      0.4290        55.78
      0.4300        55.71
      0.4310        55.60
      0.4320        55.35
      0.4330        55.31
      0.4340        55.36
      0.4350        55.23
      0.4360        55.15
      0.4370        55.02
      0.4380        54.91
      0.4390        54.84
      0.4400        54.64
      0.4410        54.67
      0.4420        54.58
      0.4430        54.63
      0.4440        54.41
      0.4450        54.53
      0.4460        54.44
      0.4470        54.44
      0.4480        54.57
      0.4490        54.77
      0.4500        54.72
      0.4510        54.86
      0.4520        54.94
      0.4530        54.78
      0.4540        54.69
      0.4550        54.64
      0.4560        54.80
      0.4570        54.86
      0.4580        54.96
      0.4590        54.87
      0.4600        54.99
      0.4610        54.99
      0.4620        55.00
      0.4630        54.99
      0.4640        55.15
      0.4650        55.01
      0.4660        55.07
      0.4670        54.93
      0.4680        54.80
      0.4690        54.58
      0.4700        54.50
      0.4710        54.37
      0.4720        54.28
      0.4730        54.08
      0.4740        54.03
      0.4750        53.89
      0.4760        53.80
      0.4770        53.85
      0.4780        53.80
      0.4790        53.88
      0.4800        53.71
      0.4810        53.69
      0.4820        53.65
      0.4830        53.62
      0.4840        53.48
      0.4850        53.52
      0.4860        53.51
      0.4870        53.64
      0.4880        53.48
      0.4890        53.46
      0.4900        53.47
      0.4910        53.51
      0.4920        53.66
      0.4930        53.80
      0.4940        53.97
      0.4950        54.20
      0.4960        54.28
      0.4970        54.15
      0.4980        53.97
      0.4990        53.89
      0.5000        53.93
      0.5010        53.93
      0.5020        53.97
      0.5030        53.95
      0.5040        53.94
      0.5050        53.93
      0.5060        53.91
      0.5070        53.97
      0.5080        53.99
      0.5090        53.93
      0.5100        54.00
      0.5110        53.91
      0.5120        53.75
      0.5130        53.86
      0.5140        53.66
      0.5150        53.55
      0.5160        53.43
      0.5170        53.35
      0.5180        53.32
      0.5190        53.20
      0.5200        52.98
      0.5210        52.98
      0.5220        52.84
      0.5230        52.85
      0.5240        52.81
      0.5250        52.69
      0.5260        52.66
      0.5270        52.45
      0.5280        52.42
      0.5290        52.38
      0.5300        52.25
      0.5310        52.30
      0.5320        52.43
      0.5330        52.34
      0.5340        52.45
      0.5350        52.37
      0.5360        52.31
      0.5370        52.36
      0.5380        52.46
      0.5390        52.62
      0.5400        52.65
      0.5410        52.46
      0.5420        52.63
      0.5430        52.57
      0.5440        52.80
      0.5450        52.89
      0.5460        52.80
      0.5470        52.83
      0.5480        52.80
      0.5490        52.81
      0.5500        52.79
      0.5510        52.69
      0.5520        52.49
      0.5530        52.37
      0.5540        52.32
      0.5550        52.29
      0.5560        52.13
      0.5570        52.05
      0.5580        51.93
      0.5590        51.70
      0.5600        51.61
      0.5610        51.62
      0.5620        51.57
      0.5630        51.57
      0.5640        51.31
      0.5650        51.17
      0.5660        51.05
      0.5670        51.02
      0.5680        51.14
      0.5690        51.20
      0.5700        51.19
      0.5710        51.05
      0.5720        51.13
      0.5730        51.13
      0.5740        50.94
      0.5750        50.95
      0.5760        50.95
      0.5770        50.92
      0.5780        50.89
      0.5790        50.85
      0.5800        50.97
      0.5810        50.97
      0.5820        50.97
      0.5830        50.85
      0.5840        50.83
      0.5850        50.83
      0.5860        50.83
      0.5870        50.71
      0.5880        50.58
      0.5890        50.39
      0.5900        50.37
      0.5910        50.39
      0.5920        50.27
      0.5930        50.12
      0.5940        50.07
      0.5950        49.93
      0.5960        49.87
      0.5970        49.81
      0.5980        49.76
      0.5990        49.84
      0.6000        49.88
      0.6010        49.79
      0.6020        49.62
      0.6030        49.54
      0.6040        49.46
      0.6050        49.37
      0.6060        49.48
      0.6070        49.50
      0.6080        49.40
      0.6090        49.40
      0.6100        49.30
      0.6110        49.28
      0.6120        49.33
      0.6130        49.51
      0.6140        49.51
      0.6150        49.71
      0.6160        49.70
      0.6170        49.84
      0.6180        49.99
      0.6190        50.01
      0.6200        49.90
      0.6210        49.93
      0.6220        49.97
      0.6230        50.12
      0.6240        50.18
      0.6250        50.31
      0.6260        50.32
      0.6270        50.34
      0.6280        50.41
      0.6290        50.54
      0.6300        50.68
      0.6310        50.74
      0.6320        50.58
      0.6330        50.58
      0.6340        50.58
      0.6350        50.41
      0.6360        50.33
      0.6370        50.25
      0.6380        50.05
      0.6390        49.94
      0.6400        49.94
      0.6410        49.86
      0.6420        49.83
      0.6430        49.72
      0.6440        49.70
      0.6450        49.66
      0.6460        49.42
      0.6470        49.47
      0.6480        49.48
      0.6490        49.39
      0.6500        49.28
      0.6510        49.27
      0.6520        49.33
      0.6530        49.29
      0.6540        49.20
      0.6550        49.42
      0.6560        49.55
      0.6570        49.59
      0.6580        49.66
      0.6590        49.71
      0.6600        49.85
      0.6610        50.03
      0.6620        50.05
      0.6630        50.20
      0.6640        50.25
      0.6650        50.12
      0.6660        50.16
      0.6670        50.05
      0.6680        50.01
      0.6690        50.09
      0.6700        50.20
      0.6710        50.13
      0.6720        50.21
      0.6730        50.27
      0.6740        50.41
      0.6750        50.20
      0.6760        50.32
      0.6770        50.20
      0.6780        50.16
      0.6790        50.14
      0.6800        49.77
      0.6810        49.53
      0.6820        49.47
      0.6830        49.27
      0.6840        49.27
      0.6850        49.26
      0.6860        49.34
      0.6870        49.35
      0.6880        49.43
      0.6890        49.43
      0.6900        49.34
      0.6910        49.40
      0.6920        49.35
      0.6930        49.22
      0.6940        49.27
      0.6950        49.49
      0.6960        49.42
      0.6970        49.53
      0.6980        49.62
      0.6990        49.69
      0.7000        50.11
      0.7010        50.41
      0.7020        50.52
      0.7030        50.63
      0.7040        50.72
      0.7050        50.78
      0.7060        50.87
      0.7070        50.96
      0.7080        50.83
      0.7090        50.91
      0.7100        50.95
      0.7110        51.02
      0.7120        51.13
      0.7130        51.24
      0.7140        51.08
      0.7150        50.88
      0.7160        50.83
      0.7170        50.95
      0.7180        50.91
      0.7190        50.76
      0.7200        50.64
      0.7210        50.54
      0.7220        50.36
      0.7230        50.31
      0.7240        50.12
      0.7250        50.19
      0.7260        50.10
      0.7270        50.12
      0.7280        50.16
      0.7290        49.97
      0.7300        49.85
      0.7310        49.70
      0.7320        49.62
      0.7330        49.53
      0.7340        49.64
      0.7350        49.65
      0.7360        49.78
      0.7370        49.61
      0.7380        49.66
      0.7390        49.73
      0.7400        49.62
      0.7410        49.60
      0.7420        49.79
      0.7430        49.81
      0.7440        49.94
      0.7450        49.86
      0.7460        49.94
      0.7470        49.91
      0.7480        49.97
      0.7490        50.05
      0.7500        50.17
      0.7510        50.22
      0.7520        50.25
      0.7530        50.33
      0.7540        50.39
      0.7550        50.50
      0.7560        50.31
      0.7570        50.25
      0.7580        50.10
      0.7590        50.09
      0.7600        50.17
      0.7610        50.05
      0.7620        50.06
      0.7630        50.10
      0.7640        50.06
      0.7650        50.04
      0.7660        49.91
      0.7670        49.76
      0.7680        49.64
      0.7690        49.53
      0.7700        49.32
      0.7710        49.28
      0.7720        49.21
      0.7730        49.13
      0.7740        49.01
      0.7750        48.86
      0.7760        49.06
      0.7770        49.12
      0.7780        49.08
      0.7790        49.06
      0.7800        49.02
      0.7810        48.88
      0.7820        48.74
      0.7830        48.67
      0.7840        48.69
      0.7850        48.80
      0.7860        48.86
      0.7870        48.81
      0.7880        48.75
      0.7890        48.74
      0.7900        48.82
      0.7910        48.75
      0.7920        48.69
      0.7930        48.58
      0.7940        48.46
      0.7950        48.44
      0.7960        48.30
      0.7970        48.23
      0.7980        48.31
      0.7990        48.21
      0.8000        48.08
      0.8010        48.17
      0.8020        48.05
      0.8030        48.00
      0.8040        47.74
      0.8050        47.57
      0.8060        47.43
      0.8070        47.42
      0.8080        47.41
      0.8090        47.33
      0.8100        47.26
      0.8110        47.15
      0.8120        47.08
      0.8130        46.96
      0.8140        46.99
      0.8150        46.88
      0.8160        46.71
      0.8170        46.71
      0.8180        46.63
      0.8190        46.60
      0.8200        46.60
      0.8210        46.56
      0.8220        46.72
      0.8230        46.75
      0.8240        46.70
      0.8250        46.72
      0.8260        46.68
      0.8270        46.69
      0.8280        46.54
      0.8290        46.53
      0.8300        46.45
      0.8310        46.52
      0.8320        46.54
      0.8330        46.52
      0.8340        46.46
      0.8350        46.50
      0.8360        46.49
      0.8370        46.26
      0.8380        46.13
      0.8390        46.05
      0.8400        45.97
      0.8410        45.86
      0.8420        45.51
      0.8430        45.43
      0.8440        45.42
      0.8450        45.35
      0.8460        45.23
      0.8470        45.12
      0.8480        45.11
      0.8490        45.07
      0.8500        45.06
      0.8510        44.85
      0.8520        44.76
      0.8530        44.73
      0.8540        44.61
      0.8550        44.44
      0.8560        44.37
      0.8570        44.40
      0.8580        44.43
      0.8590        44.37
      0.8600        44.33
      0.8610        44.43
      0.8620        44.58
      0.8630        44.50
      0.8640        44.66
      0.8650        44.63
      0.8660        44.65
      0.8670        44.65
      0.8680        44.77
      0.8690        44.83
      0.8700        44.67
      0.8710        44.76
      0.8720        44.57
      0.8730        44.53
      0.8740        44.48
      0.8750        44.47
      0.8760        44.46
      0.8770        44.45
      0.8780        44.36
      0.8790        44.22
      0.8800        44.17
      0.8810        44.05
      0.8820        44.00
      0.8830        43.91
      0.8840        43.71
      0.8850        43.52
      0.8860        43.35
      0.8870        43.24
      0.8880        43.08
      0.8890        42.87
      0.8900        42.82
      0.8910        42.65
      0.8920        42.66
      0.8930        42.61
      0.8940        42.58
      0.8950        42.38
      0.8960        42.24
      0.8970        42.11
      0.8980        42.06
      0.8990        42.06
      0.9000        42.07
      0.9010        42.19
      0.9020        41.98
      0.9030        42.01
      0.9040        41.86
      0.9050        41.75
      0.9060        41.88
      0.9070        41.90
      0.9080        41.79
      0.9090        41.77
      0.9100        41.80
      0.9110        41.91
      0.9120        41.91
      0.9130        41.91
      0.9140        41.91
      0.9150        42.08
      0.9160        42.22
      0.9170        42.27
      0.9180        42.30
      0.9190        42.33
      0.9200        42.26
      0.9210        42.08
      0.9220        42.12
      0.9230        41.98
      0.9240        41.92
      0.9250        42.01
      0.9260        41.90
      0.9270        41.78
      0.9280        41.77
      0.9290        41.67
      0.9300        41.63
      0.9310        41.51
      0.9320        41.37
      0.9330        41.34
      0.9340        41.18
      0.9350        41.13
      0.9360        40.90
      0.9370        40.67
      0.9380        40.64
      0.9390        40.78
      0.9400        40.79
      0.9410        40.64
      0.9420        40.55
      0.9430        40.66
      0.9440        40.64
      0.9450        40.55
      0.9460        40.52
      0.9470        40.43
      0.9480        40.41
      0.9490        40.49
      0.9500        40.57
      0.9510        40.55
      0.9520        40.59
      0.9530        40.47
      0.9540        40.44
      0.9550        40.24
      0.9560        40.33
      0.9570        40.41
      0.9580        40.20
      0.9590        39.86
      0.9600        39.58
      0.9610        39.50
      0.9620        39.33
      0.9630        39.12
      0.9640        38.88
      0.9650        38.88
      0.9660        38.77
      0.9670        38.69
      0.9680        38.54
      0.9690        38.22
      0.9700        38.00
      0.9710        37.83
      0.9720        37.65
      0.9730        37.44
      0.9740        37.26
      0.9750        37.29
      0.9760        37.02
      0.9770        36.94
      0.9780        36.84
      0.9790        36.80
      0.9800        36.86
      0.9810        36.72
      0.9820        36.65
      0.9830        36.59
      0.9840        36.73
      0.9850        36.64
      0.9860        36.62
      0.9870        36.68
      0.9880        36.74
      0.9890        36.80
      0.9900        36.78
      0.9910        36.85
      0.9920        36.86
      0.9930        36.94
      0.9940        36.85
      0.9950        36.89
      0.9960        36.82
      0.9970        36.64
      0.9980        36.62
      0.9990        36.60
      1.0000        36.46
      1.0010        36.31
      1.0020        36.17
      1.0030        36.07
      1.0040        35.88
      1.0050        35.68
      1.0060        35.49
      1.0070        35.21
      1.0080        35.05
      1.0090        34.88
      1.0100        34.70
      1.0110        34.30
      1.0120        34.00
      1.0130        33.73
      1.0140        33.65
      1.0150        33.37
      1.0160        33.34
      1.0170        33.10
      1.0180        32.98
      1.0190        32.79
      1.0200        32.60
      1.0210        32.52
      1.0220        32.53
      1.0230        32.26
      1.0240        32.09
      1.0250        31.98
      1.0260        31.90
      1.0270        31.86
      1.0280        31.62
      1.0290        31.48
      1.0300        31.43
      1.0310        31.42
      1.0320        31.42
      1.0330        31.37
      1.0340        31.36
      1.0350        31.32
      1.0360        31.11
      1.0370        31.15
      1.0380        30.81
      1.0390        30.79
      1.0400        30.60
      1.0410        30.57
      1.0420        30.36
      1.0430        30.37
      1.0440        30.25
      1.0450        30.17
      1.0460        29.94
      1.0470        29.75
      1.0480        29.48
      1.0490        29.39
      1.0500        29.13
      1.0510        29.03
      1.0520        28.78
      1.0530        28.66
      1.0540        28.31
      1.0550        27.93
      1.0560        27.59
      1.0570        27.30
      1.0580        27.28
      1.0590        26.97
      1.0600        26.87
      1.0610        26.61
      1.0620        26.44
      1.0630        26.24
      1.0640        26.10
      1.0650        25.85
      1.0660        25.65
      1.0670        25.53
      1.0680        25.66
      1.0690        25.54
      1.0700        25.37
      1.0710        25.22
      1.0720        25.07
      1.0730        24.92
      1.0740        24.83
      1.0750        24.76
      1.0760        24.73
      1.0770        24.62
      1.0780        24.50
      1.0790        24.50
      1.0800        24.26
      1.0810        24.10
      1.0820        24.07
      1.0830        23.81
      1.0840        23.57
      1.0850        23.46
      1.0860        23.22
      1.0870        22.92
      1.0880        22.55
      1.0890        22.21
      1.0900        21.97
      1.0910        21.76
      1.0920        21.66
      1.0930        21.37
      1.0940        21.13
      1.0950        20.93
      1.0960        20.82
      1.0970        20.65
      1.0980        20.45
      1.0990        20.17
      1.1000        20.02
      1.1010        19.91
      1.1020        19.55
      1.1030        19.37
      1.1040        19.33
      1.1050        18.92
      1.1060        18.85
      1.1070        18.76
      1.1080        18.62
      1.1090        18.53
      1.1100        18.39
      1.1110        18.17
      1.1120        18.00
      1.1130        17.87
      1.1140        17.84
      1.1150        17.64
      1.1160        17.42
      1.1170        17.29
      1.1180        17.07
      1.1190        16.90
      1.1200        16.78
      1.1210        16.47
      1.1220        16.43
      1.1230        16.48
      1.1240        16.11
      1.1250        16.09
      1.1260        15.84
      1.1270        15.51
      1.1280        15.28
      1.1290        15.04
      1.1300        14.79
      1.1310        14.60
      1.1320        14.29
      1.1330        13.98
      1.1340        13.63
      1.1350        13.36
      1.1360        13.17
      1.1370        12.84
      1.1380        12.64
      1.1390        12.33
      1.1400        12.06
      1.1410        12.05
      1.1420        11.82
      1.1430        11.36
      1.1440        11.27
      1.1450        10.85
      1.1460        10.59
      1.1470        10.57
      1.1480        10.47
      1.1490        10.29
      1.1500        10.31
      1.1510        10.11
      1.1520         9.94
      1.1530         9.88
      1.1540         9.86
      1.1550         9.86
      1.1560         9.70
      1.1570         9.72
      1.1580         9.55
      1.1590         9.36
      1.1600         9.18
      1.1610         9.04
      1.1620         8.86
      1.1630         8.75
      1.1640         8.66
      1.1650         8.76
      1.1660         8.62
      1.1670         8.40
      1.1680         8.24
      1.1690         8.06
      1.1700         7.77
      1.1710         7.68
      1.1720         7.46
      1.1730         7.21
      1.1740         7.04
      1.1750         6.67
      1.1760         6.41
      1.1770         6.11
      1.1780         5.85
      1.1790         5.69
      1.1800         5.59
      1.1810         5.30
      1.1820         4.60
      1.1830         4.39
      1.1840         4.14
      1.1850         3.93
      1.1860         3.81
      1.1870         3.78
      1.1880         3.55
      1.1890         3.48
      1.1900         3.47
      1.1910         2.74
      1.1920         2.64
      1.1930         2.52
      1.1940         2.43
      1.1950         2.37
      1.1960         2.48
      1.1970         2.53
      1.1980         2.60
      1.1990         2.60
      1.2000         2.60
      1.2010         2.60
      1.2020         2.41
      1.2030         2.35
      1.2040         2.33
      1.2050         2.27
      1.2060         2.18
      1.2070         2.05
      1.2080         2.04
      1.2090         1.90
      1.2100         1.67
      1.2110         1.55
      1.2120         1.62
      1.2130         1.64
      1.2140         1.46
      1.2150         1.36
      1.2160         1.12
      1.2170         1.00
      1.2180         1.00
      1.2190         1.00
      1.2200         1.00
      1.2210         1.00
      1.2220         1.00
      1.2230         1.00
      1.2240         1.00
      1.2250         1.00
      1.2260         1.00
      1.2270         1.00
      1.2280         1.00
      1.2290         1.00
      1.2300         1.00
      1.2310         1.00
      1.2320         1.00
      1.2330         1.00
      1.2340         1.00
      1.2350         1.00
      1.2360         1.00
      1.2370         1.00
      1.2380         1.00
      1.2390         1.00
      1.2400         1.00
      1.2410         1.00
      1.2420         1.00
      1.2430         1.00
      1.2440         1.00
      1.2450         1.00
      1.2460         1.00
      1.2470         1.00
      1.2480         1.00
      1.2490         1.00
      1.2500         1.00
      1.2510         1.00
      1.2520         1.00
      1.2530         1.00
      1.2540         1.00
      1.2550         1.00
      1.2560         1.00
      1.2570         1.00
      1.2580         1.00
      1.2590         1.00
      1.2600         1.00
      1.2610         1.00
      1.2620         1.00
      1.2630         1.00
      1.2640         1.00
      1.2650         1.00
      1.2660         1.00
      1.2670         1.00
      1.2680         1.00
      1.2690         1.00
      1.2700         1.00
      1.2710         1.00
      1.2720         1.00
      1.2730         1.00
      1.2740         1.00
      1.2750         1.00
      1.2760         1.00
      1.2770         1.00
      1.2780         1.00
      1.2790         1.00
      1.2800         1.00
      1.2810         1.00
      1.2820         1.00
      1.2830         1.00
      1.2840         1.00
      1.2850         1.00
      1.2860         1.00
      1.2870         1.00
      1.2880         1.00
      1.2890         1.00
      1.2900         1.00
      1.2910         1.00
      1.2920         1.00
      1.2930         1.00
      1.2940         1.00
      1.2950         1.00
      1.2960         1.00
      1.2970         1.00
      1.2980         1.00
      1.2990         1.00
      1.3000         1.00
      1.3010         1.00
      1.3020         1.00
      1.3030         1.00
      1.3040         1.00
      1.3050         1.00
      1.3060         1.00
      1.3070         1.00
      1.3080         1.00
      1.3090         1.00
      1.3100         1.00
      1.3110         1.00
      1.3120         1.00
      1.3130         1.00
      1.3140         1.00
      1.3150         1.00
      1.3160         1.00
      1.3170         1.00
      1.3180         1.00
      1.3190         1.00
      1.3200         1.00
      1.3210         1.00
      1.3220         1.00
      1.3230         1.00
      1.3240         1.00
      1.3250         1.00
      1.3260         1.00
      1.3270         1.00
      1.3280         1.00
      1.3290         1.00
      1.3300         1.00
      1.3310         1.00
      1.3320         1.00
      1.3330         1.00
      1.3340         1.00
      1.3350         1.00
      1.3360         1.00
      1.3370         1.00
      1.3380         1.00
      1.3390         1.00
      1.3400         1.00
      1.3410         1.00
      1.3420         1.00
      1.3430         1.00
      1.3440         1.00
      1.3450         1.00
      1.3460         1.00
      1.3470         1.00
      1.3480         1.00
      1.3490         1.00
      1.3500         1.00
      1.3510         1.00
      1.3520         1.00
      1.3530         1.00
      1.3540         1.00
      1.3550         1.00
      1.3560         1.00
      1.3570         1.00
      1.3580         1.00
      1.3590         1.00
      1.3600         1.00
      1.3610         1.00
      1.3620         1.00
      1.3630         1.00
      1.3640         1.00
      1.3650         1.00
      1.3660         1.00
      1.3670         1.00
      1.3680         1.00
      1.3690         1.00
      1.3700         1.00
      1.3710         1.00
      1.3720         1.00
      1.3730         1.00
      1.3740         1.00
      1.3750         1.00
      1.3760         1.00
      1.3770         1.00
      1.3780         1.00
      1.3790         1.00
      1.3800         1.00
      1.3810         1.00
      1.3820         1.00
      1.3830         1.00
      1.3840         1.00
      1.3850         1.00
      1.3860         1.00
      1.3870         1.00
      1.3880         1.00
      1.3890         1.00
      1.3900         1.00
      1.3910         1.00
      1.3920         1.00
      1.3930         1.00
      1.3940         1.00
      1.3950         1.00
      1.3960         1.00
      1.3970         1.00
      1.3980         1.00
      1.3990         1.00
      1.4000         1.00
      1.4010         1.00
      1.4020         1.00
      1.4030         1.00
      1.4040         1.00
      1.4050         1.00
      1.4060         1.00
      1.4070         1.00
      1.4080         1.00
      1.4090         1.00
      1.4100         1.00
      1.4110         1.00
      1.4120         1.00
      1.4130         1.00
      1.4140         1.00
      1.4150         1.00
      1.4160         1.00
      1.4170         1.00
      1.4180         1.00
      1.4190         1.00
      1.4200         1.00
      1.4210         1.00
      1.4220         1.00
      1.4230         1.00
      1.4240         1.00
      1.4250         1.00
      1.4260         1.00
      1.4270         1.00
      1.4280         1.00
      1.4290         1.00
      1.4300         1.00
      1.4310         1.00
      1.4320         1.00
      1.4330         1.00
      1.4340         1.00
      1.4350         1.00
      1.4360         1.00
      1.4370         1.00
      1.4380         1.00
      1.4390         1.00
      1.4400         1.00
      1.4410         1.00
      1.4420         1.00
      1.4430         1.00
      1.4440         1.00
      1.4450         1.00
      1.4460         1.00
      1.4470         1.00
      1.4480         1.00
      1.4490         1.00
      1.4500         1.00
      1.4510         1.00
      1.4520         1.00
      1.4530         1.00
      1.4540         1.00
      1.4550         1.00
      1.4560         1.00
      1.4570         1.00
      1.4580         1.00
      1.4590         1.00
      1.4600         1.00
      1.4610         1.00
      1.4620         1.00
      1.4630         1.00
      1.4640         1.00
      1.4650         1.00
      1.4660         1.00
      1.4670         1.00
      1.4680         1.00
      1.4690         1.00
      1.4700         1.00
      1.4710         1.00
      1.4720         1.00
      1.4730         1.00
      1.4740         1.00
      1.4750         1.00
      1.4760         1.00
      1.4770         1.00
      1.4780         1.00
      1.4790         1.00
      1.4800         1.00
      1.4810         1.00
      1.4820         1.00
      1.4830         1.00
      1.4840         1.00
      1.4850         1.00
      1.4860         1.00
      1.4870         1.00
      1.4880         1.00
      1.4890         1.00
      1.4900         1.00
      1.4910         1.00
      1.4920         1.00
      1.4930         1.00
      1.4940         1.00
      1.4950         1.00
      1.4960         1.00
      1.4970         1.00
      1.4980         1.00
      1.4990         1.00
      1.5000         1.00
      1.5010         1.00
      1.5020         1.00
      1.5030         1.00
      1.5040         1.00
      1.5050         1.00
      1.5060         1.00
      1.5070         1.00
      1.5080         1.00
      1.5090         1.00
      1.5100         1.00
      1.5110         1.00
      1.5120         1.00
      1.5130         1.00
      1.5140         1.00
      1.5150         1.00
      1.5160         1.00
      1.5170         1.00
      1.5180         1.00
      1.5190         1.00
      1.5200         1.00
      1.5210         1.00
      1.5220         1.00
      1.5230         1.00
      1.5240         1.00
      1.5250         1.00
      1.5260         1.00
      1.5270         1.00
      1.5280         1.00
      1.5290         1.00
      1.5300         1.00
      1.5310         1.00
      1.5320         1.00
      1.5330         1.00
      1.5340         1.00
      1.5350         1.00
      1.5360         1.00
      1.5370         1.00
      1.5380         1.00
      1.5390         1.00
      1.5400         1.00
      1.5410         1.00
      1.5420         1.00
      1.5430         1.00
      1.5440         1.00
      1.5450         1.00
      1.5460         1.00
      1.5470         1.00
      1.5480         1.00
      1.5490         1.00
      1.5500         1.00
      1.5510         1.00
      1.5520         1.00
      1.5530         1.00
      1.5540         1.00
      1.5550         1.00
      1.5560         1.00
      1.5570         1.00
      1.5580         1.00
      1.5590         1.00
      1.5600         1.00
      1.5610         1.00
      1.5620         1.00
      1.5630         1.00
      1.5640         1.00
      1.5650         1.00
      1.5660         1.00
      1.5670         1.00
      1.5680         1.00
      1.5690         1.00
      1.5700         1.00
      1.5710         1.00
      1.5720         1.00
      1.5730         1.00
      1.5740         1.00
      1.5750         1.00
      1.5760         1.00
      1.5770         1.00
      1.5780         1.00
      1.5790         1.00
      1.5800         1.00
      1.5810         1.00
      1.5820         1.00
      1.5830         1.00
      1.5840         1.00
      1.5850         1.00
      1.5860         1.00
      1.5870         1.00
      1.5880         1.00
      1.5890         1.00
      1.5900         1.00
      1.5910         1.00
      1.5920         1.00
      1.5930         1.00
      1.5940         1.00
      1.5950         1.00
      1.5960         1.00
      1.5970         1.00
      1.5980         1.00
      1.5990         1.00
      1.6000         1.00
      1.6010         1.00
      1.6020         1.00
      1.6030         1.00
      1.6040         1.00
      1.6050         1.00
      1.6060         1.00
      1.6070         1.00
      1.6080         1.00
      1.6090         1.00
      1.6100         1.00
      1.6110         1.00
      1.6120         1.00
      1.6130         1.00
      1.6140         1.00
      1.6150         1.00
      1.6160         1.00
      1.6170         1.00
      1.6180         1.00
      1.6190         1.00
      1.6200         1.00
      1.6210         1.00
      1.6220         1.00
      1.6230         1.00
      1.6240         1.00
      1.6250         1.00
      1.6260         1.00
      1.6270         1.00
      1.6280         1.00
      1.6290         1.00
      1.6300         1.00
      1.6310         1.00
      1.6320         1.00
      1.6330         1.00
      1.6340         1.00
      1.6350         1.00
      1.6360         1.00
      1.6370         1.00
      1.6380         1.00
      1.6390         1.00
      1.6400         1.00
      1.6410         1.00
      1.6420         1.00
      1.6430         1.00
      1.6440         1.00
      1.6450         1.00
      1.6460         1.00
      1.6470         1.00
      1.6480         1.00
      1.6490         1.00
      1.6500         1.00
      1.6510         1.00
      1.6520         1.00
      1.6530         1.00
      1.6540         1.00
      1.6550         1.00
      1.6560         1.00
      1.6570         1.00
      1.6580         1.00
      1.6590         1.00
      1.6600         1.00
      1.6610         1.00
      1.6620         1.00
      1.6630         1.00
      1.6640         1.00
      1.6650         1.00
      1.6660         1.00
      1.6670         1.00
      1.6680         1.00
      1.6690         1.00
      1.6700         1.00
      1.6710         1.00
      1.6720         1.00
      1.6730         1.00
      1.6740         1.00
      1.6750         1.00
      1.6760         1.00
      1.6770         1.00
      1.6780         1.00
      1.6790         1.00
      1.6800         1.00
      1.6810         1.00
      1.6820         1.00
      1.6830         1.00
      1.6840         1.00
      1.6850         1.00
      1.6860         1.00
      1.6870         1.00
      1.6880         1.00
      1.6890         1.00
      1.6900         1.00
      1.6910         1.00
      1.6920         1.00
      1.6930         1.00
      1.6940         1.00
      1.6950         1.00
      1.6960         1.00
      1.6970         1.00
      1.6980         1.00
      1.6990         1.00
      1.7000         1.00
      1.7010         1.00
      1.7020         1.00
      1.7030         1.00
      1.7040         1.00
      1.7050         1.00
      1.7060         1.00
      1.7070         1.00
      1.7080         1.00
      1.7090         1.00
      1.7100         1.00
      1.7110         1.00
      1.7120         1.00
      1.7130         1.00
      1.7140         1.00
      1.7150         1.00
      1.7160         1.00
      1.7170         1.00
      1.7180         1.00
      1.7190         1.00
      1.7200         1.00
      1.7210         1.00
      1.7220         1.00
      1.7230         1.00
      1.7240         1.00
      1.7250         1.00
      1.7260         1.00
      1.7270         1.00
      1.7280         1.00
      1.7290         1.00
      1.7300         1.00
      1.7310         1.00
      1.7320         1.00
      1.7330         1.00
      1.7340         1.00
      1.7350         1.00
      1.7360         1.00
      1.7370         1.00
      1.7380         1.00
      1.7390         1.00
      1.7400         1.00
      1.7410         1.00
      1.7420         1.00
      1.7430         1.00
      1.7440         1.00
      1.7450         1.00
      1.7460         1.00
      1.7470         1.00
      1.7480         1.00
      1.7490         1.00
      1.7500         1.00
      1.7510         1.00
      1.7520         1.00
      1.7530         1.00
      1.7540         1.00
      1.7550         1.00
      1.7560         1.00
      1.7570         1.00
      1.7580         1.00
      1.7590         1.00
      1.7600         1.00
      1.7610         1.00
      1.7620         1.00
      1.7630         1.00
      1.7640         1.00
      1.7650         1.00
      1.7660         1.00
      1.7670         1.00
      1.7680         1.00
      1.7690         1.00
      1.7700         1.00
      1.7710         1.00
      1.7720         1.00
      1.7730         1.00
      1.7740         1.00
      1.7750         1.00
      1.7760         1.00
      1.7770         1.00
      1.7780         1.00
      1.7790         1.00
      1.7800         1.00
      1.7810         1.00
      1.7820         1.00
      1.7830         1.00
      1.7840         1.00
      1.7850         1.00
      1.7860         1.00
      1.7870         1.00
      1.7880         1.00
      1.7890         1.00
      1.7900         1.00
      1.7910         1.00
      1.7920         1.00
      1.7930         1.00
      1.7940         1.00
      1.7950         1.00
      1.7960         1.00
      1.7970         1.00
      1.7980         1.00
      1.7990         1.00
      1.8000         1.00
      1.8010         1.00
      1.8020         1.00
      1.8030         1.00
      1.8040         1.00
      1.8050         1.00
      1.8060         1.00
      1.8070         1.00
      1.8080         1.00
      1.8090         1.00
      1.8100         1.00
      1.8110         1.00
      1.8120         1.00
      1.8130         1.00
      1.8140         1.00
      1.8150         1.00
      1.8160         1.00
      1.8170         1.00
      1.8180         1.00
      1.8190         1.00
      1.8200         1.00
      1.8210         1.00
      1.8220         1.00
      1.8230         1.00
      1.8240         1.00
      1.8250         1.00
      1.8260         1.00
      1.8270         1.00
      1.8280         1.00
      1.8290         1.00
      1.8300         1.00
      1.8310         1.00
      1.8320         1.00
      1.8330         1.00
      1.8340         1.00
      1.8350         1.00
      1.8360         1.00
      1.8370         1.00
      1.8380         1.00
      1.8390         1.00
      1.8400         1.00
      1.8410         1.00
      1.8420         1.00
      1.8430         1.00
      1.8440         1.00
      1.8450         1.00
      1.8460         1.00
      1.8470         1.00
      1.8480         1.00
      1.8490         1.00
      1.8500         1.00
      1.8510         1.00
      1.8520         1.00
      1.8530         1.00
      1.8540         1.00
      1.8550         1.00
      1.8560         1.00
      1.8570         1.00
      1.8580         1.00
      1.8590         1.00
      1.8600         1.00
      1.8610         1.00
      1.8620         1.00
      1.8630         1.00
      1.8640         1.00
      1.8650         1.00
      1.8660         1.00
      1.8670         1.00
      1.8680         1.00
      1.8690         1.00
      1.8700         1.00
      1.8710         1.00
      1.8720         1.00
      1.8730         1.00
      1.8740         1.00
      1.8750         1.00
      1.8760         1.00
      1.8770         1.00
      1.8780         1.00
      1.8790         1.00
      1.8800         1.00
      1.8810         1.00
      1.8820         1.00
      1.8830         1.00
      1.8840         1.00
      1.8850         1.00
      1.8860         1.00
      1.8870         1.00
      1.8880         1.00
      1.8890         1.00
      1.8900         1.00
      1.8910         1.00
      1.8920         1.00
      1.8930         1.00
      1.8940         1.00
      1.8950         1.00
      1.8960         1.00
      1.8970         1.00
      1.8980         1.00
      1.8990         1.00
      1.9000         1.00
      1.9010         1.00
      1.9020         1.00
      1.9030         1.00
      1.9040         1.00
      1.9050         1.00
      1.9060         1.00
      1.9070         1.00
      1.9080         1.00
      1.9090         1.00
      1.9100         1.00
      1.9110         1.00
      1.9120         1.00
      1.9130         1.00
      1.9140         1.00
      1.9150         1.00
      1.9160         1.00
      1.9170         1.00
      1.9180         1.00
      1.9190         1.00
      1.9200         1.00
      1.9210         1.00
      1.9220         1.00
      1.9230         1.00
      1.9240         1.00
      1.9250         1.00
      1.9260         1.00
      1.9270         1.00
      1.9280         1.00
      1.9290         1.00
      1.9300         1.00
      1.9310         1.00
      1.9320         1.00
      1.9330         1.00
      1.9340         1.00
      1.9350         1.00
      1.9360         1.00
      1.9370         1.00
      1.9380         1.00
      1.9390         1.00
      1.9400         1.00
      1.9410         1.00
      1.9420         1.00
      1.9430         1.00
      1.9440         1.00
      1.9450         1.00
      1.9460         1.00
      1.9470         1.00
      1.9480         1.00
      1.9490         1.00
      1.9500         1.00
      1.9510         1.00
      1.9520         1.00
      1.9530         1.00
      1.9540         1.00
      1.9550         1.00
      1.9560         1.00
      1.9570         1.00
      1.9580         1.00
      1.9590         1.00
      1.9600         1.00
      1.9610         1.00
      1.9620         1.00
      1.9630         1.00
      1.9640         1.00
      1.9650         1.00
      1.9660         1.00
      1.9670         1.00
      1.9680         1.00
      1.9690         1.00
      1.9700         1.00
      1.9710         1.00
      1.9720         1.00
      1.9730         1.00
      1.9740         1.00
      1.9750         1.00
      1.9760         1.00
      1.9770         1.00
      1.9780         1.00
      1.9790         1.00
      1.9800         1.00
      1.9810         1.00
      1.9820         1.00
      1.9830         1.00
      1.9840         1.00
      1.9850         1.00
      1.9860         1.00
      1.9870         1.00
      1.9880         1.00
      1.9890         1.00
      1.9900         1.00
      1.9910         1.00
      1.9920         1.00
      1.9930         1.00
      1.9940         1.00
      1.9950         1.00
      1.9960         1.00
      1.9970         1.00
      1.9980         1.00
      1.9990         1.00
      2.0000         1.00
      2.0010         1.00
      2.0020         1.00
      2.0030         1.00
      2.0040         1.00
      2.0050         1.00
      2.0060         1.00
      2.0070         1.00
      2.0080         1.00
      2.0090         1.00
      2.0100         1.00
      2.0110         1.00
      2.0120         1.00
      2.0130         1.00
      2.0140         1.00
      2.0150         1.00
      2.0160         1.00
      2.0170         1.00
      2.0180         1.00
      2.0190         1.00
      2.0200         1.00
      2.0210         1.00
      2.0220         1.00
      2.0230         1.00
      2.0240         1.00
      2.0250         1.00
      2.0260         1.00
      2.0270         1.00
      2.0280         1.00
      2.0290         1.00
      2.0300         1.00
      2.0310         1.00
      2.0320         1.00
      2.0330         1.00
      2.0340         1.00
      2.0350         1.00
      2.0360         1.00
      2.0370         1.00
      2.0380         1.00
      2.0390         1.00
      2.0400         1.00
      2.0410         1.00
      2.0420         1.00
      2.0430         1.00
      2.0440         1.00
      2.0450         1.00
      2.0460         1.00
      2.0470         1.00
      2.0480         1.00
      2.0490         1.00
      2.0500         1.00
      2.0510         1.00
      2.0520         1.00
      2.0530         1.00
      2.0540         1.00
      2.0550         1.00
      2.0560         1.00
      2.0570         1.00
      2.0580         1.00
      2.0590         1.00
      2.0600         1.00
      2.0610         1.00
      2.0620         1.00
      2.0630         1.00
      2.0640         1.00
      2.0650         1.00
      2.0660         1.00
      2.0670         1.00
      2.0680         1.00
      2.0690         1.00
      2.0700         1.00
      2.0710         1.00
      2.0720         1.00
      2.0730         1.00
      2.0740         1.00
      2.0750         1.00
      2.0760         1.00
      2.0770         1.00
      2.0780         1.00
      2.0790         1.00
      2.0800         1.00
      2.0810         1.00
      2.0820         1.00
      2.0830         1.00
      2.0840         1.00
      2.0850         1.00
      2.0860         1.00
      2.0870         1.00
      2.0880         1.00
      2.0890         1.00
      2.0900         1.00
      2.0910         1.00
      2.0920         1.00
      2.0930         1.00
      2.0940         1.00
      2.0950         1.00
      2.0960         1.00
      2.0970         1.00
      2.0980         1.00
      2.0990         1.00
      2.1000         1.00
      2.1010         1.00
      2.1020         1.00
      2.1030         1.00
      2.1040         1.00
      2.1050         1.00
      2.1060         1.00
      2.1070         1.00
      2.1080         1.00
      2.1090         1.00
      2.1100         1.00
      2.1110         1.00
      2.1120         1.00
      2.1130         1.00
      2.1140         1.00
      2.1150         1.00
      2.1160         1.00
      2.1170         1.00
      2.1180         1.00
      2.1190         1.00
      2.1200         1.00
      2.1210         1.00
      2.1220         1.00
      2.1230         1.00
      2.1240         1.00
      2.1250         1.00
      2.1260         1.00
      2.1270         1.00
      2.1280         1.00
      2.1290         1.00
      2.1300         1.00
      2.1310         1.00
      2.1320         1.00
      2.1330         1.00
      2.1340         1.00
      2.1350         1.00
      2.1360         1.00
      2.1370         1.00
      2.1380         1.00
      2.1390         1.00
      2.1400         1.00
      2.1410         1.00
      2.1420         1.00
      2.1430         1.00
      2.1440         1.00
      2.1450         1.00
      2.1460         1.00
      2.1470         1.00
      2.1480         1.00
      2.1490         1.00
      2.1500         1.00
      2.1510         1.00
      2.1520         1.00
      2.1530         1.00
      2.1540         1.00
      2.1550         1.00
      2.1560         1.00
      2.1570         1.00
      2.1580         1.00
      2.1590         1.00
      2.1600         1.00
      2.1610         1.00
      2.1620         1.00
      2.1630         1.00
      2.1640         1.00
      2.1650         1.00
      2.1660         1.00
      2.1670         1.00
      2.1680         1.00
      2.1690         1.00
      2.1700         1.00
      2.1710         1.00
      2.1720         1.00
      2.1730         1.00
      2.1740         1.00
      2.1750         1.00
      2.1760         1.00
      2.1770         1.00
      2.1780         1.00
      2.1790         1.00
      2.1800         1.00
      2.1810         1.00
      2.1820         1.00
      2.1830         1.00
      2.1840         1.00
      2.1850         1.00
      2.1860         1.00
      2.1870         1.00
      2.1880         1.00
      2.1890         1.00
      2.1900         1.00
      2.1910         1.00
      2.1920         1.00
      2.1930         1.00
      2.1940         1.00
      2.1950         1.00
      2.1960         1.00
      2.1970         1.00
      2.1980         1.00
      2.1990         1.00
      2.2000         1.00
      2.2010         1.00
      2.2020         1.00
      2.2030         1.00
      2.2040         1.00
      2.2050         1.00
      2.2060         1.00
      2.2070         1.00
      2.2080         1.00
      2.2090         1.00
      2.2100         1.00
      2.2110         1.00
      2.2120         1.00
      2.2130         1.00
      2.2140         1.00
      2.2150         1.00
      2.2160         1.00
      2.2170         1.00
      2.2180         1.00
      2.2190         1.00
      2.2200         1.00
      2.2210         1.00
      2.2220         1.00
      2.2230         1.00
      2.2240         1.00
      2.2250         1.00
      2.2260         1.00
      2.2270         1.00
      2.2280         1.00
      2.2290         1.00
      2.2300         1.00
      2.2310         1.00
      2.2320         1.00
      2.2330         1.00
      2.2340         1.00
      2.2350         1.00
      2.2360         1.00
      2.2370         1.00
      2.2380         1.00
      2.2390         1.00
      2.2400         1.00
      2.2410         1.00
      2.2420         1.00
      2.2430         1.00
      2.2440         1.00
      2.2450         1.00
      2.2460         1.00
      2.2470         1.00
      2.2480         1.00
      2.2490         1.00
      2.2500         1.00
      2.2510         1.00
      2.2520         1.00
      2.2530         1.00
      2.2540         1.00
      2.2550         1.00
      2.2560         1.00
      2.2570         1.00
      2.2580         1.00
      2.2590         1.00
      2.2600         1.00
      2.2610         1.00
      2.2620         1.00
      2.2630         1.00
      2.2640         1.00
      2.2650         1.00
      2.2660         1.00
      2.2670         1.00
      2.2680         1.00
      2.2690         1.00
      2.2700         1.00
      2.2710         1.00
      2.2720         1.00
      2.2730         1.00
      2.2740         1.00
      2.2750         1.00
      2.2760         1.00
      2.2770         1.00
      2.2780         1.00
      2.2790         1.00
      2.2800         1.00
      2.2810         1.00
      2.2820         1.00
      2.2830         1.00
      2.2840         1.00
      2.2850         1.00
      2.2860         1.00
      2.2870         1.00
      2.2880         1.00
      2.2890         1.00
      2.2900         1.00
      2.2910         1.00
      2.2920         1.00
      2.2930         1.00
      2.2940         1.00
      2.2950         1.00
      2.2960         1.00
      2.2970         1.00
      2.2980         1.00
      2.2990         1.00
      2.3000         1.00
      2.3010         1.00
      2.3020         1.00
      2.3030         1.00
      2.3040         1.00
      2.3050         1.00
      2.3060         1.00
      2.3070         1.00
      2.3080         1.00
      2.3090         1.00
      2.3100         1.00
      2.3110         1.00
      2.3120         1.00
      2.3130         1.00
      2.3140         1.00
      2.3150         1.00
      2.3160         1.00
      2.3170         1.00
      2.3180         1.00
      2.3190         1.00
      2.3200         1.00
      2.3210         1.00
      2.3220         1.00
      2.3230         1.00
      2.3240         1.00
      2.3250         1.00
      2.3260         1.00
      2.3270         1.00
      2.3280         1.00
      2.3290         1.00
      2.3300         1.00
      2.3310         1.00
      2.3320         1.00
      2.3330         1.00
      2.3340         1.00
      2.3350         1.00
      2.3360         1.00
      2.3370         1.00
      2.3380         1.00
      2.3390         1.00
      2.3400         1.00
      2.3410         1.00
      2.3420         1.00
      2.3430         1.00
      2.3440         1.00
      2.3450         1.00
      2.3460         1.00
      2.3470         1.00
      2.3480         1.00
      2.3490         1.00
      2.3500         1.00
      2.3510         1.00
      2.3520         1.00
      2.3530         1.00
      2.3540         1.00
      2.3550         1.00
      2.3560         1.00
      2.3570         1.00
      2.3580         1.00
      2.3590         1.00
      2.3600         1.00
      2.3610         1.00
      2.3620         1.00
      2.3630         1.00
      2.3640         1.00
      2.3650         1.00
      2.3660         1.00
      2.3670         1.00
      2.3680         1.00
      2.3690         1.00
      2.3700         1.00
      2.3710         1.00
      2.3720         1.00
      2.3730         1.00
      2.3740         1.00
      2.3750         1.00
      2.3760         1.00
      2.3770         1.00
      2.3780         1.00
      2.3790         1.00
      2.3800         1.00
      2.3810         1.00
      2.3820         1.00
      2.3830         1.00
      2.3840         1.00
      2.3850         1.00
      2.3860         1.00
      2.3870         1.00
      2.3880         1.00
      2.3890         1.00
      2.3900         1.00
      2.3910         1.00
      2.3920         1.00
      2.3930         1.00
      2.3940         1.00
      2.3950         1.00
      2.3960         1.00
      2.3970         1.00
      2.3980         1.00
      2.3990         1.00
      2.4000         1.00
      2.4010         1.00
      2.4020         1.00
      2.4030         1.00
      2.4040         1.00
      2.4050         1.00
      2.4060         1.00
      2.4070         1.00
      2.4080         1.00
      2.4090         1.00
      2.4100         1.00
      2.4110         1.00
      2.4120         1.00
      2.4130         1.00
      2.4140         1.00
      2.4150         1.00
      2.4160         1.00
      2.4170         1.00
      2.4180         1.00
      2.4190         1.00
      2.4200         1.00
      2.4210         1.00
      2.4220         1.00
      2.4230         1.00
      2.4240         1.00
      2.4250         1.00
      2.4260         1.00
      2.4270         1.00
      2.4280         1.00
      2.4290         1.00
      2.4300         1.00
      2.4310         1.00
      2.4320         1.00
      2.4330         1.00
      2.4340         1.00
      2.4350         1.00
      2.4360         1.00
      2.4370         1.00
      2.4380         1.00
      2.4390         1.00
      2.4400         1.00
      2.4410         1.00
      2.4420         1.00
      2.4430         1.00
      2.4440         1.00
      2.4450         1.00
      2.4460         1.00
      2.4470         1.00
      2.4480         1.00
      2.4490         1.00
      2.4500         1.00
      2.4510         1.00
      2.4520         1.00
      2.4530         1.00
      2.4540         1.00
      2.4550         1.00
      2.4560         1.00
      2.4570         1.00
      2.4580         1.00
      2.4590         1.00
      2.4600         1.00
      2.4610         1.00
      2.4620         1.00
      2.4630         1.00
      2.4640         1.00
      2.4650         1.00
      2.4660         1.00
      2.4670         1.00
      2.4680         1.00
      2.4690         1.00
      2.4700         1.00
      2.4710         1.00
      2.4720         1.00
      2.4730         1.00
      2.4740         1.00
      2.4750         1.00
      2.4760         1.00
      2.4770         1.00
      2.4780         1.00
      2.4790         1.00
      2.4800         1.00
      2.4810         1.00
      2.4820         1.00
      2.4830         1.00
      2.4840         1.00
      2.4850         1.00
      2.4860         1.00
      2.4870         1.00
      2.4880         1.00
      2.4890         1.00
      2.4900         1.00
      2.4910         1.00
      2.4920         1.00
      2.4930         1.00
      2.4940         1.00
      2.4950         1.00
      2.4960         1.00
      2.4970         1.00
      2.4980         1.00
      2.4990         1.00
      2.5000         1.00
      2.5010         1.00
      2.5020         1.00
      2.5030         1.00
      2.5040         1.00
      2.5050         1.00
      2.5060         1.00
      2.5070         1.00
      2.5080         1.00
      2.5090         1.00
      2.5100         1.00
      2.5110         1.00
      2.5120         1.00
      2.5130         1.00
      2.5140         1.00
      2.5150         1.00
      2.5160         1.00
      2.5170         1.00
      2.5180         1.00
      2.5190         1.00
      2.5200         1.00
      2.5210         1.00
      2.5220         1.00
      2.5230         1.00
      2.5240         1.00
      2.5250         1.00
      2.5260         1.00
      2.5270         1.00
      2.5280         1.00
      2.5290         1.00
      2.5300         1.00
      2.5310         1.00
      2.5320         1.00
      2.5330         1.00
      2.5340         1.00
      2.5350         1.00
      2.5360         1.00
      2.5370         1.00
      2.5380         1.00
      2.5390         1.00
      2.5400         1.00
      2.5410         1.00
      2.5420         1.00
      2.5430         1.00
      2.5440         1.00
      2.5450         1.00
      2.5460         1.00
      2.5470         1.00
      2.5480         1.00
      2.5490         1.00
      2.5500         1.00
      2.5510         1.00
      2.5520         1.00
      2.5530         1.00
      2.5540         1.00
      2.5550         1.00
      2.5560         1.00
      2.5570         1.00
      2.5580         1.00
      2.5590         1.00
      2.5600         1.00
      2.5610         1.00
      2.5620         1.00
      2.5630         1.00
      2.5640         1.00
      2.5650         1.00
      2.5660         1.00
      2.5670         1.00
      2.5680         1.00
      2.5690         1.00
      2.5700         1.00
      2.5710         1.00
      2.5720         1.00
      2.5730         1.00
      2.5740         1.00
      2.5750         1.00
      2.5760         1.00
      2.5770         1.00
      2.5780         1.00
      2.5790         1.00
      2.5800         1.00
      2.5810         1.00
      2.5820         1.00
      2.5830         1.00
      2.5840         1.00
      2.5850         1.00
      2.5860         1.00
      2.5870         1.00
      2.5880         1.00
      2.5890         1.00
      2.5900         1.00
      2.5910         1.00
      2.5920         1.00
      2.5930         1.00
      2.5940         1.00
      2.5950         1.00
      2.5960         1.00
      2.5970         1.00
      2.5980         1.00
      2.5990         1.00
      2.6000         1.00
      2.6010         1.00
      2.6020         1.00
      2.6030         1.00
      2.6040         1.00
      2.6050         1.00
      2.6060         1.00
      2.6070         1.00
      2.6080         1.00
      2.6090         1.00
      2.6100         1.00
      2.6110         1.00
      2.6120         1.00
      2.6130         1.00
      2.6140         1.00
      2.6150         1.00
      2.6160         1.00
      2.6170         1.00
      2.6180         1.00
      2.6190         1.00
      2.6200         1.00
      2.6210         1.00
      2.6220         1.00
      2.6230         1.00
      2.6240         1.00
      2.6250         1.00
      2.6260         1.00
      2.6270         1.00
      2.6280         1.00
      2.6290         1.00
      2.6300         1.00
      2.6310         1.00
      2.6320         1.00
      2.6330         1.00
      2.6340         1.00
      2.6350         1.00
      2.6360         1.00
      2.6370         1.00
      2.6380         1.00
      2.6390         1.00
      2.6400         1.00
      2.6410         1.00
      2.6420         1.00
      2.6430         1.00
      2.6440         1.00
      2.6450         1.00
      2.6460         1.00
      2.6470         1.00
      2.6480         1.00
      2.6490         1.00
      2.6500         1.00
      2.6510         1.00
      2.6520         1.00
      2.6530         1.00
      2.6540         1.00
      2.6550         1.00
      2.6560         1.00
      2.6570         1.00
      2.6580         1.00
      2.6590         1.00
      2.6600         1.00
      2.6610         1.00
      2.6620         1.00
      2.6630         1.00
      2.6640         1.00
      2.6650         1.00
      2.6660         1.00
      2.6670         1.00
      2.6680         1.00
      2.6690         1.00
      2.6700         1.00
      2.6710         1.00
      2.6720         1.00
      2.6730         1.00
      2.6740         1.00
      2.6750         1.00
      2.6760         1.00
      2.6770         1.00
      2.6780         1.00
      2.6790         1.00
      2.6800         1.00
      2.6810         1.00
      2.6820         1.00
      2.6830         1.00
      2.6840         1.00
      2.6850         1.00
      2.6860         1.00
      2.6870         1.00
      2.6880         1.00
      2.6890         1.00
      2.6900         1.00
      2.6910         1.00
      2.6920         1.00
      2.6930         1.00
      2.6940         1.00
      2.6950         1.00
      2.6960         1.00
      2.6970         1.00
      2.6980         1.00
      2.6990         1.00
      2.7000         1.00
      2.7010         1.00
      2.7020         1.00
      2.7030         1.00
      2.7040         1.00
      2.7050         1.00
      2.7060         1.00
      2.7070         1.00
      2.7080         1.00
      2.7090         1.00
      2.7100         1.00
      2.7110         1.00
      2.7120         1.00
      2.7130         1.00
      2.7140         1.00
      2.7150         1.00
      2.7160         1.00
      2.7170         1.00
      2.7180         1.00
      2.7190         1.00
      2.7200         1.00
      2.7210         1.00
      2.7220         1.00
      2.7230         1.00
      2.7240         1.00
      2.7250         1.00
      2.7260         1.00
      2.7270         1.00
      2.7280         1.00
      2.7290         1.00
      2.7300         1.00
      2.7310         1.00
      2.7320         1.00
      2.7330         1.00
      2.7340         1.00
      2.7350         1.00
      2.7360         1.00
      2.7370         1.00
      2.7380         1.00
      2.7390         1.00
      2.7400         1.00
      2.7410         1.00
      2.7420         1.00
      2.7430         1.00
      2.7440         1.00
      2.7450         1.00
      2.7460         1.00
      2.7470         1.00
      2.7480         1.00
      2.7490         1.00
      2.7500         1.00
      2.7510         1.00
      2.7520         1.00
      2.7530         1.00
      2.7540         1.00
      2.7550         1.00
      2.7560         1.00
      2.7570         1.00
      2.7580         1.00
      2.7590         1.00
      2.7600         1.00
      2.7610         1.00
      2.7620         1.00
      2.7630         1.00
      2.7640         1.00
      2.7650         1.00
      2.7660         1.00
      2.7670         1.00
      2.7680         1.00
      2.7690         1.00
      2.7700         1.00
      2.7710         1.00
      2.7720         1.00
      2.7730         1.00
      2.7740         1.00
      2.7750         1.00
      2.7760         1.00
      2.7770         1.00
      2.7780         1.00
      2.7790         1.00
      2.7800         1.00
      2.7810         1.00
      2.7820         1.00
      2.7830         1.00
      2.7840         1.00
      2.7850         1.00
      2.7860         1.00
      2.7870         1.00
      2.7880         1.00
      2.7890         1.00
      2.7900         1.00
      2.7910         1.00
      2.7920         1.00
      2.7930         1.00
      2.7940         1.00
      2.7950         1.00
      2.7960         1.00
      2.7970         1.00
      2.7980         1.00
      2.7990         1.00
      2.8000         1.00
      2.8010         1.00
      2.8020         1.00
      2.8030         1.00
      2.8040         1.00
      2.8050         1.00
      2.8060         1.00
      2.8070         1.00
      2.8080         1.00
      2.8090         1.00
      2.8100         1.00
      2.8110         1.00
      2.8120         1.00
      2.8130         1.00
      2.8140         1.00
      2.8150         1.00
      2.8160         1.00
      2.8170         1.00
      2.8180         1.00
      2.8190         1.00
      2.8200         1.00
      2.8210         1.00
      2.8220         1.00
      2.8230         1.00
      2.8240         1.00
      2.8250         1.00
      2.8260         1.00
      2.8270         1.00
      2.8280         1.00
      2.8290         1.00
      2.8300         1.00
      2.8310         1.00
      2.8320         1.00
      2.8330         1.00
      2.8340         1.00
      2.8350         1.00
      2.8360         1.00
      2.8370         1.00
      2.8380         1.00
      2.8390         1.00
      2.8400         1.00
      2.8410         1.00
      2.8420         1.00
      2.8430         1.00
      2.8440         1.00
      2.8450         1.00
      2.8460         1.00
      2.8470         1.00
      2.8480         1.00
      2.8490         1.00
      2.8500         1.00
      2.8510         1.00
      2.8520         1.00
      2.8530         1.00
      2.8540         1.00
      2.8550         1.00
      2.8560         1.00
      2.8570         1.00
      2.8580         1.00
      2.8590         1.00
      2.8600         1.00
      2.8610         1.00
      2.8620         1.00
      2.8630         1.00
      2.8640         1.00
      2.8650         1.00
      2.8660         1.00
      2.8670         1.00
      2.8680         1.00
      2.8690         1.00
      2.8700         1.00
      2.8710         1.00
      2.8720         1.00
      2.8730         1.00
      2.8740         1.00
      2.8750         1.00
      2.8760         1.00
      2.8770         1.00
      2.8780         1.00
      2.8790         1.00
      2.8800         1.00
      2.8810         1.00
      2.8820         1.00
      2.8830         1.00
      2.8840         1.00
      2.8850         1.00
      2.8860         1.00
      2.8870         1.00
      2.8880         1.00
      2.8890         1.00
      2.8900         1.00
      2.8910         1.00
      2.8920         1.00
      2.8930         1.00
      2.8940         1.00
      2.8950         1.00
      2.8960         1.00
      2.8970         1.00
      2.8980         1.00
      2.8990         1.00
      2.9000         1.00
      2.9010         1.00
      2.9020         1.00
      2.9030         1.00
      2.9040         1.00
      2.9050         1.00
      2.9060         1.00
      2.9070         1.00
      2.9080         1.00
      2.9090         1.00
      2.9100         1.00
      2.9110         1.00
      2.9120         1.00
      2.9130         1.00
      2.9140         1.00
      2.9150         1.00
      2.9160         1.00
      2.9170         1.00
      2.9180         1.00
      2.9190         1.00
      2.9200         1.00
      2.9210         1.00
      2.9220         1.00
      2.9230         1.00
      2.9240         1.00
      2.9250         1.00
      2.9260         1.00
      2.9270         1.00
      2.9280         1.00
      2.9290         1.00
      2.9300         1.00
      2.9310         1.00
      2.9320         1.00
      2.9330         1.00
      2.9340         1.00
      2.9350         1.00
      2.9360         1.00
      2.9370         1.00
      2.9380         1.00
      2.9390         1.00
      2.9400         1.00
      2.9410         1.00
      2.9420         1.00
      2.9430         1.00
      2.9440         1.00
      2.9450         1.00
      2.9460         1.00
      2.9470         1.00
      2.9480         1.00
      2.9490         1.00
      2.9500         1.00
      2.9510         1.00
      2.9520         1.00
      2.9530         1.00
      2.9540         1.00
      2.9550         1.00
      2.9560         1.00
      2.9570         1.00
      2.9580         1.00
      2.9590         1.00
      2.9600         1.00
      2.9610         1.00
      2.9620         1.00
      2.9630         1.00
      2.9640         1.00
      2.9650         1.00
      2.9660         1.00
      2.9670         1.00
      2.9680         1.00
      2.9690         1.00
      2.9700         1.00
      2.9710         1.00
      2.9720         1.00
      2.9730         1.00
      2.9740         1.00
      2.9750         1.00
      2.9760         1.00
      2.9770         1.00
      2.9780         1.00
      2.9790         1.00
      2.9800         1.00
      2.9810         1.00
      2.9820         1.00
      2.9830         1.00
      2.9840         1.00
      2.9850         1.00
      2.9860         1.00
      2.9870         1.00
      2.9880         1.00
      2.9890         1.00
      2.9900         1.00
      2.9910         1.00
      2.9920         1.00
      2.9930         1.00
      2.9940         1.00
      2.9950         1.00
      2.9960         1.00
      2.9970         1.00
      2.9980         1.00
      2.9990         1.00
