        Time   Palpation Force
      0.0000         1.00
      0.0010         1.00
      0.0020         1.00
      0.0030         1.00
      0.0040         1.00
      0.0050         1.00
      0.0060         1.08
      0.0070         1.15
      0.0080         1.28
      0.0090         1.48
      0.0100         1.65
      0.0110         1.79
      0.0120         1.96
      0.0130         2.07
      0.0140         2.23
      0.0150         2.44
      0.0160         2.62
      0.0170         2.78
      0.0180         3.02
      0.0190         3.12
      0.0200         3.18
      0.0210         3.26
      0.0220         3.31
      0.0230         3.27
      0.0240         3.31
      0.0250         3.32
      0.0260         3.27
      0.0270         3.35
      0.0280         3.32
      0.0290         3.24
      0.0300         3.22
      0.0310         3.30
      0.0320         3.28
      0.0330         3.25
      0.0340         3.29
      0.0350         3.17
      0.0360         3.08
      0.0370         3.10
      0.0380         3.03
      0.0390         3.10
      0.0400         3.06
      0.0410         2.97
      0.0420         3.03
      0.0430         3.15
      0.0440         3.15
      0.0450         3.18
      0.0460         3.17
      0.0470         3.27
      0.0480         3.31
      0.0490         3.33
      0.0500         3.31
      0.0510         3.23
      0.0520         3.27
      0.0530         3.38
      0.0540         3.28
      0.0550         3.32
      0.0560         3.35
      0.0570         3.35
      0.0580         3.28
      0.0590         3.32
      0.0600         3.38
      0.0610         3.43
      0.0620         3.42
      0.0630         3.36
      0.0640         3.34
      0.0650         3.32
      0.0660         3.32
      0.0670         3.20
      0.0680         3.28
      0.0690         3.34
      0.0700         3.34
      0.0710         3.34
      0.0720         3.36
      0.0730         3.31
      0.0740         3.38
      0.0750         3.42
      0.0760         3.43
      0.0770         3.48
      0.0780         3.54
      0.0790         3.43
      0.0800         3.36
      0.0810         3.31
      0.0820         3.26
      0.0830         3.14
      0.0840         3.13
      0.0850         3.11
      0.0860         3.06
      0.0870         3.04
      0.0880         2.96
      0.0890         2.94
      0.0900         2.96
      0.0910         2.96
      0.0920         2.88
      0.0930         2.94
      0.0940         3.00
      0.0950         3.02
      0.0960         3.03
      0.0970         3.04
      0.0980         3.03
      0.0990         3.10
      0.1000         3.07
      0.1010         3.07
      0.1020         3.05
      0.1030         3.19
      0.1040         3.18
      0.1050         3.23
      0.1060         3.29
      0.1070         3.37
      0.1080         3.35
      0.1090         3.41
      0.1100         3.39
      0.1110         3.44
      0.1120         3.46
      0.1130         3.42
      0.1140         3.37
      0.1150         3.39
      0.1160         3.37
      0.1170         3.29
      0.1180         3.26
      0.1190         3.26
      0.1200         3.26
      0.1210         3.30
      0.1220         3.33
      0.1230         3.26
      0.1240         3.25
      0.1250         3.25
      0.1260         3.22
      0.1270         3.17
      0.1280         3.13
      0.1290         3.22
      0.1300         3.15
      0.1310         3.09
      0.1320         3.05
      0.1330         3.11
      0.1340         3.12
      0.1350         3.06
      0.1360         3.11
      0.1370         3.11
      0.1380         3.14
      0.1390         3.08
      0.1400         3.04
      0.1410         2.99
      0.1420         2.99
      0.1430         3.00
      0.1440         2.95
      0.1450         2.86
      0.1460         2.94
      0.1470         2.95
      0.1480         2.99
      0.1490         2.89
      0.1500         2.95
      0.1510         3.05
      0.1520         3.07
      0.1530         3.02
      0.1540         2.93
      0.1550         2.96
      0.1560         3.00
      0.1570         3.06
      0.1580         3.05
      0.1590         3.12
      0.1600         3.28
      0.1610         3.33
      0.1620         3.36
      0.1630         3.41
      0.1640         3.45
      0.1650         3.56
      0.1660         3.54
      0.1670         3.58
      0.1680         3.65
      0.1690         3.59
      0.1700         3.58
      0.1710         3.54
      0.1720         3.49
      0.1730         3.51
      0.1740         3.53
      0.1750         3.51
      0.1760         3.35
      0.1770         3.24
      0.1780         3.31
      0.1790         3.27
      0.1800         3.15
      0.1810         3.21
      0.1820         3.20
      0.1830         3.16
      0.1840         3.22
      0.1850         3.28
      0.1860         3.28
      0.1870         3.26
      0.1880         3.33
      0.1890         3.42
      0.1900         3.53
      0.1910         3.55
      0.1920         3.62
      0.1930         3.63
      0.1940         3.63
      0.1950         3.66
      0.1960         3.75
      0.1970         3.82
      0.1980         3.75
      0.1990         3.78
      0.2000         3.88
      0.2010         3.82
      0.2020         3.84
      0.2030         3.84
      0.2040         3.80
      0.2050         3.64
      0.2060         3.55
      0.2070         3.50
      0.2080         3.40
      0.2090         3.28
      0.2100         3.26
      0.2110         3.24
      0.2120         3.22
      0.2130         3.21
      0.2140         3.26
      0.2150         3.16
      0.2160         3.28
      0.2170         3.24
      0.2180         3.29
      0.2190         3.29
      0.2200         3.26
      0.2210         3.25
      0.2220         3.27
      0.2230         3.22
      0.2240         3.26
      0.2250         3.34
      0.2260         3.46
      0.2270         3.46
      0.2280         3.40
      0.2290         3.39
      0.2300         3.39
      0.2310         3.38
      0.2320         3.35
      0.2330         3.34
      0.2340         3.32
      0.2350         3.28
      0.2360         3.18
      0.2370         3.14
      0.2380         3.10
      0.2390         3.10
      0.2400         3.06
      0.2410         3.03
      0.2420         2.96
      0.2430         3.04
      0.2440         2.98
      0.2450         3.02
      0.2460         2.98
      0.2470         3.02
      0.2480         3.03
      0.2490         3.11
      0.2500         3.09
      0.2510         3.14
      0.2520         3.15
      0.2530         3.20
      0.2540         3.23
      0.2550         3.36
      0.2560         3.39
      0.2570         3.44
      0.2580         3.51
      0.2590         3.56
      0.2600         3.63
      0.2610         3.64
      0.2620         3.68
      0.2630         3.66
      0.2640         3.75
      0.2650         3.70
      0.2660         3.68
      0.2670         3.64
      0.2680         3.67
      0.2690         3.66
      0.2700         3.54
      0.2710         3.54
      0.2720         3.70
      0.2730         3.68
      0.2740         3.73
      0.2750         3.69
      0.2760         3.70
      0.2770         3.71
      0.2780         3.71
      0.2790         3.69
      0.2800         3.63
      0.2810         3.66
      0.2820         3.62
      0.2830         3.67
      0.2840         3.63
      0.2850         3.70
      0.2860         3.65
      0.2870         3.67
      0.2880         3.73
      0.2890         3.73
      0.2900         3.85
      0.2910         3.78
      0.2920         3.65
      0.2930         3.66
      0.2940         3.59
      0.2950         3.62
      0.2960         3.57
      0.2970         3.55
      0.2980         3.53
      0.2990         3.49
      0.3000         3.48
      0.3010         3.46
      0.3020         3.50
      0.3030         3.46
      0.3040         3.52
      0.3050         3.46
      0.3060         3.47
      0.3070         3.48
      0.3080         3.49
      0.3090         3.52
      0.3100         3.53
      0.3110         3.50
      0.3120         3.50
      0.3130         3.50
      0.3140         3.49
      0.3150         3.53
      0.3160         3.53
      0.3170         3.47
      0.3180         3.45
      0.3190         3.42
      0.3200         3.41
      0.3210         3.39
      0.3220         3.34
      0.3230         3.38
      0.3240         3.29
      0.3250         3.21
      0.3260         3.31
      0.3270         3.29
      0.3280         3.22
      0.3290         3.15
      0.3300         3.11
      0.3310         3.11
      0.3320         3.18
      0.3330         3.12
      0.3340         3.23
      0.3350         3.20
      0.3360         3.27
      0.3370         3.38
      0.3380         3.43
      0.3390         3.43
      0.3400         3.50
      0.3410         3.51
      0.3420         3.50
      0.3430         3.44
      0.3440         3.51
      0.3450         3.62
      0.3460         3.47
      0.3470         3.50
      0.3480         3.54
      0.3490         3.65
      0.3500         3.61
      0.3510         3.57
      0.3520         3.51
      0.3530         3.55
      0.3540         3.45
      0.3550         3.41
      0.3560         3.38
      0.3570         3.31
      0.3580         3.27
      0.3590         3.38
      0.3600         3.39
      0.3610         3.39
      0.3620         3.37
      0.3630         3.45
      0.3640         3.44
      0.3650         3.46
      0.3660         3.54
      0.3670         3.52
      0.3680         3.56
      0.3690         3.44
      0.3700         3.52
      0.3710         3.56
      0.3720         3.54
      0.3730         3.50
      0.3740         3.50
      0.3750         3.50
      0.3760         3.50
      0.3770         3.50
      0.3780         3.54
      0.3790         3.49
      0.3800         3.44
      0.3810         3.48
      0.3820         3.46
      0.3830         3.33
      0.3840         3.29
      0.3850         3.22
      0.3860         3.20
      0.3870         3.18
      0.3880         3.08
      0.3890         3.06
      0.3900         3.10
      0.3910         3.16
      0.3920         3.18
      0.3930         3.20
      0.3940         3.26
      0.3950         3.26
      0.3960         3.29
      0.3970         3.34
      0.3980         3.29
      0.3990         3.30
      0.4000         3.28
      0.4010         3.26
      0.4020         3.34
      0.4030         3.42
      0.4040         3.42
      0.4050         3.42
      0.4060         3.44
      0.4070         3.53
      0.4080         3.54
      0.4090         3.62
      0.4100         3.53
      0.4110         3.53
      0.4120         3.48
      0.4130         3.52
      0.4140         3.44
      0.4150         3.44
      0.4160         3.40
      0.4170         3.37
      0.4180         3.37
      0.4190         3.36
      0.4200         3.40
      0.4210         3.39
      0.4220         3.42
      0.4230         3.44
      0.4240         3.47
      0.4250         3.52
      0.4260         3.58
      0.4270         3.56
      0.4280         3.67
      0.4290         3.63
      0.4300         3.56
      0.4310         3.55
      0.4320         3.54
      0.4330         3.47
      0.4340         3.51
      0.4350         3.50
      0.4360         3.46
      0.4370         3.46
      0.4380         3.46
      0.4390         3.36
      0.4400         3.35
      0.4410         3.36
      0.4420         3.31
      0.4430         3.26
      0.4440         3.19
      0.4450         3.16
      0.4460         3.09
      0.4470         3.04
      0.4480         2.95
      0.4490         2.96
      0.4500         3.08
      0.4510         3.05
      0.4520         3.11
      0.4530         3.12
      0.4540         3.09
      0.4550         3.17
      0.4560         3.20
      0.4570         3.27
      0.4580         3.21
      0.4590         3.35
      0.4600         3.35
      0.4610         3.35
      0.4620         3.40
      0.4630         3.40
      0.4640         3.51
      0.4650         3.41
      0.4660         3.35
      0.4670         3.28
      0.4680         3.24
      0.4690         3.17
      0.4700         3.11
      0.4710         3.16
      0.4720         3.17
      0.4730         3.15
      0.4740         3.13
      0.4750         3.05
      0.4760         3.05
      0.4770         3.00
      0.4780         3.07
      0.4790         3.01
      0.4800         3.08
      0.4810         3.08
      0.4820         3.12
      0.4830         3.22
      0.4840         3.15
      0.4850         3.23
      0.4860         3.26
      0.4870         3.31
      0.4880         3.40
      0.4890         3.49
      0.4900         3.53
      0.4910         3.49
      0.4920         3.43
      0.4930         3.47
      0.4940         3.54
      0.4950         3.57
      0.4960         3.58
      0.4970         3.50
      0.4980         3.51
      0.4990         3.46
      0.5000         3.43
      0.5010         3.42
      0.5020         3.29
      0.5030         3.17
      0.5040         3.27
      0.5050         3.23
      0.5060         3.26
      0.5070         3.30
      0.5080         3.33
      0.5090         3.34
      0.5100         3.34
      0.5110         3.39
      0.5120         3.50
      0.5130         3.54
      0.5140         3.54
      0.5150         3.53
      0.5160         3.60
      0.5170         3.72
      0.5180         3.72
      0.5190         3.81
      0.5200         3.76
      0.5210         3.82
      0.5220         3.86
      0.5230         3.98
      0.5240         3.82
      0.5250         3.81
      0.5260         3.86
      0.5270         3.80
      0.5280         3.74
      0.5290         3.77
      0.5300         3.73
      0.5310         3.68
      0.5320         3.64
      0.5330         3.55
      0.5340         3.49
      0.5350         3.46
      0.5360         3.39
      0.5370         3.38
      0.5380         3.34
      0.5390         3.33
      0.5400         3.38
      0.5410         3.37
      0.5420         3.36
      0.5430         3.30
      0.5440         3.34
      0.5450         3.40
      0.5460         3.46
      0.5470         3.54
      0.5480         3.48
      0.5490         3.36
      0.5500         3.39
      0.5510         3.46
      0.5520         3.42
      0.5530         3.47
      0.5540         3.47
      0.5550         3.54
      0.5560         3.48
      0.5570         3.40
      0.5580         3.46
      0.5590         3.44
      0.5600         3.36
      0.5610         3.28
      0.5620         3.31
      0.5630         3.27
      0.5640         3.34
      0.5650         3.32
      0.5660         3.18
      0.5670         3.16
      0.5680         3.19
      0.5690         3.27
      0.5700         3.31
      0.5710         3.28
      0.5720         3.30
      0.5730         3.24
      0.5740         3.27
      0.5750         3.23
      0.5760         3.28
      0.5770         3.34
      0.5780         3.35
      0.5790         3.36
      0.5800         3.42
      0.5810         3.44
      0.5820         3.44
      0.5830         3.51
      0.5840         3.47
      0.5850         3.42
      0.5860         3.47
      0.5870         3.46
      0.5880         3.43
      0.5890         3.43
      0.5900         3.42
      0.5910         3.38
      0.5920         3.43
      0.5930         3.46
      0.5940         3.47
      0.5950         3.48
      0.5960         3.47
      0.5970         3.38
      0.5980         3.34
      0.5990         3.32
      0.6000         3.28
      0.6010         3.26
      0.6020         3.22
      0.6030         3.20
      0.6040         3.23
      0.6050         3.23
      0.6060         3.23
      0.6070         3.31
      0.6080         3.30
      0.6090         3.26
      0.6100         3.26
      0.6110         3.25
      0.6120         3.18
      0.6130         3.15
      0.6140         3.07
      0.6150         3.07
      0.6160         2.94
      0.6170         2.96
      0.6180         3.04
      0.6190         2.97
      0.6200         2.96
      0.6210         2.97
      0.6220         2.97
      0.6230         2.93
      0.6240         2.90
      0.6250         2.92
      0.6260         2.94
      0.6270         2.86
      0.6280         2.89
      0.6290         2.94
      0.6300         2.89
      0.6310         2.99
      0.6320         3.06
      0.6330         3.09
      0.6340         3.17
      0.6350         3.16
      0.6360         3.28
      0.6370         3.36
      0.6380         3.32
      0.6390         3.36
      0.6400         3.41
      0.6410         3.40
      0.6420         3.41
      0.6430         3.40
      0.6440         3.35
      0.6450         3.32
      0.6460         3.22
      0.6470         3.13
      0.6480         3.12
      0.6490         3.05
      0.6500         3.06
      0.6510         3.01
      0.6520         2.98
      0.6530         3.02
      0.6540         3.08
      0.6550         3.05
      0.6560         3.12
      0.6570         3.17
      0.6580         3.08
      0.6590         3.08
      0.6600         3.16
      0.6610         3.20
      0.6620         3.23
      0.6630         3.28
      0.6640         3.35
      0.6650         3.49
      0.6660         3.61
      0.6670         3.72
      0.6680         3.87
      0.6690         3.93
      0.6700         3.91
      0.6710         3.89
      0.6720         3.85
      0.6730         3.80
      0.6740         3.72
      0.6750         3.70
      0.6760         3.60
      0.6770         3.54
      0.6780         3.58
      0.6790         3.64
      0.6800         3.57
      0.6810         3.54
      0.6820         3.53
      0.6830         3.47
      0.6840         3.50
      0.6850         3.47
      0.6860         3.45
      0.6870         3.49
      0.6880         3.43
      0.6890         3.47
      0.6900         3.54
      0.6910         3.54
      0.6920         3.57
      0.6930         3.54
      0.6940         3.54
      0.6950         3.62
      0.6960         3.73
      0.6970         3.74
      0.6980         3.73
      0.6990         3.69
      0.7000         3.60
      0.7010         3.61
      0.7020         3.60
      0.7030         3.54
      0.7040         3.48
      0.7050         3.37
      0.7060         3.36
      0.7070         3.28
      0.7080         3.21
      0.7090         3.13
      0.7100         3.21
      0.7110         3.24
      0.7120         3.21
      0.7130         3.22
      0.7140         3.17
      0.7150         3.13
      0.7160         3.08
      0.7170         3.01
      0.7180         3.12
      0.7190         3.18
      0.7200         3.20
      0.7210         3.21
      0.7220         3.28
      0.7230         3.37
      0.7240         3.41
      0.7250         3.44
      0.7260         3.48
      0.7270         3.49
      0.7280         3.52
      0.7290         3.56
      0.7300         3.47
      0.7310         3.36
      0.7320         3.36
      0.7330         3.39
      0.7340         3.39
      0.7350         3.37
      0.7360         3.36
      0.7370         3.39
      0.7380         3.26
      0.7390         3.16
      0.7400         3.20
      0.7410         3.16
      0.7420         3.11
      0.7430         3.10
      0.7440         3.07
      0.7450         3.10
      0.7460         3.06
      0.7470         3.08
      0.7480         3.11
      0.7490         3.11
      0.7500         3.11
      0.7510         3.19
      0.7520         3.19
      0.7530         3.14
      0.7540         3.28
      0.7550         3.31
      0.7560         3.34
      0.7570         3.28
      0.7580         3.35
      0.7590         3.39
      0.7600         3.36
      0.7610         3.42
      0.7620         3.35
      0.7630         3.34
      0.7640         3.40
      0.7650         3.32
      0.7660         3.29
      0.7670         3.24
      0.7680         3.13
      0.7690         3.08
      0.7700         3.13
      0.7710         3.18
      0.7720         3.16
      0.7730         3.28
      0.7740         3.30
      0.7750         3.30
      0.7760         3.32
      0.7770         3.46
      0.7780         3.49
      0.7790         3.50
      0.7800         3.63
      0.7810         3.70
      0.7820         3.78
      0.7830         3.75
      0.7840         3.65
      0.7850         3.75
      0.7860         3.79
      0.7870         3.85
      0.7880         3.87
      0.7890         3.98
      0.7900         3.91
      0.7910         3.85
      0.7920         3.79
      0.7930         3.74
      0.7940         3.65
      0.7950         3.67
      0.7960         3.65
      0.7970         3.58
      0.7980         3.53
      0.7990         3.43
      0.8000         3.37
      0.8010         3.26
      0.8020         3.25
      0.8030         3.32
      0.8040         3.34
      0.8050         3.25
      0.8060         3.23
      0.8070         3.17
      0.8080         3.29
      0.8090         3.18
      0.8100         3.21
      0.8110         3.25
      0.8120         3.35
      0.8130         3.41
      0.8140         3.39
      0.8150         3.39
      0.8160         3.37
      0.8170         3.35
      0.8180         3.37
      0.8190         3.43
      0.8200         3.34
      0.8210         3.30
      0.8220         3.26
      0.8230         3.22
      0.8240         3.15
      0.8250         3.22
      0.8260         3.25
      0.8270         3.26
      0.8280         3.21
      0.8290         3.29
      0.8300         3.24
      0.8310         3.20
      0.8320         3.12
      0.8330         3.01
      0.8340         3.01
      0.8350         2.98
      0.8360         3.02
      0.8370         3.02
      0.8380         3.04
      0.8390         3.06
      0.8400         3.14
      0.8410         3.22
      0.8420         3.30
      0.8430         3.34
      0.8440         3.42
      0.8450         3.35
      0.8460         3.30
      0.8470         3.29
      0.8480         3.23
      0.8490         3.20
      0.8500         3.19
      0.8510         3.19
      0.8520         3.27
      0.8530         3.26
      0.8540         3.23
      0.8550         3.19
      0.8560         3.22
      0.8570         3.23
      0.8580         3.19
      0.8590         3.18
      0.8600         3.18
      0.8610         3.12
      0.8620         3.14
      0.8630         3.13
      0.8640         3.17
      0.8650         3.18
      0.8660         3.09
      0.8670         3.20
      0.8680         3.36
      0.8690         3.32
      0.8700         3.28
      0.8710         3.28
      0.8720         3.28
      0.8730         3.31
      0.8740         3.28
      0.8750         3.28
      0.8760         3.19
      0.8770         3.18
      0.8780         3.18
      0.8790         3.18
      0.8800         3.04
      0.8810         3.07
      0.8820         3.04
      0.8830         3.02
      0.8840         2.96
      0.8850         3.00
      0.8860         3.08
      0.8870         3.07
      0.8880         2.95
      0.8890         3.01
      0.8900         3.16
      0.8910         3.19
      0.8920         3.15
      0.8930         3.19
      0.8940         3.25
      0.8950         3.37
      0.8960         3.48
      0.8970         3.49
      0.8980         3.58
      0.8990         3.57
      0.9000         3.72
      0.9010         3.77
      0.9020         3.69
      0.9030         3.69
      0.9040         3.68
      0.9050         3.68
      0.9060         3.64
      0.9070         3.61
      0.9080         3.52
      0.9090         3.53
      0.9100         3.42
      0.9110         3.41
      0.9120         3.41
      0.9130         3.38
      0.9140         3.35
      0.9150         3.30
      0.9160         3.23
      0.9170         3.19
      0.9180         3.11
      0.9190         3.07
      0.9200         3.06
      0.9210         3.16
      0.9220         3.23
      0.9230         3.23
      0.9240         3.31
      0.9250         3.27
      0.9260         3.37
      0.9270         3.35
      0.9280         3.42
      0.9290         3.43
      0.9300         3.44
      0.9310         3.44
      0.9320         3.47
      0.9330         3.49
      0.9340         3.51
      0.9350         3.53
      0.9360         3.45
      0.9370         3.45
      0.9380         3.41
      0.9390         3.45
      0.9400         3.37
      0.9410         3.18
      0.9420         3.21
      0.9430         3.15
      0.9440         3.07
      0.9450         3.10
      0.9460         3.02
      0.9470         3.01
      0.9480         3.08
      0.9490         3.01
      0.9500         3.08
      0.9510         3.12
      0.9520         3.10
      0.9530         3.13
      0.9540         3.12
      0.9550         3.04
      0.9560         3.13
      0.9570         3.12
      0.9580         3.12
      0.9590         3.08
      0.9600         3.12
      0.9610         3.23
      0.9620         3.15
      0.9630         3.22
      0.9640         3.21
      0.9650         3.19
      0.9660         3.22
      0.9670         3.13
      0.9680         3.10
      0.9690         3.09
      0.9700         3.01
      0.9710         2.95
      0.9720         2.99
      0.9730         2.98
      0.9740         2.98
      0.9750         3.00
      0.9760         2.98
      0.9770         3.02
      0.9780         3.08
      0.9790         3.05
      0.9800         3.09
      0.9810         3.04
      0.9820         3.13
      0.9830         3.17
      0.9840         3.18
      0.9850         3.30
      0.9860         3.36
      0.9870         3.44
      0.9880         3.44
      0.9890         3.41
      0.9900         3.42
      0.9910         3.41
      0.9920         3.35
      0.9930         3.35
      0.9940         3.37
      0.9950         3.36
      0.9960         3.40
      0.9970         3.39
      0.9980         3.31
      0.9990         3.28
      1.0000         3.17
      1.0010         3.11
      1.0020         3.00
      1.0030         2.96
      1.0040         2.96
      1.0050         2.88
      1.0060         2.88
      1.0070         2.91
      1.0080         2.91
      1.0090         2.90
      1.0100         3.03
      1.0110         3.11
      1.0120         3.06
      1.0130         3.03
      1.0140         3.00
      1.0150         3.13
      1.0160         3.11
      1.0170         3.14
      1.0180         3.14
      1.0190         3.21
      1.0200         3.26
      1.0210         3.27
      1.0220         3.23
      1.0230         3.22
      1.0240         3.21
      1.0250         3.13
      1.0260         3.03
      1.0270         2.99
      1.0280         2.94
      1.0290         2.90
      1.0300         2.77
      1.0310         2.71
      1.0320         2.76
      1.0330         2.81
      1.0340         2.84
      1.0350         2.80
      1.0360         2.77
      1.0370         2.76
      1.0380         2.85
      1.0390         2.87
      1.0400         2.93
      1.0410         2.96
      1.0420         3.03
      1.0430         3.01
      1.0440         3.04
      1.0450         3.08
      1.0460         3.15
      1.0470         3.28
      1.0480         3.31
      1.0490         3.41
      1.0500         3.44
      1.0510         3.44
      1.0520         3.49
      1.0530         3.39
      1.0540         3.39
      1.0550         3.38
      1.0560         3.33
      1.0570         3.24
      1.0580         3.23
      1.0590         3.18
      1.0600         3.12
      1.0610         3.12
      1.0620         3.16
      1.0630         3.13
      1.0640         3.12
      1.0650         3.22
      1.0660         3.25
      1.0670         3.17
      1.0680         3.17
      1.0690         3.15
      1.0700         3.16
      1.0710         3.18
      1.0720         3.18
      1.0730         3.25
      1.0740         3.22
      1.0750         3.22
      1.0760         3.30
      1.0770         3.32
      1.0780         3.33
      1.0790         3.40
      1.0800         3.37
      1.0810         3.36
      1.0820         3.36
      1.0830         3.33
      1.0840         3.28
      1.0850         3.17
      1.0860         3.14
      1.0870         3.07
      1.0880         3.11
      1.0890         3.13
      1.0900         3.11
      1.0910         3.09
      1.0920         3.02
      1.0930         3.09
      1.0940         3.13
      1.0950         3.16
      1.0960         3.20
      1.0970         3.26
      1.0980         3.32
      1.0990         3.36
      1.1000         3.37
      1.1010         3.45
      1.1020         3.48
      1.1030         3.54
      1.1040         3.64
      1.1050         3.64
      1.1060         3.65
      1.1070         3.68
      1.1080         3.64
      1.1090         3.60
      1.1100         3.40
      1.1110         3.41
      1.1120         3.48
      1.1130         3.33
      1.1140         3.30
      1.1150         3.25
      1.1160         3.21
      1.1170         3.18
      1.1180         3.10
      1.1190         3.05
      1.1200         3.02
      1.1210         2.94
      1.1220         2.96
      1.1230         2.91
      1.1240         2.87
      1.1250         2.92
      1.1260         2.89
      1.1270         2.95
      1.1280         2.96
      1.1290         2.98
      1.1300         3.22
      1.1310         3.22
      1.1320         3.26
      1.1330         3.29
      1.1340         3.33
      1.1350         3.37
      1.1360         3.30
      1.1370         3.26
      1.1380         3.33
      1.1390         3.31
      1.1400         3.39
      1.1410         3.39
      1.1420         3.30
      1.1430         3.35
      1.1440         3.34
      1.1450         3.30
      1.1460         3.38
      1.1470         3.31
      1.1480         3.23
      1.1490         3.25
      1.1500         3.19
      1.1510         3.21
      1.1520         3.14
      1.1530         3.15
      1.1540         3.15
      1.1550         3.09
      1.1560         3.14
      1.1570         3.22
      1.1580         3.23
      1.1590         3.25
      1.1600         3.15
      1.1610         3.15
      1.1620         3.22
      1.1630         3.23
      1.1640         3.27
      1.1650         3.31
      1.1660         3.29
      1.1670         3.26
      1.1680         3.37
      1.1690         3.38
      1.1700         3.35
      1.1710         3.30
      1.1720         3.23
      1.1730         3.29
      1.1740         3.23
      1.1750         3.30
      1.1760         3.26
      1.1770         3.15
      1.1780         3.03
      1.1790         3.06
      1.1800         3.08
      1.1810         3.15
      1.1820         3.15
      1.1830         3.17
      1.1840         3.14
      1.1850         3.19
      1.1860         3.19
      1.1870         3.27
      1.1880         3.20
      1.1890         3.19
      1.1900         3.27
      1.1910         3.23
      1.1920         3.31
      1.1930         3.30
      1.1940         3.28
      1.1950         3.28
      1.1960         3.31
      1.1970         3.41
      1.1980         3.46
      1.1990         3.39
      1.2000         3.39
      1.2010         3.27
      1.2020         3.22
      1.2030         3.18
      1.2040         3.20
      1.2050         3.04
      1.2060         3.02
      1.2070         2.99
      1.2080         3.00
      1.2090         2.99
      1.2100         2.96
      1.2110         2.96
      1.2120         2.99
      1.2130         2.96
      1.2140         3.00
      1.2150         2.96
      1.2160         2.90
      1.2170         2.87
      1.2180         2.94
      1.2190         2.99
      1.2200         3.02
      1.2210         3.10
      1.2220         3.16
      1.2230         3.10
      1.2240         3.06
      1.2250         3.12
      1.2260         3.10
      1.2270         3.11
      1.2280         3.10
      1.2290         3.12
      1.2300         3.06
      1.2310         3.16
      1.2320         3.08
      1.2330         3.10
      1.2340         3.06
      1.2350         3.14
      1.2360         3.18
      1.2370         3.15
      1.2380         3.14
      1.2390         3.10
      1.2400         3.06
      1.2410         3.06
      1.2420         3.00
      1.2430         3.06
      1.2440         3.11
      1.2450         3.15
      1.2460         3.22
      1.2470         3.28
      1.2480         3.28
      1.2490         3.31
      1.2500         3.34
      1.2510         3.36
      1.2520         3.47
      1.2530         3.52
      1.2540         3.58
      1.2550         3.54
      1.2560         3.51
      1.2570         3.51
      1.2580         3.46
      1.2590         3.46
      1.2600         3.47
      1.2610         3.35
      1.2620         3.36
      1.2630         3.42
      1.2640         3.38
      1.2650         3.28
      1.2660         3.24
      1.2670         3.18
      1.2680         3.22
      1.2690         3.26
      1.2700         3.30
      1.2710         3.22
      1.2720         3.14
      1.2730         3.14
      1.2740         3.15
      1.2750         3.11
      1.2760         3.26
      1.2770         3.31
      1.2780         3.39
      1.2790         3.43
      1.2800         3.54
      1.2810         3.70
      1.2820         3.74
      1.2830         3.76
      1.2840         3.74
      1.2850         3.83
      1.2860         3.84
      1.2870         3.80
      1.2880         3.82
      1.2890         3.71
      1.2900         3.72
      1.2910         3.74
      1.2920         3.75
      1.2930         3.76
      1.2940         3.64
      1.2950         3.58
      1.2960         3.50
      1.2970         3.52
      1.2980         3.40
      1.2990         3.49
      1.3000         3.50
      1.3010         3.41
      1.3020         3.36
      1.3030         3.30
      1.3040         3.39
      1.3050         3.42
      1.3060         3.40
      1.3070         3.43
      1.3080         3.43
      1.3090         3.47
      1.3100         3.47
      1.3110         3.44
      1.3120         3.51
      1.3130         3.46
      1.3140         3.59
      1.3150         3.60
      1.3160         3.64
      1.3170         3.58
      1.3180         3.63
      1.3190         3.59
      1.3200         3.53
      1.3210         3.63
      1.3220         3.64
      1.3230         3.63
      1.3240         3.67
      1.3250         3.59
      1.3260         3.56
      1.3270         3.56
      1.3280         3.55
      1.3290         3.63
      1.3300         3.62
      1.3310         3.69
      1.3320         3.66
      1.3330         3.70
      1.3340         3.63
      1.3350         3.71
      1.3360         3.78
      1.3370         3.82
      1.3380         3.84
      1.3390         3.76
      1.3400         3.76
      1.3410         3.68
      1.3420         3.72
      1.3430         3.76
      1.3440         3.60
      1.3450         3.60
      1.3460         3.63
      1.3470         3.62
      1.3480         3.47
      1.3490         3.33
      1.3500         3.32
      1.3510         3.20
      1.3520         3.19
      1.3530         3.19
      1.3540         3.19
      1.3550         3.16
      1.3560         3.03
      1.3570         3.02
      1.3580         2.97
      1.3590         2.98
      1.3600         3.00
      1.3610         3.07
      1.3620         3.06
      1.3630         3.04
      1.3640         3.16
      1.3650         3.24
      1.3660         3.22
      1.3670         3.27
      1.3680         3.35
      1.3690         3.42
      1.3700         3.36
      1.3710         3.43
      1.3720         3.38
      1.3730         3.23
      1.3740         3.22
      1.3750         3.19
      1.3760         3.23
      1.3770         3.24
      1.3780         3.20
      1.3790         3.24
      1.3800         3.16
      1.3810         3.19
      1.3820         3.17
      1.3830         3.13
      1.3840         3.13
      1.3850         3.11
      1.3860         3.08
      1.3870         3.08
      1.3880         3.16
      1.3890         3.15
      1.3900         3.21
      1.3910         3.24
      1.3920         3.26
      1.3930         3.32
      1.3940         3.35
      1.3950         3.38
      1.3960         3.36
      1.3970         3.42
      1.3980         3.48
      1.3990         3.50
      1.4000         3.59
      1.4010         3.58
      1.4020         3.52
      1.4030         3.52
      1.4040         3.51
      1.4050         3.40
      1.4060         3.45
      1.4070         3.39
      1.4080         3.33
      1.4090         3.29
      1.4100         3.31
      1.4110         3.27
      1.4120         3.37
      1.4130         3.37
      1.4140         3.41
      1.4150         3.41
      1.4160         3.35
      1.4170         3.31
      1.4180         3.27
      1.4190         3.32
      1.4200         3.31
      1.4210         3.27
      1.4220         3.30
      1.4230         3.38
      1.4240         3.32
      1.4250         3.37
      1.4260         3.41
      1.4270         3.50
      1.4280         3.58
      1.4290         3.62
      1.4300         3.54
      1.4310         3.56
      1.4320         3.47
      1.4330         3.44
      1.4340         3.36
      1.4350         3.39
      1.4360         3.40
      1.4370         3.42
      1.4380         3.43
      1.4390         3.43
      1.4400         3.34
      1.4410         3.28
      1.4420         3.24
      1.4430         3.16
      1.4440         3.18
      1.4450         3.23
      1.4460         3.22
      1.4470         3.15
      1.4480         3.13
      1.4490         3.13
      1.4500         3.14
      1.4510         3.19
      1.4520         3.25
      1.4530         3.31
      1.4540         3.27
      1.4550         3.34
      1.4560         3.37
      1.4570         3.39
      1.4580         3.43
      1.4590         3.37
      1.4600         3.41
      1.4610         3.45
      1.4620         3.57
      1.4630         3.60
      1.4640         3.62
      1.4650         3.56
      1.4660         3.50
      1.4670         3.49
      1.4680         3.50
      1.4690         3.56
      1.4700         3.62
      1.4710         3.50
      1.4720         3.45
      1.4730         3.47
      1.4740         3.57
      1.4750         3.49
      1.4760         3.55
      1.4770         3.52
      1.4780         3.52
      1.4790         3.56
      1.4800         3.59
      1.4810         3.61
      1.4820         3.59
      1.4830         3.57
      1.4840         3.61
      1.4850         3.64
      1.4860         3.65
      1.4870         3.69
      1.4880         3.63
      1.4890         3.61
      1.4900         3.59
      1.4910         3.69
      1.4920         3.72
      1.4930         3.64
      1.4940         3.56
      1.4950         3.49
      1.4960         3.37
      1.4970         3.29
      1.4980         3.19
      1.4990         3.13
      1.5000         3.05
      1.5010         2.99
      1.5020         2.94
      1.5030         2.99
      1.5040         2.91
      1.5050         2.95
      1.5060         3.02
      1.5070         3.07
      1.5080         3.15
      1.5090         3.10
      1.5100         3.18
      1.5110         3.14
      1.5120         3.22
      1.5130         3.26
      1.5140         3.28
      1.5150         3.36
      1.5160         3.47
      1.5170         3.47
      1.5180         3.55
      1.5190         3.47
      1.5200         3.43
      1.5210         3.43
      1.5220         3.45
      1.5230         3.37
      1.5240         3.40
      1.5250         3.39
      1.5260         3.40
      1.5270         3.29
      1.5280         3.20
      1.5290         3.26
      1.5300         3.13
      1.5310         3.13
      1.5320         3.06
      1.5330         3.00
      1.5340         3.02
      1.5350         3.04
      1.5360         3.02
      1.5370         3.08
      1.5380         3.05
      1.5390         3.21
      1.5400         3.34
      1.5410         3.44
      1.5420         3.43
      1.5430         3.45
      1.5440         3.52
      1.5450         3.53
      1.5460         3.43
      1.5470         3.51
      1.5480         3.55
      1.5490         3.44
      1.5500         3.51
      1.5510         3.52
      1.5520         3.51
      1.5530         3.55
      1.5540         3.52
      1.5550         3.46
      1.5560         3.47
      1.5570         3.44
      1.5580         3.50
      1.5590         3.42
      1.5600         3.37
      1.5610         3.36
      1.5620         3.39
      1.5630         3.36
      1.5640         3.31
      1.5650         3.25
      1.5660         3.35
      1.5670         3.27
      1.5680         3.36
      1.5690         3.40
      1.5700         3.40
      1.5710         3.39
      1.5720         3.45
      1.5730         3.53
      1.5740         3.53
      1.5750         3.54
      1.5760         3.49
      1.5770         3.45
      1.5780         3.36
      1.5790         3.36
      1.5800         3.32
      1.5810         3.28
      1.5820         3.26
      1.5830         3.28
      1.5840         3.21
      1.5850         3.12
      1.5860         3.05
      1.5870         3.12
      1.5880         2.99
      1.5890         3.02
      1.5900         3.01
      1.5910         2.98
      1.5920         2.91
      1.5930         2.90
      1.5940         2.93
      1.5950         2.97
      1.5960         3.05
      1.5970         3.14
      1.5980         3.20
      1.5990         3.21
      1.6000         3.29
      1.6010         3.29
      1.6020         3.23
      1.6030         3.26
      1.6040         3.29
      1.6050         3.38
      1.6060         3.39
      1.6070         3.31
      1.6080         3.34
      1.6090         3.31
      1.6100         3.30
      1.6110         3.34
      1.6120         3.25
      1.6130         3.28
      1.6140         3.25
      1.6150         3.18
      1.6160         3.16
      1.6170         3.08
      1.6180         3.14
      1.6190         3.12
      1.6200         3.08
      1.6210         3.10
      1.6220         3.16
      1.6230         3.14
      1.6240         3.23
      1.6250         3.32
      1.6260         3.37
      1.6270         3.44
      1.6280         3.44
      1.6290         3.51
      1.6300         3.48
      1.6310         3.43
      1.6320         3.53
      1.6330         3.51
      1.6340         3.48
      1.6350         3.55
      1.6360         3.53
      1.6370         3.60
      1.6380         3.47
      1.6390         3.48
      1.6400         3.47
      1.6410         3.49
      1.6420         3.52
      1.6430         3.57
      1.6440         3.52
      1.6450         3.44
      1.6460         3.35
      1.6470         3.29
      1.6480         3.27
      1.6490         3.24
      1.6500         3.27
      1.6510         3.39
      1.6520         3.35
      1.6530         3.28
      1.6540         3.35
      1.6550         3.36
      1.6560         3.41
      1.6570         3.39
      1.6580         3.49
      1.6590         3.51
      1.6600         3.56
      1.6610         3.53
      1.6620         3.49
      1.6630         3.49
      1.6640         3.52
      1.6650         3.55
      1.6660         3.60
      1.6670         3.63
      1.6680         3.58
      1.6690         3.55
      1.6700         3.60
      1.6710         3.46
      1.6720         3.46
      1.6730         3.49
      1.6740         3.41
      1.6750         3.37
      1.6760         3.23
      1.6770         3.16
      1.6780         3.12
      1.6790         3.11
      1.6800         3.08
      1.6810         3.07
      1.6820         3.10
      1.6830         3.11
      1.6840         3.08
      1.6850         3.04
      1.6860         3.04
      1.6870         3.07
      1.6880         3.26
      1.6890         3.24
      1.6900         3.24
      1.6910         3.28
      1.6920         3.30
      1.6930         3.26
      1.6940         3.31
      1.6950         3.30
      1.6960         3.41
      1.6970         3.45
      1.6980         3.42
      1.6990         3.38
      1.7000         3.31
      1.7010         3.28
      1.7020         3.24
      1.7030         3.15
      1.7040         3.15
      1.7050         3.14
      1.7060         3.18
      1.7070         3.26
      1.7080         3.08
      1.7090         3.08
      1.7100         3.14
      1.7110         3.16
      1.7120         3.25
      1.7130         3.30
      1.7140         3.33
      1.7150         3.38
      1.7160         3.38
      1.7170         3.39
      1.7180         3.41
      1.7190         3.45
      1.7200         3.50
      1.7210         3.53
      1.7220         3.51
      1.7230         3.55
      1.7240         3.55
      1.7250         3.55
      1.7260         3.42
      1.7270         3.31
      1.7280         3.45
      1.7290         3.39
      1.7300         3.27
      1.7310         3.23
      1.7320         3.10
      1.7330         3.02
      1.7340         3.01
      1.7350         3.03
      1.7360         2.97
      1.7370         3.01
      1.7380         3.01
      1.7390         3.03
      1.7400         2.98
      1.7410         2.91
      1.7420         2.97
      1.7430         3.05
      1.7440         3.06
      1.7450         3.06
      1.7460         3.15
      1.7470         3.15
      1.7480         3.09
      1.7490         3.18
      1.7500         3.17
      1.7510         3.17
      1.7520         3.22
      1.7530         3.27
      1.7540         3.27
      1.7550         3.31
      1.7560         3.37
      1.7570         3.27
      1.7580         3.27
      1.7590         3.23
      1.7600         3.27
      1.7610         3.27
      1.7620         3.27
      1.7630         3.19
      1.7640         3.17
      1.7650         3.17
      1.7660         3.15
      1.7670         3.19
      1.7680         3.22
      1.7690         3.25
      1.7700         3.25
      1.7710         3.31
      1.7720         3.33
      1.7730         3.38
      1.7740         3.31
      1.7750         3.31
      1.7760         3.31
      1.7770         3.41
      1.7780         3.37
      1.7790         3.33
      1.7800         3.34
      1.7810         3.42
      1.7820         3.42
      1.7830         3.48
      1.7840         3.50
      1.7850         3.57
      1.7860         3.50
      1.7870         3.43
      1.7880         3.38
      1.7890         3.28
      1.7900         3.28
      1.7910         3.19
      1.7920         3.21
      1.7930         3.13
      1.7940         3.18
      1.7950         3.09
      1.7960         3.11
      1.7970         3.05
      1.7980         3.14
      1.7990         3.17
      1.8000         3.19
      1.8010         3.18
      1.8020         3.13
      1.8030         3.11
      1.8040         3.15
      1.8050         3.17
      1.8060         3.23
      1.8070         3.27
      1.8080         3.35
      1.8090         3.43
      1.8100         3.43
      1.8110         3.51
      1.8120         3.51
      1.8130         3.51
      1.8140         3.51
      1.8150         3.51
      1.8160         3.51
      1.8170         3.51
      1.8180         3.46
      1.8190         3.46
      1.8200         3.42
      1.8210         3.39
      1.8220         3.41
      1.8230         3.37
      1.8240         3.34
      1.8250         3.30
      1.8260         3.33
      1.8270         3.36
      1.8280         3.34
      1.8290         3.33
      1.8300         3.37
      1.8310         3.37
      1.8320         3.44
      1.8330         3.52
      1.8340         3.56
      1.8350         3.62
      1.8360         3.56
      1.8370         3.62
      1.8380         3.65
      1.8390         3.69
      1.8400         3.78
      1.8410         3.85
      1.8420         3.84
      1.8430         3.83
      1.8440         3.82
      1.8450         3.75
      1.8460         3.67
      1.8470         3.66
      1.8480         3.63
      1.8490         3.58
      1.8500         3.57
      1.8510         3.49
      1.8520         3.38
      1.8530         3.31
      1.8540         3.27
      1.8550         3.19
      1.8560         3.25
      1.8570         3.23
      1.8580         3.26
      1.8590         3.30
      1.8600         3.21
      1.8610         3.18
      1.8620         3.23
      1.8630         3.29
      1.8640         3.29
      1.8650         3.38
      1.8660         3.43
      1.8670         3.46
      1.8680         3.43
      1.8690         3.53
      1.8700         3.57
      1.8710         3.67
      1.8720         3.70
      1.8730         3.73
      1.8740         3.67
      1.8750         3.66
      1.8760         3.60
      1.8770         3.60
      1.8780         3.63
      1.8790         3.56
      1.8800         3.54
      1.8810         3.50
      1.8820         3.49
      1.8830         3.43
      1.8840         3.42
      1.8850         3.43
      1.8860         3.45
      1.8870         3.41
      1.8880         3.46
      1.8890         3.35
      1.8900         3.33
      1.8910         3.29
      1.8920         3.36
      1.8930         3.41
      1.8940         3.42
      1.8950         3.44
      1.8960         3.46
      1.8970         3.40
      1.8980         3.32
      1.8990         3.34
      1.9000         3.26
      1.9010         3.30
      1.9020         3.25
      1.9030         3.21
      1.9040         3.14
      1.9050         3.15
      1.9060         3.15
      1.9070         3.11
      1.9080         3.11
      1.9090         3.11
      1.9100         3.06
      1.9110         2.98
      1.9120         2.91
      1.9130         2.90
      1.9140         3.01
      1.9150         2.99
      1.9160         3.03
      1.9170         3.10
      1.9180         3.14
      1.9190         3.10
      1.9200         3.34
      1.9210         3.44
      1.9220         3.53
      1.9230         3.57
      1.9240         3.73
      1.9250         3.66
      1.9260         3.65
      1.9270         3.70
      1.9280         3.70
      1.9290         3.66
      1.9300         3.69
      1.9310         3.77
      1.9320         3.70
      1.9330         3.68
      1.9340         3.60
      1.9350         3.53
      1.9360         3.43
      1.9370         3.39
      1.9380         3.38
      1.9390         3.37
      1.9400         3.23
      1.9410         3.11
      1.9420         3.07
      1.9430         3.06
      1.9440         3.02
      1.9450         3.06
      1.9460         3.09
      1.9470         3.11
      1.9480         3.11
      1.9490         3.21
      1.9500         3.25
      1.9510         3.21
      1.9520         3.19
      1.9530         3.17
      1.9540         3.21
      1.9550         3.33
      1.9560         3.32
      1.9570         3.40
      1.9580         3.37
      1.9590         3.46
      1.9600         3.46
      1.9610         3.50
      1.9620         3.49
      1.9630         3.45
      1.9640         3.42
      1.9650         3.46
      1.9660         3.46
      1.9670         3.40
      1.9680         3.45
      1.9690         3.41
      1.9700         3.34
      1.9710         3.44
      1.9720         3.53
      1.9730         3.55
      1.9740         3.49
      1.9750         3.45
      1.9760         3.51
      1.9770         3.48
      1.9780         3.49
      1.9790         3.47
      1.9800         3.48
      1.9810         3.37
      1.9820         3.39
      1.9830         3.41
      1.9840         3.45
      1.9850         3.47
      1.9860         3.48
      1.9870         3.57
      1.9880         3.49
      1.9890         3.52
      1.9900         3.53
      1.9910         3.46
      1.9920         3.49
      1.9930         3.52
      1.9940         3.54
      1.9950         3.57
      1.9960         3.57
      1.9970         3.56
      1.9980         3.60
      1.9990         3.57
      2.0000         3.60
      2.0010         3.72
      2.0020         3.72
      2.0030         3.76
      2.0040         3.77
      2.0050         3.70
      2.0060         3.66
      2.0070         3.60
      2.0080         3.56
      2.0090         3.52
      2.0100         3.61
      2.0110         3.69
      2.0120         3.65
      2.0130         3.58
      2.0140         3.58
      2.0150         3.60
      2.0160         3.62
      2.0170         3.65
      2.0180         3.61
      2.0190         3.50
      2.0200         3.48
      2.0210         3.38
      2.0220         3.24
      2.0230         3.25
      2.0240         3.14
      2.0250         3.08
      2.0260         3.05
      2.0270         3.02
      2.0280         3.12
      2.0290         3.14
      2.0300         3.08
      2.0310         3.00
      2.0320         2.93
      2.0330         2.96
      2.0340         2.92
      2.0350         2.90
      2.0360         2.92
      2.0370         2.86
      2.0380         2.90
      2.0390         3.06
      2.0400         3.05
      2.0410         3.09
      2.0420         3.26
      2.0430         3.20
      2.0440         3.20
      2.0450         3.28
      2.0460         3.29
      2.0470         3.25
      2.0480         3.18
      2.0490         3.17
      2.0500         3.21
      2.0510         3.25
      2.0520         3.30
      2.0530         3.32
      2.0540         3.40
      2.0550         3.37
      2.0560         3.36
      2.0570         3.38
      2.0580         3.29
      2.0590         3.20
      2.0600         3.21
      2.0610         3.28
      2.0620         3.28
      2.0630         3.34
      2.0640         3.37
      2.0650         3.39
      2.0660         3.45
      2.0670         3.57
      2.0680         3.60
      2.0690         3.71
      2.0700         3.72
      2.0710         3.71
      2.0720         3.73
      2.0730         3.75
      2.0740         3.65
      2.0750         3.69
      2.0760         3.63
      2.0770         3.60
      2.0780         3.68
      2.0790         3.75
      2.0800         3.76
      2.0810         3.64
      2.0820         3.64
      2.0830         3.58
      2.0840         3.56
      2.0850         3.53
      2.0860         3.48
      2.0870         3.44
      2.0880         3.51
      2.0890         3.44
      2.0900         3.43
      2.0910         3.47
      2.0920         3.47
      2.0930         3.52
      2.0940         3.63
      2.0950         3.68
      2.0960         3.76
      2.0970         3.78
      2.0980         3.76
      2.0990         3.72
      2.1000         3.75
      2.1010         3.79
      2.1020         3.75
      2.1030         3.80
      2.1040         3.83
      2.1050         3.76
      2.1060         3.72
      2.1070         3.71
      2.1080         3.64
      2.1090         3.64
      2.1100         3.56
      2.1110         3.47
      2.1120         3.44
      2.1130         3.36
      2.1140         3.37
      2.1150         3.23
      2.1160         3.25
      2.1170         3.17
      2.1180         3.21
      2.1190         3.16
      2.1200         3.12
      2.1210         3.13
      2.1220         3.15
      2.1230         3.20
      2.1240         3.31
      2.1250         3.41
      2.1260         3.48
      2.1270         3.55
      2.1280         3.54
      2.1290         3.54
      2.1300         3.67
      2.1310         3.75
      2.1320         3.82
      2.1330         3.90
      2.1340         3.88
      2.1350         3.94
      2.1360         3.80
      2.1370         3.84
      2.1380         3.80
      2.1390         3.78
      2.1400         3.81
      2.1410         3.85
      2.1420         3.70
      2.1430         3.57
      2.1440         3.47
      2.1450         3.34
      2.1460         3.35
      2.1470         3.26
      2.1480         3.27
      2.1490         3.26
      2.1500         3.21
      2.1510         3.25
      2.1520         3.19
      2.1530         3.14
      2.1540         3.07
      2.1550         3.10
      2.1560         3.19
      2.1570         3.26
      2.1580         3.26
      2.1590         3.37
      2.1600         3.33
      2.1610         3.29
      2.1620         3.41
      2.1630         3.53
      2.1640         3.51
      2.1650         3.58
      2.1660         3.54
      2.1670         3.54
      2.1680         3.53
      2.1690         3.46
      2.1700         3.37
      2.1710         3.24
      2.1720         3.24
      2.1730         3.18
      2.1740         3.16
      2.1750         3.16
      2.1760         3.13
      2.1770         3.13
      2.1780         3.14
      2.1790         3.10
      2.1800         3.14
      2.1810         3.18
      2.1820         3.18
      2.1830         3.09
      2.1840         3.10
      2.1850         3.14
      2.1860         3.15
      2.1870         3.21
      2.1880         3.15
      2.1890         3.25
      2.1900         3.29
      2.1910         3.34
      2.1920         3.30
      2.1930         3.33
      2.1940         3.30
      2.1950         3.23
      2.1960         3.29
      2.1970         3.26
      2.1980         3.32
      2.1990         3.26
      2.2000         3.17
      2.2010         3.15
      2.2020         3.11
      2.2030         3.15
      2.2040         3.18
      2.2050         3.10
      2.2060         3.21
      2.2070         3.22
      2.2080         3.26
      2.2090         3.27
      2.2100         3.34
      2.2110         3.42
      2.2120         3.47
      2.2130         3.51
      2.2140         3.59
      2.2150         3.74
      2.2160         3.78
      2.2170         3.72
      2.2180         3.69
      2.2190         3.81
      2.2200         3.81
      2.2210         3.82
      2.2220         3.89
      2.2230         3.92
      2.2240         3.88
      2.2250         3.98
      2.2260         3.81
      2.2270         3.77
      2.2280         3.69
      2.2290         3.60
      2.2300         3.54
      2.2310         3.45
      2.2320         3.46
      2.2330         3.49
      2.2340         3.44
      2.2350         3.34
      2.2360         3.27
      2.2370         3.38
      2.2380         3.46
      2.2390         3.50
      2.2400         3.58
      2.2410         3.58
      2.2420         3.58
      2.2430         3.59
      2.2440         3.67
      2.2450         3.63
      2.2460         3.74
      2.2470         3.69
      2.2480         3.82
      2.2490         3.89
      2.2500         3.87
      2.2510         3.90
      2.2520         3.89
      2.2530         3.81
      2.2540         3.92
      2.2550         3.89
      2.2560         3.96
      2.2570         3.84
      2.2580         3.62
      2.2590         3.48
      2.2600         3.50
      2.2610         3.46
      2.2620         3.41
      2.2630         3.32
      2.2640         3.26
      2.2650         3.24
      2.2660         3.21
      2.2670         3.30
      2.2680         3.28
      2.2690         3.26
      2.2700         3.33
      2.2710         3.36
      2.2720         3.40
      2.2730         3.52
      2.2740         3.50
      2.2750         3.50
      2.2760         3.38
      2.2770         3.42
      2.2780         3.65
      2.2790         3.76
      2.2800         3.68
      2.2810         3.63
      2.2820         3.68
      2.2830         3.68
      2.2840         3.65
      2.2850         3.73
      2.2860         3.74
      2.2870         3.66
      2.2880         3.57
      2.2890         3.54
      2.2900         3.48
      2.2910         3.38
      2.2920         3.38
      2.2930         3.34
      2.2940         3.33
      2.2950         3.34
      2.2960         3.45
      2.2970         3.52
      2.2980         3.32
      2.2990         3.33
      2.3000         3.41
      2.3010         3.46
      2.3020         3.49
      2.3030         3.57
      2.3040         3.60
      2.3050         3.48
      2.3060         3.45
      2.3070         3.52
      2.3080         3.57
      2.3090         3.66
      2.3100         3.68
      2.3110         3.72
      2.3120         3.58
      2.3130         3.54
      2.3140         3.52
      2.3150         3.46
      2.3160         3.34
      2.3170         3.29
      2.3180         3.34
      2.3190         3.30
      2.3200         3.28
      2.3210         3.32
      2.3220         3.26
      2.3230         3.18
      2.3240         3.22
      2.3250         3.24
      2.3260         3.26
      2.3270         3.26
      2.3280         3.27
      2.3290         3.23
      2.3300         3.25
      2.3310         3.29
      2.3320         3.41
      2.3330         3.42
      2.3340         3.44
      2.3350         3.56
      2.3360         3.69
      2.3370         3.62
      2.3380         3.61
      2.3390         3.61
      2.3400         3.57
      2.3410         3.48
      2.3420         3.46
      2.3430         3.45
      2.3440         3.36
      2.3450         3.37
      2.3460         3.29
      2.3470         3.21
      2.3480         3.18
      2.3490         3.17
      2.3500         3.15
      2.3510         3.15
      2.3520         3.06
      2.3530         3.06
      2.3540         3.05
      2.3550         3.00
      2.3560         2.93
      2.3570         2.95
      2.3580         3.02
      2.3590         3.02
      2.3600         3.02
      2.3610         3.05
      2.3620         3.06
      2.3630         3.17
      2.3640         3.25
      2.3650         3.26
      2.3660         3.31
      2.3670         3.34
      2.3680         3.43
      2.3690         3.47
      2.3700         3.53
      2.3710         3.43
      2.3720         3.51
      2.3730         3.47
      2.3740         3.42
      2.3750         3.46
      2.3760         3.51
      2.3770         3.62
      2.3780         3.58
      2.3790         3.55
      2.3800         3.54
      2.3810         3.56
      2.3820         3.53
      2.3830         3.46
      2.3840         3.46
      2.3850         3.45
      2.3860         3.42
      2.3870         3.46
      2.3880         3.44
      2.3890         3.34
      2.3900         3.29
      2.3910         3.37
      2.3920         3.34
      2.3930         3.41
      2.3940         3.42
      2.3950         3.40
      2.3960         3.32
      2.3970         3.36
      2.3980         3.29
      2.3990         3.28
      2.4000         3.30
      2.4010         3.30
      2.4020         3.28
      2.4030         3.32
      2.4040         3.26
      2.4050         3.37
      2.4060         3.41
      2.4070         3.45
      2.4080         3.33
      2.4090         3.34
      2.4100         3.36
      2.4110         3.36
      2.4120         3.38
      2.4130         3.40
      2.4140         3.40
      2.4150         3.40
      2.4160         3.48
      2.4170         3.44
      2.4180         3.56
      2.4190         3.63
      2.4200         3.65
      2.4210         3.64
      2.4220         3.65
      2.4230         3.68
      2.4240         3.68
      2.4250         3.60
      2.4260         3.61
      2.4270         3.54
      2.4280         3.68
      2.4290         3.72
      2.4300         3.69
      2.4310         3.58
      2.4320         3.49
      2.4330         3.44
      2.4340         3.42
      2.4350         3.41
      2.4360         3.41
      2.4370         3.38
      2.4380         3.31
      2.4390         3.25
      2.4400         3.22
      2.4410         3.29
      2.4420         3.40
      2.4430         3.30
      2.4440         3.38
      2.4450         3.34
      2.4460         3.40
      2.4470         3.48
      2.4480         3.57
      2.4490         3.65
      2.4500         3.71
      2.4510         3.87
      2.4520         3.93
      2.4530         3.96
      2.4540         3.92
      2.4550         3.89
      2.4560         3.88
      2.4570         3.89
      2.4580         3.95
      2.4590         3.91
      2.4600         3.89
      2.4610         3.85
      2.4620         3.80
      2.4630         3.81
      2.4640         3.69
      2.4650         3.80
      2.4660         3.71
      2.4670         3.69
      2.4680         3.55
      2.4690         3.39
      2.4700         3.40
      2.4710         3.29
      2.4720         3.27
      2.4730         3.23
      2.4740         3.35
      2.4750         3.46
      2.4760         3.50
      2.4770         3.47
      2.4780         3.32
      2.4790         3.38
      2.4800         3.39
      2.4810         3.38
      2.4820         3.42
      2.4830         3.50
      2.4840         3.56
      2.4850         3.42
      2.4860         3.43
      2.4870         3.36
      2.4880         3.40
      2.4890         3.49
      2.4900         3.45
      2.4910         3.43
      2.4920         3.46
      2.4930         3.44
      2.4940         3.40
      2.4950         3.31
      2.4960         3.26
      2.4970         3.26
      2.4980         3.42
      2.4990         3.40
      2.5000         3.42
      2.5010         3.40
      2.5020         3.34
      2.5030         3.28
      2.5040         3.31
      2.5050         3.39
      2.5060         3.37
      2.5070         3.43
      2.5080         3.43
      2.5090         3.46
      2.5100         3.42
      2.5110         3.54
      2.5120         3.63
      2.5130         3.71
      2.5140         3.65
      2.5150         3.66
      2.5160         3.65
      2.5170         3.63
      2.5180         3.57
      2.5190         3.61
      2.5200         3.66
      2.5210         3.67
      2.5220         3.69
      2.5230         3.63
      2.5240         3.58
      2.5250         3.57
      2.5260         3.69
      2.5270         3.77
      2.5280         3.74
      2.5290         3.67
      2.5300         3.70
      2.5310         3.67
      2.5320         3.52
      2.5330         3.48
      2.5340         3.52
      2.5350         3.48
      2.5360         3.52
      2.5370         3.54
      2.5380         3.58
      2.5390         3.61
      2.5400         3.63
      2.5410         3.73
      2.5420         3.73
      2.5430         3.76
      2.5440         3.81
      2.5450         3.79
      2.5460         3.68
      2.5470         3.55
      2.5480         3.56
      2.5490         3.57
      2.5500         3.51
      2.5510         3.45
      2.5520         3.48
      2.5530         3.44
      2.5540         3.52
      2.5550         3.49
      2.5560         3.41
      2.5570         3.31
      2.5580         3.27
      2.5590         3.23
      2.5600         3.13
      2.5610         3.08
      2.5620         3.08
      2.5630         3.12
      2.5640         3.08
      2.5650         3.15
      2.5660         3.21
      2.5670         3.25
      2.5680         3.21
      2.5690         3.25
      2.5700         3.29
      2.5710         3.37
      2.5720         3.44
      2.5730         3.40
      2.5740         3.28
      2.5750         3.28
      2.5760         3.33
      2.5770         3.43
      2.5780         3.36
      2.5790         3.37
      2.5800         3.37
      2.5810         3.36
      2.5820         3.35
      2.5830         3.29
      2.5840         3.32
      2.5850         3.30
      2.5860         3.24
      2.5870         3.28
      2.5880         3.29
      2.5890         3.20
      2.5900         3.22
      2.5910         3.14
      2.5920         3.05
      2.5930         3.08
      2.5940         3.09
      2.5950         3.21
      2.5960         3.13
      2.5970         3.12
      2.5980         3.22
      2.5990         3.26
      2.6000         3.22
      2.6010         3.21
      2.6020         3.28
      2.6030         3.34
      2.6040         3.34
      2.6050         3.28
      2.6060         3.36
      2.6070         3.22
      2.6080         3.22
      2.6090         3.26
      2.6100         3.21
      2.6110         3.20
      2.6120         3.30
      2.6130         3.40
      2.6140         3.46
      2.6150         3.41
      2.6160         3.45
      2.6170         3.45
      2.6180         3.47
      2.6190         3.43
      2.6200         3.52
      2.6210         3.55
      2.6220         3.51
      2.6230         3.49
      2.6240         3.55
      2.6250         3.67
      2.6260         3.65
      2.6270         3.75
      2.6280         3.80
      2.6290         3.84
      2.6300         3.88
      2.6310         3.88
      2.6320         3.77
      2.6330         3.65
      2.6340         3.58
      2.6350         3.58
      2.6360         3.58
      2.6370         3.51
      2.6380         3.47
      2.6390         3.46
      2.6400         3.43
      2.6410         3.30
      2.6420         3.29
      2.6430         3.27
      2.6440         3.12
      2.6450         3.08
      2.6460         3.04
      2.6470         3.03
      2.6480         2.99
      2.6490         2.91
      2.6500         2.94
      2.6510         2.95
      2.6520         3.04
      2.6530         3.12
      2.6540         3.19
      2.6550         3.23
      2.6560         3.27
      2.6570         3.39
      2.6580         3.43
      2.6590         3.46
      2.6600         3.47
      2.6610         3.54
      2.6620         3.62
      2.6630         3.53
      2.6640         3.55
      2.6650         3.51
      2.6660         3.50
      2.6670         3.47
      2.6680         3.51
      2.6690         3.49
      2.6700         3.45
      2.6710         3.46
      2.6720         3.42
      2.6730         3.45
      2.6740         3.33
      2.6750         3.27
      2.6760         3.27
      2.6770         3.25
      2.6780         3.21
      2.6790         3.14
      2.6800         3.15
      2.6810         3.19
      2.6820         3.17
      2.6830         3.25
      2.6840         3.27
      2.6850         3.31
      2.6860         3.33
      2.6870         3.41
      2.6880         3.35
      2.6890         3.47
      2.6900         3.51
      2.6910         3.57
      2.6920         3.61
      2.6930         3.54
      2.6940         3.70
      2.6950         3.70
      2.6960         3.64
      2.6970         3.68
      2.6980         3.58
      2.6990         3.61
      2.7000         3.57
      2.7010         3.54
      2.7020         3.52
      2.7030         3.58
      2.7040         3.59
      2.7050         3.49
      2.7060         3.55
      2.7070         3.48
      2.7080         3.45
      2.7090         3.45
      2.7100         3.47
      2.7110         3.39
      2.7120         3.35
      2.7130         3.48
      2.7140         3.37
      2.7150         3.47
      2.7160         3.52
      2.7170         3.52
      2.7180         3.67
      2.7190         3.61
      2.7200         3.60
      2.7210         3.67
      2.7220         3.67
      2.7230         3.56
      2.7240         3.57
      2.7250         3.64
      2.7260         3.56
      2.7270         3.58
      2.7280         3.65
      2.7290         3.66
      2.7300         3.58
      2.7310         3.65
      2.7320         3.68
      2.7330         3.69
      2.7340         3.77
      2.7350         3.68
      2.7360         3.76
      2.7370         3.74
      2.7380         3.74
      2.7390         3.80
      2.7400         3.84
      2.7410         3.79
      2.7420         3.85
      2.7430         3.89
      2.7440         3.93
      2.7450         3.95
      2.7460         3.97
      2.7470         3.93
      2.7480         3.91
      2.7490         3.83
      2.7500         3.85
      2.7510         3.74
      2.7520         3.74
      2.7530         3.63
      2.7540         3.55
      2.7550         3.55
      2.7560         3.43
      2.7570         3.47
      2.7580         3.39
      2.7590         3.40
      2.7600         3.36
      2.7610         3.37
      2.7620         3.26
      2.7630         3.27
      2.7640         3.21
      2.7650         3.21
      2.7660         3.25
      2.7670         3.29
      2.7680         3.34
      2.7690         3.38
      2.7700         3.48
      2.7710         3.54
      2.7720         3.53
      2.7730         3.53
      2.7740         3.63
      2.7750         3.61
      2.7760         3.61
      2.7770         3.58
      2.7780         3.58
      2.7790         3.66
      2.7800         3.75
      2.7810         3.65
      2.7820         3.68
      2.7830         3.64
      2.7840         3.65
      2.7850         3.64
      2.7860         3.56
      2.7870         3.52
      2.7880         3.45
      2.7890         3.37
      2.7900         3.40
      2.7910         3.37
      2.7920         3.35
      2.7930         3.33
      2.7940         3.25
      2.7950         3.27
      2.7960         3.29
      2.7970         3.25
      2.7980         3.33
      2.7990         3.23
      2.8000         3.16
      2.8010         3.24
      2.8020         3.29
      2.8030         3.35
      2.8040         3.41
      2.8050         3.45
      2.8060         3.52
      2.8070         3.60
      2.8080         3.64
      2.8090         3.78
      2.8100         3.63
      2.8110         3.64
      2.8120         3.66
      2.8130         3.62
      2.8140         3.68
      2.8150         3.66
      2.8160         3.71
      2.8170         3.76
      2.8180         3.67
      2.8190         3.64
      2.8200         3.69
      2.8210         3.76
      2.8220         3.71
      2.8230         3.69
      2.8240         3.67
      2.8250         3.61
      2.8260         3.59
      2.8270         3.51
      2.8280         3.45
      2.8290         3.44
      2.8300         3.59
      2.8310         3.61
      2.8320         3.65
      2.8330         3.68
      2.8340         3.61
      2.8350         3.64
      2.8360         3.57
      2.8370         3.60
      2.8380         3.60
      2.8390         3.58
      2.8400         3.50
      2.8410         3.44
      2.8420         3.51
      2.8430         3.50
      2.8440         3.46
      2.8450         3.40
      2.8460         3.46
      2.8470         3.44
      2.8480         3.48
      2.8490         3.40
      2.8500         3.32
      2.8510         3.35
      2.8520         3.26
      2.8530         3.36
      2.8540         3.39
      2.8550         3.36
      2.8560         3.36
      2.8570         3.32
      2.8580         3.39
      2.8590         3.48
      2.8600         3.55
      2.8610         3.50
      2.8620         3.47
      2.8630         3.51
      2.8640         3.54
      2.8650         3.55
      2.8660         3.44
      2.8670         3.46
      2.8680         3.44
      2.8690         3.47
      2.8700         3.47
      2.8710         3.43
      2.8720         3.47
      2.8730         3.31
      2.8740         3.34
      2.8750         3.36
      2.8760         3.31
      2.8770         3.26
      2.8780         3.20
      2.8790         3.18
      2.8800         3.20
      2.8810         3.18
      2.8820         3.12
      2.8830         3.11
      2.8840         3.14
      2.8850         3.15
      2.8860         3.19
      2.8870         3.22
      2.8880         3.27
      2.8890         3.24
      2.8900         3.26
      2.8910         3.30
      2.8920         3.42
      2.8930         3.51
      2.8940         3.46
      2.8950         3.52
      2.8960         3.58
      2.8970         3.63
      2.8980         3.74
      2.8990         3.78
      2.9000         3.68
      2.9010         3.79
      2.9020         3.82
      2.9030         3.75
      2.9040         3.74
      2.9050         3.72
      2.9060         3.79
      2.9070         3.79
      2.9080         3.71
      2.9090         3.73
      2.9100         3.67
      2.9110         3.67
      2.9120         3.61
      2.9130         3.63
      2.9140         3.68
      2.9150         3.64
      2.9160         3.65
      2.9170         3.70
      2.9180         3.68
      2.9190         3.70
      2.9200         3.67
      2.9210         3.61
      2.9220         3.63
      2.9230         3.71
      2.9240         3.69
      2.9250         3.73
      2.9260         3.63
      2.9270         3.65
      2.9280         3.67
      2.9290         3.61
      2.9300         3.66
      2.9310         3.58
      2.9320         3.49
      2.9330         3.45
      2.9340         3.35
      2.9350         3.31
      2.9360         3.29
      2.9370         3.22
      2.9380         3.19
      2.9390         3.17
      2.9400         3.25
      2.9410         3.22
      2.9420         3.18
      2.9430         3.21
      2.9440         3.23
      2.9450         3.22
      2.9460         3.30
      2.9470         3.31
      2.9480         3.36
      2.9490         3.52
      2.9500         3.48
      2.9510         3.47
      2.9520         3.50
      2.9530         3.58
      2.9540         3.68
      2.9550         3.76
      2.9560         3.80
      2.9570         3.79
      2.9580         3.75
      2.9590         3.67
      2.9600         3.63
      2.9610         3.60
      2.9620         3.56
      2.9630         3.47
      2.9640         3.52
      2.9650         3.56
      2.9660         3.54
      2.9670         3.48
      2.9680         3.43
      2.9690         3.34
      2.9700         3.34
      2.9710         3.51
      2.9720         3.59
      2.9730         3.59
      2.9740         3.60
      2.9750         3.55
      2.9760         3.54
      2.9770         3.52
      2.9780         3.59
      2.9790         3.66
      2.9800         3.76
      2.9810         3.79
      2.9820         3.88
      2.9830         3.99
      2.9840         3.88
      2.9850         3.83
      2.9860         3.82
      2.9870         3.79
      2.9880         3.72
      2.9890         3.72
      2.9900         3.74
      2.9910         3.63
      2.9920         3.56
      2.9930         3.42
      2.9940         3.29
      2.9950         3.29
      2.9960         3.30
      2.9970         3.33
      2.9980         3.18
      2.9990         3.19
