        Time   Palpation Force
      0.0000         1.00
      0.0010         1.00
      0.0020         1.00
      0.0030         1.01
      0.0040         1.19
      0.0050         1.41
      0.0060         1.66
      0.0070         1.84
      0.0080         2.05
      0.0090         2.28
      0.0100         2.53
      0.0110         2.80
      0.0120         2.99
      0.0130         3.21
      0.0140         3.50
      0.0150         3.73
      0.0160         3.99
      0.0170         4.24
      0.0180         4.51
      0.0190         4.80
      0.0200         4.73
      0.0210         4.81
      0.0220         4.82
      0.0230         4.81
      0.0240         4.90
      0.0250         4.90
      0.0260         4.86
      0.0270         4.99
      0.0280         5.02
      0.0290         4.98
      0.0300         5.01
      0.0310         4.97
      0.0320         5.02
      0.0330         4.92
      0.0340         4.86
      0.0350         4.84
      0.0360         4.87
      0.0370         4.91
      0.0380         4.92
      0.0390         4.91
      0.0400         4.94
      0.0410         4.91
      0.0420         4.84
      0.0430         4.83
      0.0440         4.80
      0.0450         4.85
      0.0460         4.86
      0.0470         4.82
      0.0480         4.79
      0.0490         4.86
      0.0500         4.77
      0.0510         4.83
      0.0520         4.82
      0.0530         4.87
      0.0540         4.89
      0.0550         4.90
      0.0560         4.90
      0.0570         4.82
      0.0580         4.84
      0.0590         4.81
      0.0600         4.77
      0.0610         4.70
      0.0620         4.82
      0.0630         4.85
      0.0640         4.86
      0.0650         4.87
      0.0660         4.87
      0.0670         4.84
      0.0680         4.83
      0.0690         4.76
      0.0700         4.84
      0.0710         4.76
      0.0720         4.72
      0.0730         4.80
      0.0740         4.80
      0.0750         4.85
      0.0760         4.89
      0.0770         4.97
      0.0780         4.92
      0.0790         4.97
      0.0800         5.06
      0.0810         5.17
      0.0820         5.02
      0.0830         5.10
      0.0840         5.10
      0.0850         5.05
      0.0860         5.06
      0.0870         5.07
      0.0880         5.06
      0.0890         5.07
      0.0900         5.06
      0.0910         5.06
      0.0920         5.11
      0.0930         5.06
      0.0940         5.03
      0.0950         4.94
      0.0960         4.83
      0.0970         4.75
      0.0980         4.75
      0.0990         4.73
      0.1000         4.71
      0.1010         4.67
      0.1020         4.73
      0.1030         4.69
      0.1040         4.71
      0.1050         4.81
      0.1060         4.79
      0.1070         4.79
      0.1080         4.83
      0.1090         4.90
      0.1100         4.90
      0.1110         4.92
      0.1120         4.94
      0.1130         5.04
      0.1140         5.00
      0.1150         5.05
      0.1160         5.16
      0.1170         5.16
      0.1180         5.10
      0.1190         5.04
      0.1200         4.99
      0.1210         5.02
      0.1220         4.93
      0.1230         4.90
      0.1240         4.88
      0.1250         4.77
      0.1260         4.81
      0.1270         4.76
      0.1280         4.80
      0.1290         4.78
      0.1300         4.77
      0.1310         4.79
      0.1320         4.77
      0.1330         4.75
      0.1340         4.87
      0.1350         4.87
      0.1360         4.79
      0.1370         4.85
      0.1380         4.93
      0.1390         4.99
      0.1400         4.94
      0.1410         4.96
      0.1420         5.03
      0.1430         5.00
      0.1440         5.03
      0.1450         5.12
      0.1460         5.05
      0.1470         5.09
      0.1480         5.08
      0.1490         5.12
      0.1500         5.12
      0.1510         4.98
      0.1520         4.93
      0.1530         4.86
      0.1540         4.80
      0.1550         4.84
      0.1560         4.84
      0.1570         4.81
      0.1580         4.82
      0.1590         4.81
      0.1600         4.74
      0.1610         4.72
      0.1620         4.80
      0.1630         4.77
      0.1640         4.76
      0.1650         4.69
      0.1660         4.83
      0.1670         4.85
      0.1680         4.88
      0.1690         4.91
      0.1700         4.95
      0.1710         5.08
      0.1720         5.11
      0.1730         5.11
      0.1740         5.07
      0.1750         4.99
      0.1760         4.89
      0.1770         4.91
      0.1780         4.86
      0.1790         4.81
      0.1800         4.97
      0.1810         4.93
      0.1820         4.81
      0.1830         4.80
      0.1840         4.74
      0.1850         4.68
      0.1860         4.62
      0.1870         4.56
      0.1880         4.58
      0.1890         4.58
      0.1900         4.50
      0.1910         4.54
      0.1920         4.56
      0.1930         4.53
      0.1940         4.53
      0.1950         4.72
      0.1960         4.92
      0.1970         4.99
      0.1980         5.00
      0.1990         5.03
      0.2000         4.99
      0.2010         5.01
      0.2020         5.16
      0.2030         5.23
      0.2040         5.22
      0.2050         5.28
      0.2060         5.22
      0.2070         5.26
      0.2080         5.10
      0.2090         4.99
      0.2100         5.03
      0.2110         4.95
      0.2120         4.91
      0.2130         5.01
      0.2140         5.05
      0.2150         4.89
      0.2160         4.77
      0.2170         4.63
      0.2180         4.61
      0.2190         4.62
      0.2200         4.60
      0.2210         4.64
      0.2220         4.61
      0.2230         4.59
      0.2240         4.69
      0.2250         4.76
      0.2260         4.81
      0.2270         4.85
      0.2280         5.01
      0.2290         5.09
      0.2300         5.08
      0.2310         5.09
      0.2320         5.07
      0.2330         5.05
      0.2340         5.12
      0.2350         5.11
      0.2360         5.16
      0.2370         5.27
      0.2380         5.29
      0.2390         5.28
      0.2400         5.33
      0.2410         5.32
      0.2420         5.21
      0.2430         5.25
      0.2440         5.23
      0.2450         5.19
      0.2460         5.15
      0.2470         5.07
      0.2480         4.99
      0.2490         4.99
      0.2500         5.04
      0.2510         5.04
      0.2520         5.16
      0.2530         5.18
      0.2540         5.24
      0.2550         5.29
      0.2560         5.22
      0.2570         5.24
      0.2580         5.25
      0.2590         5.18
      0.2600         5.09
      0.2610         5.05
      0.2620         5.12
      0.2630         5.05
      0.2640         4.94
      0.2650         4.88
      0.2660         4.90
      0.2670         4.91
      0.2680         4.89
      0.2690         4.86
      0.2700         4.86
      0.2710         4.88
      0.2720         4.81
      0.2730         4.74
      0.2740         4.58
      0.2750         4.58
      0.2760         4.64
      0.2770         4.57
      0.2780         4.58
      0.2790         4.65
      0.2800         4.64
      0.2810         4.66
      0.2820         4.69
      0.2830         4.81
      0.2840         4.84
      0.2850         4.87
      0.2860         4.91
      0.2870         4.98
      0.2880         5.06
      0.2890         5.04
      0.2900         5.07
      0.2910         5.12
      0.2920         5.11
      0.2930         5.01
      0.2940         5.02
      0.2950         4.96
      0.2960         4.93
      0.2970         4.97
      0.2980         4.93
      0.2990         4.95
      0.3000         4.91
      0.3010         4.91
      0.3020         4.87
      0.3030         4.76
      0.3040         4.81
      0.3050         4.73
      0.3060         4.68
      0.3070         4.61
      0.3080         4.59
      0.3090         4.54
      0.3100         4.44
      0.3110         4.38
      0.3120         4.44
      0.3130         4.48
      0.3140         4.50
      0.3150         4.49
      0.3160         4.45
      0.3170         4.41
      0.3180         4.49
      0.3190         4.49
      0.3200         4.58
      0.3210         4.54
      0.3220         4.55
      0.3230         4.62
      0.3240         4.62
      0.3250         4.63
      0.3260         4.62
      0.3270         4.54
      0.3280         4.52
      0.3290         4.52
      0.3300         4.56
      0.3310         4.53
      0.3320         4.48
      0.3330         4.62
      0.3340         4.62
      0.3350         4.68
      0.3360         4.70
      0.3370         4.73
      0.3380         4.62
      0.3390         4.59
      0.3400         4.58
      0.3410         4.61
      0.3420         4.59
      0.3430         4.53
      0.3440         4.51
      0.3450         4.57
      0.3460         4.66
      0.3470         4.75
      0.3480         4.72
      0.3490         4.78
      0.3500         4.82
      0.3510         4.82
      0.3520         4.84
      0.3530         4.78
      0.3540         4.81
      0.3550         4.78
      0.3560         4.78
      0.3570         4.73
      0.3580         4.81
      0.3590         4.81
      0.3600         4.82
      0.3610         4.75
      0.3620         4.78
      0.3630         4.82
      0.3640         4.85
      0.3650         4.86
      0.3660         4.85
      0.3670         4.83
      0.3680         4.83
      0.3690         4.87
      0.3700         4.90
      0.3710         5.03
      0.3720         5.07
      0.3730         5.01
      0.3740         5.05
      0.3750         5.05
      0.3760         5.15
      0.3770         5.13
      0.3780         5.13
      0.3790         5.12
      0.3800         5.17
      0.3810         5.21
      0.3820         5.20
      0.3830         5.17
      0.3840         5.11
      0.3850         5.09
      0.3860         5.00
      0.3870         4.96
      0.3880         4.99
      0.3890         4.95
      0.3900         4.84
      0.3910         4.71
      0.3920         4.61
      0.3930         4.75
      0.3940         4.69
      0.3950         4.72
      0.3960         4.60
      0.3970         4.75
      0.3980         4.75
      0.3990         4.75
      0.4000         4.74
      0.4010         4.72
      0.4020         4.64
      0.4030         4.67
      0.4040         4.72
      0.4050         4.75
      0.4060         4.73
      0.4070         4.77
      0.4080         4.76
      0.4090         4.76
      0.4100         4.71
      0.4110         4.73
      0.4120         4.71
      0.4130         4.60
      0.4140         4.68
      0.4150         4.66
      0.4160         4.66
      0.4170         4.44
      0.4180         4.52
      0.4190         4.55
      0.4200         4.43
      0.4210         4.46
      0.4220         4.48
      0.4230         4.49
      0.4240         4.54
      0.4250         4.53
      0.4260         4.69
      0.4270         4.70
      0.4280         4.76
      0.4290         4.74
      0.4300         4.82
      0.4310         4.86
      0.4320         4.93
      0.4330         5.00
      0.4340         4.93
      0.4350         5.01
      0.4360         5.08
      0.4370         5.20
      0.4380         5.08
      0.4390         5.13
      0.4400         5.20
      0.4410         5.18
      0.4420         5.18
      0.4430         5.16
      0.4440         5.08
      0.4450         5.06
      0.4460         4.89
      0.4470         4.81
      0.4480         4.83
      0.4490         4.78
      0.4500         4.77
      0.4510         4.75
      0.4520         4.71
      0.4530         4.70
      0.4540         4.67
      0.4550         4.61
      0.4560         4.56
      0.4570         4.61
      0.4580         4.65
      0.4590         4.61
      0.4600         4.58
      0.4610         4.61
      0.4620         4.65
      0.4630         4.68
      0.4640         4.68
      0.4650         4.70
      0.4660         4.81
      0.4670         4.92
      0.4680         4.88
      0.4690         5.00
      0.4700         5.00
      0.4710         4.97
      0.4720         5.05
      0.4730         4.99
      0.4740         4.97
      0.4750         4.95
      0.4760         5.04
      0.4770         4.97
      0.4780         4.92
      0.4790         4.93
      0.4800         4.96
      0.4810         4.99
      0.4820         4.96
      0.4830         4.96
      0.4840         5.00
      0.4850         5.07
      0.4860         5.09
      0.4870         5.10
      0.4880         5.14
      0.4890         5.16
      0.4900         5.18
      0.4910         5.18
      0.4920         5.17
      0.4930         5.17
      0.4940         5.22
      0.4950         5.21
      0.4960         5.18
      0.4970         5.18
      0.4980         5.24
      0.4990         5.22
      0.5000         5.21
      0.5010         5.16
      0.5020         5.09
      0.5030         5.08
      0.5040         5.04
      0.5050         4.86
      0.5060         4.81
      0.5070         4.81
      0.5080         4.72
      0.5090         4.69
      0.5100         4.64
      0.5110         4.67
      0.5120         4.69
      0.5130         4.77
      0.5140         4.71
      0.5150         4.75
      0.5160         4.71
      0.5170         4.69
      0.5180         4.76
      0.5190         4.83
      0.5200         4.84
      0.5210         4.87
      0.5220         4.99
      0.5230         5.00
      0.5240         5.00
      0.5250         5.11
      0.5260         5.04
      0.5270         4.99
      0.5280         5.06
      0.5290         4.94
      0.5300         4.93
      0.5310         4.86
      0.5320         4.78
      0.5330         4.67
      0.5340         4.69
      0.5350         4.71
      0.5360         4.71
      0.5370         4.83
      0.5380         4.80
      0.5390         4.70
      0.5400         4.73
      0.5410         4.72
      0.5420         4.65
      0.5430         4.61
      0.5440         4.69
      0.5450         4.73
      0.5460         4.84
      0.5470         4.88
      0.5480         4.90
      0.5490         4.98
      0.5500         5.00
      0.5510         5.01
      0.5520         5.11
      0.5530         5.15
      0.5540         5.19
      0.5550         5.11
      0.5560         5.09
      0.5570         4.99
      0.5580         4.83
      0.5590         4.86
      0.5600         4.82
      0.5610         4.81
      0.5620         4.80
      0.5630         4.86
      0.5640         4.82
      0.5650         4.73
      0.5660         4.66
      0.5670         4.66
      0.5680         4.62
      0.5690         4.61
      0.5700         4.65
      0.5710         4.73
      0.5720         4.70
      0.5730         4.75
      0.5740         4.82
      0.5750         4.95
      0.5760         4.99
      0.5770         4.99
      0.5780         5.07
      0.5790         5.10
      0.5800         5.11
      0.5810         5.15
      0.5820         5.23
      0.5830         5.20
      0.5840         5.19
      0.5850         5.22
      0.5860         5.18
      0.5870         5.16
      0.5880         5.17
      0.5890         5.10
      0.5900         5.15
      0.5910         5.03
      0.5920         5.01
      0.5930         4.85
      0.5940         4.79
      0.5950         4.70
      0.5960         4.66
      0.5970         4.58
      0.5980         4.54
      0.5990         4.45
      0.6000         4.48
      0.6010         4.52
      0.6020         4.51
      0.6030         4.47
      0.6040         4.44
      0.6050         4.51
      0.6060         4.66
      0.6070         4.67
      0.6080         4.72
      0.6090         4.80
      0.6100         4.80
      0.6110         4.91
      0.6120         4.93
      0.6130         5.03
      0.6140         5.07
      0.6150         5.07
      0.6160         5.10
      0.6170         5.25
      0.6180         5.29
      0.6190         5.32
      0.6200         5.29
      0.6210         5.29
      0.6220         5.25
      0.6230         5.29
      0.6240         5.29
      0.6250         5.26
      0.6260         5.26
      0.6270         5.28
      0.6280         5.25
      0.6290         5.29
      0.6300         5.28
      0.6310         5.29
      0.6320         5.25
      0.6330         5.29
      0.6340         5.30
      0.6350         5.35
      0.6360         5.36
      0.6370         5.39
      0.6380         5.38
      0.6390         5.46
      0.6400         5.41
      0.6410         5.31
      0.6420         5.37
      0.6430         5.35
      0.6440         5.41
      0.6450         5.35
      0.6460         5.23
      0.6470         5.21
      0.6480         5.13
      0.6490         5.05
      0.6500         4.99
      0.6510         5.04
      0.6520         5.04
      0.6530         5.01
      0.6540         5.01
      0.6550         4.95
      0.6560         4.94
      0.6570         4.83
      0.6580         4.88
      0.6590         4.76
      0.6600         4.81
      0.6610         4.88
      0.6620         4.90
      0.6630         4.92
      0.6640         4.93
      0.6650         5.06
      0.6660         5.10
      0.6670         5.11
      0.6680         5.15
      0.6690         5.19
      0.6700         5.16
      0.6710         5.12
      0.6720         5.15
      0.6730         5.13
      0.6740         5.11
      0.6750         5.07
      0.6760         5.08
      0.6770         5.05
      0.6780         4.98
      0.6790         4.97
      0.6800         4.90
      0.6810         4.88
      0.6820         4.76
      0.6830         4.69
      0.6840         4.69
      0.6850         4.56
      0.6860         4.57
      0.6870         4.55
      0.6880         4.52
      0.6890         4.59
      0.6900         4.59
      0.6910         4.48
      0.6920         4.54
      0.6930         4.59
      0.6940         4.59
      0.6950         4.62
      0.6960         4.68
      0.6970         4.74
      0.6980         4.78
      0.6990         4.87
      0.7000         4.84
      0.7010         4.82
      0.7020         4.88
      0.7030         4.91
      0.7040         4.90
      0.7050         4.92
      0.7060         4.91
      0.7070         4.87
      0.7080         4.85
      0.7090         4.64
      0.7100         4.64
      0.7110         4.69
      0.7120         4.75
      0.7130         4.65
      0.7140         4.55
      0.7150         4.52
      0.7160         4.47
      0.7170         4.49
      0.7180         4.45
      0.7190         4.48
      0.7200         4.52
      0.7210         4.54
      0.7220         4.61
      0.7230         4.61
      0.7240         4.64
      0.7250         4.68
      0.7260         4.70
      0.7270         4.77
      0.7280         4.86
      0.7290         5.06
      0.7300         5.05
      0.7310         5.00
      0.7320         5.04
      0.7330         5.01
      0.7340         5.09
      0.7350         5.08
      0.7360         5.01
      0.7370         4.88
      0.7380         4.90
      0.7390         4.80
      0.7400         4.82
      0.7410         4.77
      0.7420         4.76
      0.7430         4.80
      0.7440         4.69
      0.7450         4.60
      0.7460         4.58
      0.7470         4.65
      0.7480         4.60
      0.7490         4.54
      0.7500         4.65
      0.7510         4.74
      0.7520         4.62
      0.7530         4.70
      0.7540         4.70
      0.7550         4.81
      0.7560         4.94
      0.7570         5.01
      0.7580         5.06
      0.7590         5.13
      0.7600         5.18
      0.7610         5.18
      0.7620         5.20
      0.7630         5.12
      0.7640         5.18
      0.7650         5.28
      0.7660         5.19
      0.7670         5.02
      0.7680         5.05
      0.7690         5.06
      0.7700         5.06
      0.7710         5.14
      0.7720         5.20
      0.7730         5.13
      0.7740         5.24
      0.7750         5.29
      0.7760         5.27
      0.7770         5.48
      0.7780         5.64
      0.7790         5.66
      0.7800         5.78
      0.7810         5.94
      0.7820         6.12
      0.7830         6.36
      0.7840         6.49
      0.7850         6.54
      0.7860         6.80
      0.7870         7.12
      0.7880         7.28
      0.7890         7.47
      0.7900         7.63
      0.7910         7.69
      0.7920         7.73
      0.7930         7.99
      0.7940         8.09
      0.7950         8.13
      0.7960         8.24
      0.7970         8.29
      0.7980         8.25
      0.7990         8.32
      0.8000         8.36
      0.8010         8.49
      0.8020         8.37
      0.8030         8.29
      0.8040         8.28
      0.8050         8.59
      0.8060         8.54
      0.8070         8.60
      0.8080         8.67
      0.8090         8.67
      0.8100         8.70
      0.8110         8.74
      0.8120         8.80
      0.8130         9.33
      0.8140         9.51
      0.8150         9.60
      0.8160         9.56
      0.8170         9.52
      0.8180         9.55
      0.8190         9.75
      0.8200         9.80
      0.8210         9.70
      0.8220         9.32
      0.8230         9.37
      0.8240         9.40
      0.8250         9.13
      0.8260         9.16
      0.8270         9.08
      0.8280         9.09
      0.8290         9.01
      0.8300         8.89
      0.8310         8.88
      0.8320         8.91
      0.8330         8.42
      0.8340         8.35
      0.8350         8.30
      0.8360         8.44
      0.8370         8.42
      0.8380         8.54
      0.8390         8.59
      0.8400         8.53
      0.8410         8.61
      0.8420         8.69
      0.8430         9.01
      0.8440         9.10
      0.8450         9.13
      0.8460         9.26
      0.8470         9.22
      0.8480         9.40
      0.8490         9.45
      0.8500         9.54
      0.8510         9.56
      0.8520         9.57
      0.8530        10.08
      0.8540        10.08
      0.8550        10.13
      0.8560        10.02
      0.8570         9.98
      0.8580         9.85
      0.8590         9.70
      0.8600         9.94
      0.8610         9.89
      0.8620         9.67
      0.8630         9.29
      0.8640         9.34
      0.8650         9.51
      0.8660         9.45
      0.8670         9.49
      0.8680         9.30
      0.8690         9.35
      0.8700         9.36
      0.8710         9.59
      0.8720         9.56
      0.8730         9.55
      0.8740         9.71
      0.8750        10.37
      0.8760        10.40
      0.8770        10.12
      0.8780        10.08
      0.8790        10.67
      0.8800        10.01
      0.8810        10.03
      0.8820        10.19
      0.8830        10.16
      0.8840        10.20
      0.8850        10.15
      0.8860        10.11
      0.8870         9.94
      0.8880         9.83
      0.8890         9.72
      0.8900         9.60
      0.8910         9.24
      0.8920         9.22
      0.8930         9.28
      0.8940         9.08
      0.8950         9.07
      0.8960         9.19
      0.8970         9.14
      0.8980         9.71
      0.8990         9.68
      0.9000         9.69
      0.9010         9.64
      0.9020         9.48
      0.9030         9.69
      0.9040         9.57
      0.9050         9.53
      0.9060         9.47
      0.9070         9.52
      0.9080         9.77
      0.9090         9.92
      0.9100        10.07
      0.9110        10.16
      0.9120        10.30
      0.9130        10.22
      0.9140        10.14
      0.9150         9.56
      0.9160         9.32
      0.9170         9.37
      0.9180         9.51
      0.9190         9.56
      0.9200         9.59
      0.9210         9.71
      0.9220         9.83
      0.9230         9.67
      0.9240         9.75
      0.9250         9.79
      0.9260        10.29
      0.9270        10.45
      0.9280        10.33
      0.9290        10.27
      0.9300        10.13
      0.9310        10.24
      0.9320        10.11
      0.9330        10.17
      0.9340        10.19
      0.9350        10.11
      0.9360        10.27
      0.9370        10.18
      0.9380        10.14
      0.9390        10.02
      0.9400         9.58
      0.9410         9.51
      0.9420         9.47
      0.9430         9.55
      0.9440         9.35
      0.9450         9.27
      0.9460         9.33
      0.9470         9.13
      0.9480         9.04
      0.9490         9.16
      0.9500         9.20
      0.9510         9.07
      0.9520         9.40
      0.9530         9.31
      0.9540         9.28
      0.9550         9.25
      0.9560         9.29
      0.9570         9.19
      0.9580         9.20
      0.9590         9.35
      0.9600         9.25
      0.9610         9.12
      0.9620         9.12
      0.9630         9.04
      0.9640         9.13
      0.9650         9.04
      0.9660         8.97
      0.9670         9.15
      0.9680         9.29
      0.9690         9.17
      0.9700         9.06
      0.9710         9.08
      0.9720         8.64
      0.9730         8.73
      0.9740         8.68
      0.9750         8.57
      0.9760         8.49
      0.9770         8.34
      0.9780         8.33
      0.9790         8.06
      0.9800         8.01
      0.9810         8.13
      0.9820         8.01
      0.9830         8.09
      0.9840         8.01
      0.9850         8.25
      0.9860         8.29
      0.9870         8.34
      0.9880         8.13
      0.9890         8.05
      0.9900         8.18
      0.9910         8.33
      0.9920         8.38
      0.9930         8.19
      0.9940         8.14
      0.9950         8.05
      0.9960         7.78
      0.9970         7.85
      0.9980         7.68
      0.9990         7.70
      1.0000         7.70
      1.0010         7.56
      1.0020         7.60
      1.0030         7.39
      1.0040         7.27
      1.0050         7.07
      1.0060         6.95
      1.0070         6.75
      1.0080         6.72
      1.0090         6.59
      1.0100         6.43
      1.0110         6.15
      1.0120         6.08
      1.0130         6.02
      1.0140         6.00
      1.0150         6.12
      1.0160         6.17
      1.0170         6.13
      1.0180         6.12
      1.0190         6.04
      1.0200         5.85
      1.0210         5.74
      1.0220         5.61
      1.0230         5.66
      1.0240         5.65
      1.0250         5.47
      1.0260         5.51
      1.0270         5.45
      1.0280         5.38
      1.0290         5.38
      1.0300         5.44
      1.0310         5.38
      1.0320         5.29
      1.0330         5.19
      1.0340         5.13
      1.0350         4.98
      1.0360         4.90
      1.0370         4.83
      1.0380         4.75
      1.0390         4.79
      1.0400         4.82
      1.0410         4.79
      1.0420         4.83
      1.0430         4.80
      1.0440         4.85
      1.0450         4.99
      1.0460         4.89
      1.0470         4.91
      1.0480         5.01
      1.0490         5.03
      1.0500         5.01
      1.0510         5.09
      1.0520         5.20
      1.0530         5.32
      1.0540         5.30
      1.0550         5.30
      1.0560         5.34
      1.0570         5.35
      1.0580         5.29
      1.0590         5.16
      1.0600         5.15
      1.0610         5.16
      1.0620         5.03
      1.0630         4.96
      1.0640         4.85
      1.0650         4.73
      1.0660         4.76
      1.0670         4.79
      1.0680         4.75
      1.0690         4.76
      1.0700         4.74
      1.0710         4.72
      1.0720         4.70
      1.0730         4.68
      1.0740         4.65
      1.0750         4.70
      1.0760         4.74
      1.0770         4.84
      1.0780         4.86
      1.0790         4.92
      1.0800         4.93
      1.0810         4.94
      1.0820         4.96
      1.0830         5.04
      1.0840         5.05
      1.0850         4.99
      1.0860         4.99
      1.0870         4.97
      1.0880         4.91
      1.0890         4.93
      1.0900         4.81
      1.0910         4.75
      1.0920         4.70
      1.0930         4.73
      1.0940         4.81
      1.0950         4.85
      1.0960         4.70
      1.0970         4.66
      1.0980         4.58
      1.0990         4.57
      1.1000         4.52
      1.1010         4.56
      1.1020         4.57
      1.1030         4.56
      1.1040         4.57
      1.1050         4.67
      1.1060         4.65
      1.1070         4.65
      1.1080         4.68
      1.1090         4.61
      1.1100         4.59
      1.1110         4.59
      1.1120         4.59
      1.1130         4.53
      1.1140         4.55
      1.1150         4.42
      1.1160         4.44
      1.1170         4.34
      1.1180         4.38
      1.1190         4.34
      1.1200         4.34
      1.1210         4.36
      1.1220         4.43
      1.1230         4.37
      1.1240         4.40
      1.1250         4.39
      1.1260         4.44
      1.1270         4.51
      1.1280         4.46
      1.1290         4.55
      1.1300         4.64
      1.1310         4.67
      1.1320         4.71
      1.1330         4.74
      1.1340         4.75
      1.1350         4.93
      1.1360         4.95
      1.1370         5.02
      1.1380         5.02
      1.1390         5.03
      1.1400         5.05
      1.1410         4.99
      1.1420         4.89
      1.1430         4.95
      1.1440         4.94
      1.1450         4.95
      1.1460         4.94
      1.1470         4.77
      1.1480         4.80
      1.1490         4.75
      1.1500         4.68
      1.1510         4.72
      1.1520         4.74
      1.1530         4.75
      1.1540         4.58
      1.1550         4.51
      1.1560         4.56
      1.1570         4.56
      1.1580         4.58
      1.1590         4.56
      1.1600         4.54
      1.1610         4.52
      1.1620         4.59
      1.1630         4.59
      1.1640         4.52
      1.1650         4.48
      1.1660         4.47
      1.1670         4.59
      1.1680         4.64
      1.1690         4.70
      1.1700         4.78
      1.1710         4.78
      1.1720         4.64
      1.1730         4.60
      1.1740         4.75
      1.1750         4.75
      1.1760         4.74
      1.1770         4.69
      1.1780         4.68
      1.1790         4.75
      1.1800         4.78
      1.1810         4.76
      1.1820         4.76
      1.1830         4.67
      1.1840         4.78
      1.1850         4.78
      1.1860         4.75
      1.1870         4.76
      1.1880         4.78
      1.1890         4.80
      1.1900         4.81
      1.1910         4.80
      1.1920         4.88
      1.1930         4.88
      1.1940         4.95
      1.1950         4.94
      1.1960         4.88
      1.1970         4.92
      1.1980         4.93
      1.1990         4.96
      1.2000         5.01
      1.2010         4.99
      1.2020         4.95
      1.2030         4.97
      1.2040         4.84
      1.2050         4.82
      1.2060         4.85
      1.2070         4.72
      1.2080         4.62
      1.2090         4.62
      1.2100         4.58
      1.2110         4.53
      1.2120         4.51
      1.2130         4.45
      1.2140         4.30
      1.2150         4.33
      1.2160         4.34
      1.2170         4.37
      1.2180         4.39
      1.2190         4.47
      1.2200         4.46
      1.2210         4.58
      1.2220         4.50
      1.2230         4.53
      1.2240         4.60
      1.2250         4.67
      1.2260         4.69
      1.2270         4.84
      1.2280         4.89
      1.2290         4.81
      1.2300         4.75
      1.2310         4.76
      1.2320         4.80
      1.2330         4.92
      1.2340         4.96
      1.2350         4.89
      1.2360         4.92
      1.2370         4.86
      1.2380         4.83
      1.2390         4.66
      1.2400         4.51
      1.2410         4.51
      1.2420         4.57
      1.2430         4.53
      1.2440         4.47
      1.2450         4.49
      1.2460         4.45
      1.2470         4.45
      1.2480         4.37
      1.2490         4.43
      1.2500         4.63
      1.2510         4.76
      1.2520         4.94
      1.2530         5.08
      1.2540         5.28
      1.2550         5.47
      1.2560         5.66
      1.2570         5.85
      1.2580         6.04
      1.2590         6.12
      1.2600         6.33
      1.2610         6.37
      1.2620         6.49
      1.2630         6.60
      1.2640         6.79
      1.2650         6.85
      1.2660         6.93
      1.2670         7.01
      1.2680         7.19
      1.2690         7.15
      1.2700         7.16
      1.2710         7.13
      1.2720         7.01
      1.2730         6.92
      1.2740         6.79
      1.2750         6.84
      1.2760         6.85
      1.2770         6.87
      1.2780         6.86
      1.2790         6.99
      1.2800         7.07
      1.2810         7.08
      1.2820         7.16
      1.2830         7.31
      1.2840         7.33
      1.2850         7.36
      1.2860         7.40
      1.2870         7.45
      1.2880         7.48
      1.2890         7.56
      1.2900         7.54
      1.2910         7.54
      1.2920         7.65
      1.2930         7.74
      1.2940         7.82
      1.2950         7.85
      1.2960         7.86
      1.2970         7.86
      1.2980         7.90
      1.2990         7.91
      1.3000         7.89
      1.3010         7.85
      1.3020         7.89
      1.3030         7.82
      1.3040         7.79
      1.3050         7.79
      1.3060         7.75
      1.3070         7.67
      1.3080         7.66
      1.3090         7.72
      1.3100         7.86
      1.3110         8.00
      1.3120         8.40
      1.3130         8.49
      1.3140         8.61
      1.3150         8.49
      1.3160         8.44
      1.3170         8.41
      1.3180         8.40
      1.3190         8.36
      1.3200         8.35
      1.3210         8.37
      1.3220         8.31
      1.3230         8.32
      1.3240         8.36
      1.3250         7.89
      1.3260         7.93
      1.3270         7.99
      1.3280         8.06
      1.3290         8.09
      1.3300         7.98
      1.3310         7.93
      1.3320         8.08
      1.3330         8.02
      1.3340         8.00
      1.3350         8.09
      1.3360         8.17
      1.3370         8.78
      1.3380         8.80
      1.3390         8.94
      1.3400         9.01
      1.3410         9.01
      1.3420         9.13
      1.3430         9.17
      1.3440         9.20
      1.3450         9.28
      1.3460         9.32
      1.3470         9.45
      1.3480         9.45
      1.3490         9.40
      1.3500         9.51
      1.3510         9.59
      1.3520         9.61
      1.3530         9.55
      1.3540         9.60
      1.3550         9.60
      1.3560         9.58
      1.3570         9.54
      1.3580         9.59
      1.3590         9.67
      1.3600         9.81
      1.3610         9.99
      1.3620        10.11
      1.3630        10.27
      1.3640        10.45
      1.3650        10.54
      1.3660        10.74
      1.3670        10.89
      1.3680        11.01
      1.3690        11.18
      1.3700        11.29
      1.3710        11.38
      1.3720        11.51
      1.3730        11.70
      1.3740        11.75
      1.3750        11.85
      1.3760        12.02
      1.3770        12.18
      1.3780        12.21
      1.3790        12.12
      1.3800        12.12
      1.3810        12.11
      1.3820        12.14
      1.3830        12.10
      1.3840        12.14
      1.3850        12.21
      1.3860        12.26
      1.3870        12.30
      1.3880        12.40
      1.3890        12.46
      1.3900        12.46
      1.3910        12.49
      1.3920        12.57
      1.3930        12.72
      1.3940        12.91
      1.3950        13.06
      1.3960        13.25
      1.3970        13.35
      1.3980        13.63
      1.3990        13.82
      1.4000        13.93
      1.4010        14.12
      1.4020        14.28
      1.4030        14.37
      1.4040        14.49
      1.4050        14.54
      1.4060        14.69
      1.4070        14.70
      1.4080        14.66
      1.4090        14.69
      1.4100        14.75
      1.4110        14.87
      1.4120        14.83
      1.4130        14.84
      1.4140        14.79
      1.4150        14.95
      1.4160        14.81
      1.4170        14.82
      1.4180        14.83
      1.4190        15.04
      1.4200        15.10
      1.4210        15.20
      1.4220        15.14
      1.4230        15.30
      1.4240        15.31
      1.4250        15.46
      1.4260        15.51
      1.4270        15.65
      1.4280        15.86
      1.4290        16.01
      1.4300        16.17
      1.4310        16.29
      1.4320        16.55
      1.4330        16.65
      1.4340        16.74
      1.4350        16.71
      1.4360        16.92
      1.4370        17.08
      1.4380        17.06
      1.4390        17.05
      1.4400        17.15
      1.4410        17.13
      1.4420        17.22
      1.4430        17.25
      1.4440        17.29
      1.4450        17.29
      1.4460        17.41
      1.4470        17.44
      1.4480        17.56
      1.4490        17.65
      1.4500        17.74
      1.4510        17.85
      1.4520        17.85
      1.4530        17.83
      1.4540        17.99
      1.4550        18.07
      1.4560        18.23
      1.4570        18.28
      1.4580        18.48
      1.4590        18.46
      1.4600        18.54
      1.4610        18.64
      1.4620        18.73
      1.4630        18.86
      1.4640        19.02
      1.4650        19.07
      1.4660        18.99
      1.4670        19.08
      1.4680        19.13
      1.4690        19.14
      1.4700        19.06
      1.4710        19.10
      1.4720        19.19
      1.4730        19.29
      1.4740        19.35
      1.4750        19.40
      1.4760        19.35
      1.4770        19.39
      1.4780        19.36
      1.4790        19.51
      1.4800        19.41
      1.4810        19.53
      1.4820        19.73
      1.4830        19.87
      1.4840        20.06
      1.4850        20.27
      1.4860        20.43
      1.4870        20.54
      1.4880        20.62
      1.4890        20.70
      1.4900        20.99
      1.4910        21.12
      1.4920        21.15
      1.4930        21.23
      1.4940        21.23
      1.4950        21.31
      1.4960        21.32
      1.4970        21.38
      1.4980        21.51
      1.4990        21.52
      1.5000        21.75
      1.5010        21.67
      1.5020        21.53
      1.5030        21.54
      1.5040        21.41
      1.5050        21.37
      1.5060        21.42
      1.5070        21.50
      1.5080        21.57
      1.5090        21.69
      1.5100        21.70
      1.5110        21.58
      1.5120        21.71
      1.5130        21.83
      1.5140        22.01
      1.5150        22.06
      1.5160        22.14
      1.5170        22.26
      1.5180        22.34
      1.5190        22.36
      1.5200        22.34
      1.5210        22.49
      1.5220        22.55
      1.5230        22.53
      1.5240        22.56
      1.5250        22.62
      1.5260        22.62
      1.5270        22.53
      1.5280        22.52
      1.5290        22.44
      1.5300        22.37
      1.5310        22.51
      1.5320        22.43
      1.5330        22.35
      1.5340        22.26
      1.5350        22.32
      1.5360        22.32
      1.5370        22.31
      1.5380        22.28
      1.5390        22.40
      1.5400        22.56
      1.5410        22.64
      1.5420        22.68
      1.5430        22.75
      1.5440        22.92
      1.5450        23.00
      1.5460        23.07
      1.5470        23.15
      1.5480        23.23
      1.5490        23.28
      1.5500        23.26
      1.5510        23.29
      1.5520        23.33
      1.5530        23.45
      1.5540        23.50
      1.5550        23.48
      1.5560        23.59
      1.5570        23.52
      1.5580        23.56
      1.5590        23.55
      1.5600        23.47
      1.5610        23.45
      1.5620        23.63
      1.5630        23.64
      1.5640        23.61
      1.5650        23.64
      1.5660        23.66
      1.5670        23.68
      1.5680        23.73
      1.5690        23.89
      1.5700        24.12
      1.5710        24.21
      1.5720        24.30
      1.5730        24.37
      1.5740        24.49
      1.5750        24.61
      1.5760        24.61
      1.5770        24.69
      1.5780        24.77
      1.5790        24.86
      1.5800        25.02
      1.5810        25.10
      1.5820        24.96
      1.5830        24.91
      1.5840        24.92
      1.5850        24.87
      1.5860        24.89
      1.5870        24.97
      1.5880        24.94
      1.5890        24.87
      1.5900        24.82
      1.5910        24.88
      1.5920        24.97
      1.5930        24.97
      1.5940        25.01
      1.5950        24.89
      1.5960        24.96
      1.5970        24.99
      1.5980        24.93
      1.5990        25.02
      1.6000        25.06
      1.6010        25.15
      1.6020        25.35
      1.6030        25.50
      1.6040        25.56
      1.6050        25.70
      1.6060        25.79
      1.6070        25.90
      1.6080        26.02
      1.6090        26.06
      1.6100        26.11
      1.6110        26.01
      1.6120        26.01
      1.6130        26.01
      1.6140        26.01
      1.6150        25.97
      1.6160        25.99
      1.6170        26.05
      1.6180        26.08
      1.6190        25.98
      1.6200        25.79
      1.6210        25.70
      1.6220        25.65
      1.6230        25.69
      1.6240        25.69
      1.6250        25.72
      1.6260        25.68
      1.6270        25.66
      1.6280        25.61
      1.6290        25.71
      1.6300        25.73
      1.6310        25.90
      1.6320        25.78
      1.6330        25.80
      1.6340        25.88
      1.6350        26.03
      1.6360        26.09
      1.6370        26.13
      1.6380        26.22
      1.6390        26.20
      1.6400        26.43
      1.6410        26.48
      1.6420        26.48
      1.6430        26.43
      1.6440        26.34
      1.6450        26.37
      1.6460        26.40
      1.6470        26.33
      1.6480        26.37
      1.6490        26.37
      1.6500        26.37
      1.6510        26.30
      1.6520        26.40
      1.6530        26.38
      1.6540        26.34
      1.6550        26.41
      1.6560        26.33
      1.6570        26.46
      1.6580        26.38
      1.6590        26.42
      1.6600        26.35
      1.6610        26.42
      1.6620        26.44
      1.6630        26.48
      1.6640        26.66
      1.6650        26.68
      1.6660        26.64
      1.6670        26.66
      1.6680        26.54
      1.6690        26.50
      1.6700        26.48
      1.6710        26.40
      1.6720        26.46
      1.6730        26.51
      1.6740        26.43
      1.6750        26.39
      1.6760        26.38
      1.6770        26.21
      1.6780        26.34
      1.6790        26.38
      1.6800        26.27
      1.6810        26.22
      1.6820        26.15
      1.6830        26.22
      1.6840        26.24
      1.6850        26.16
      1.6860        26.21
      1.6870        26.21
      1.6880        26.36
      1.6890        26.42
      1.6900        26.50
      1.6910        26.61
      1.6920        26.62
      1.6930        26.72
      1.6940        26.77
      1.6950        26.85
      1.6960        26.85
      1.6970        26.93
      1.6980        26.92
      1.6990        27.07
      1.7000        27.21
      1.7010        27.24
      1.7020        27.45
      1.7030        27.37
      1.7040        27.24
      1.7050        27.28
      1.7060        27.27
      1.7070        27.34
      1.7080        27.38
      1.7090        27.43
      1.7100        27.50
      1.7110        27.49
      1.7120        27.50
      1.7130        27.55
      1.7140        27.65
      1.7150        27.67
      1.7160        27.85
      1.7170        27.80
      1.7180        27.82
      1.7190        27.78
      1.7200        27.84
      1.7210        27.94
      1.7220        27.82
      1.7230        27.90
      1.7240        28.11
      1.7250        28.06
      1.7260        28.14
      1.7270        28.15
      1.7280        28.08
      1.7290        27.99
      1.7300        27.84
      1.7310        27.89
      1.7320        27.86
      1.7330        27.84
      1.7340        27.81
      1.7350        27.78
      1.7360        27.64
      1.7370        27.68
      1.7380        27.72
      1.7390        27.73
      1.7400        27.65
      1.7410        27.65
      1.7420        27.66
      1.7430        27.77
      1.7440        27.78
      1.7450        27.90
      1.7460        27.94
      1.7470        28.00
      1.7480        28.07
      1.7490        28.16
      1.7500        28.26
      1.7510        28.32
      1.7520        28.32
      1.7530        28.23
      1.7540        28.23
      1.7550        28.21
      1.7560        28.20
      1.7570        28.21
      1.7580        28.20
      1.7590        28.13
      1.7600        28.11
      1.7610        27.92
      1.7620        27.91
      1.7630        27.68
      1.7640        27.59
      1.7650        27.50
      1.7660        27.40
      1.7670        27.28
      1.7680        27.22
      1.7690        26.96
      1.7700        26.90
      1.7710        26.79
      1.7720        26.79
      1.7730        26.79
      1.7740        26.79
      1.7750        26.80
      1.7760        26.90
      1.7770        26.90
      1.7780        26.80
      1.7790        26.78
      1.7800        26.80
      1.7810        26.84
      1.7820        26.71
      1.7830        26.72
      1.7840        26.60
      1.7850        26.52
      1.7860        26.53
      1.7870        26.58
      1.7880        26.60
      1.7890        26.68
      1.7900        26.69
      1.7910        26.58
      1.7920        26.44
      1.7930        26.31
      1.7940        26.13
      1.7950        26.04
      1.7960        25.87
      1.7970        25.75
      1.7980        25.69
      1.7990        25.59
      1.8000        25.33
      1.8010        25.28
      1.8020        25.33
      1.8030        25.34
      1.8040        25.35
      1.8050        25.33
      1.8060        25.25
      1.8070        25.11
      1.8080        25.09
      1.8090        25.12
      1.8100        24.98
      1.8110        24.97
      1.8120        25.03
      1.8130        25.06
      1.8140        25.06
      1.8150        24.95
      1.8160        24.90
      1.8170        24.84
      1.8180        24.75
      1.8190        24.68
      1.8200        24.76
      1.8210        24.63
      1.8220        24.47
      1.8230        24.29
      1.8240        24.18
      1.8250        24.08
      1.8260        24.02
      1.8270        23.95
      1.8280        23.74
      1.8290        23.53
      1.8300        23.50
      1.8310        23.41
      1.8320        23.25
      1.8330        23.19
      1.8340        23.15
      1.8350        23.12
      1.8360        23.18
      1.8370        23.10
      1.8380        23.10
      1.8390        23.14
      1.8400        23.13
      1.8410        23.17
      1.8420        23.15
      1.8430        23.21
      1.8440        23.11
      1.8450        22.99
      1.8460        22.85
      1.8470        22.74
      1.8480        22.70
      1.8490        22.67
      1.8500        22.57
      1.8510        22.42
      1.8520        22.32
      1.8530        22.21
      1.8540        22.06
      1.8550        21.93
      1.8560        21.89
      1.8570        21.81
      1.8580        21.77
      1.8590        21.62
      1.8600        21.50
      1.8610        21.46
      1.8620        21.43
      1.8630        21.38
      1.8640        21.46
      1.8650        21.53
      1.8660        21.55
      1.8670        21.62
      1.8680        21.66
      1.8690        21.63
      1.8700        21.68
      1.8710        21.80
      1.8720        21.96
      1.8730        22.10
      1.8740        22.06
      1.8750        22.20
      1.8760        22.10
      1.8770        22.12
      1.8780        22.01
      1.8790        22.06
      1.8800        22.03
      1.8810        21.99
      1.8820        21.97
      1.8830        21.83
      1.8840        21.68
      1.8850        21.62
      1.8860        21.58
      1.8870        21.64
      1.8880        21.60
      1.8890        21.63
      1.8900        21.59
      1.8910        21.56
      1.8920        21.50
      1.8930        21.34
      1.8940        21.42
      1.8950        21.29
      1.8960        21.33
      1.8970        21.45
      1.8980        21.50
      1.8990        21.51
      1.9000        21.47
      1.9010        21.41
      1.9020        21.33
      1.9030        21.48
      1.9040        21.53
      1.9050        21.53
      1.9060        21.46
      1.9070        21.24
      1.9080        21.18
      1.9090        21.17
      1.9100        20.96
      1.9110        20.78
      1.9120        20.73
      1.9130        20.68
      1.9140        20.61
      1.9150        20.62
      1.9160        20.54
      1.9170        20.46
      1.9180        20.45
      1.9190        20.32
      1.9200        20.40
      1.9210        20.45
      1.9220        20.41
      1.9230        20.29
      1.9240        20.26
      1.9250        20.22
      1.9260        20.20
      1.9270        20.34
      1.9280        20.33
      1.9290        20.32
      1.9300        20.44
      1.9310        20.41
      1.9320        20.33
      1.9330        20.32
      1.9340        20.29
      1.9350        20.17
      1.9360        20.03
      1.9370        19.87
      1.9380        19.81
      1.9390        19.75
      1.9400        19.61
      1.9410        19.49
      1.9420        19.54
      1.9430        19.48
      1.9440        19.37
      1.9450        19.28
      1.9460        19.27
      1.9470        19.23
      1.9480        19.09
      1.9490        19.07
      1.9500        19.05
      1.9510        19.07
      1.9520        19.11
      1.9530        19.03
      1.9540        19.03
      1.9550        19.01
      1.9560        19.13
      1.9570        19.14
      1.9580        19.08
      1.9590        19.08
      1.9600        19.03
      1.9610        19.05
      1.9620        18.87
      1.9630        18.82
      1.9640        18.66
      1.9650        18.60
      1.9660        18.54
      1.9670        18.33
      1.9680        18.33
      1.9690        18.02
      1.9700        17.75
      1.9710        17.58
      1.9720        17.38
      1.9730        17.30
      1.9740        17.21
      1.9750        17.16
      1.9760        17.00
      1.9770        16.90
      1.9780        16.75
      1.9790        16.64
      1.9800        16.56
      1.9810        16.46
      1.9820        16.57
      1.9830        16.44
      1.9840        16.51
      1.9850        16.41
      1.9860        16.24
      1.9870        16.17
      1.9880        16.05
      1.9890        16.04
      1.9900        16.06
      1.9910        16.06
      1.9920        15.93
      1.9930        15.76
      1.9940        15.53
      1.9950        15.28
      1.9960        15.13
      1.9970        14.93
      1.9980        14.72
      1.9990        14.57
      2.0000        14.39
      2.0010        14.11
      2.0020        13.87
      2.0030        13.78
      2.0040        13.48
      2.0050        13.40
      2.0060        13.26
      2.0070        13.11
      2.0080        12.93
      2.0090        12.87
      2.0100        12.71
      2.0110        12.47
      2.0120        12.43
      2.0130        12.39
      2.0140        12.34
      2.0150        12.32
      2.0160        12.18
      2.0170        12.09
      2.0180        12.01
      2.0190        11.89
      2.0200        11.71
      2.0210        11.59
      2.0220        11.28
      2.0230        11.00
      2.0240        10.94
      2.0250        10.70
      2.0260        10.59
      2.0270        10.31
      2.0280        10.19
      2.0290         9.94
      2.0300         9.79
      2.0310         9.61
      2.0320         9.49
      2.0330         9.29
      2.0340         8.61
      2.0350         8.50
      2.0360         8.41
      2.0370         8.30
      2.0380         8.14
      2.0390         7.97
      2.0400         7.89
      2.0410         7.84
      2.0420         7.80
      2.0430         7.80
      2.0440         7.78
      2.0450         7.73
      2.0460         7.57
      2.0470         7.57
      2.0480         7.44
      2.0490         7.34
      2.0500         7.24
      2.0510         7.17
      2.0520         6.94
      2.0530         6.88
      2.0540         6.73
      2.0550         6.51
      2.0560         6.42
      2.0570         6.39
      2.0580         6.37
      2.0590         6.30
      2.0600         6.20
      2.0610         6.11
      2.0620         6.08
      2.0630         6.07
      2.0640         5.93
      2.0650         5.84
      2.0660         5.84
      2.0670         5.80
      2.0680         5.80
      2.0690         5.80
      2.0700         5.70
      2.0710         5.78
      2.0720         5.78
      2.0730         5.67
      2.0740         5.68
      2.0750         5.76
      2.0760         5.74
      2.0770         5.67
      2.0780         5.71
      2.0790         5.60
      2.0800         5.50
      2.0810         5.42
      2.0820         5.37
      2.0830         5.26
      2.0840         5.22
      2.0850         5.29
      2.0860         5.22
      2.0870         5.17
      2.0880         5.02
      2.0890         5.06
      2.0900         5.08
      2.0910         4.98
      2.0920         4.96
      2.0930         5.08
      2.0940         5.16
      2.0950         5.01
      2.0960         5.04
      2.0970         4.97
      2.0980         4.92
      2.0990         4.96
      2.1000         5.08
      2.1010         5.06
      2.1020         5.16
      2.1030         5.18
      2.1040         5.18
      2.1050         5.09
      2.1060         5.11
      2.1070         5.08
      2.1080         5.15
      2.1090         5.04
      2.1100         5.02
      2.1110         4.97
      2.1120         4.93
      2.1130         4.84
      2.1140         4.72
      2.1150         4.80
      2.1160         4.69
      2.1170         4.71
      2.1180         4.65
      2.1190         4.72
      2.1200         4.67
      2.1210         4.66
      2.1220         4.58
      2.1230         4.52
      2.1240         4.58
      2.1250         4.60
      2.1260         4.61
      2.1270         4.69
      2.1280         4.68
      2.1290         4.76
      2.1300         4.79
      2.1310         4.83
      2.1320         4.84
      2.1330         4.92
      2.1340         5.01
      2.1350         5.06
      2.1360         5.14
      2.1370         5.12
      2.1380         5.16
      2.1390         5.06
      2.1400         5.06
      2.1410         5.11
      2.1420         5.01
      2.1430         4.99
      2.1440         4.96
      2.1450         4.99
      2.1460         4.91
      2.1470         4.87
      2.1480         4.90
      2.1490         4.91
      2.1500         4.95
      2.1510         5.03
      2.1520         5.07
      2.1530         5.09
      2.1540         5.05
      2.1550         4.95
      2.1560         4.94
      2.1570         5.05
      2.1580         5.05
      2.1590         5.09
      2.1600         5.15
      2.1610         5.21
      2.1620         5.27
      2.1630         5.39
      2.1640         5.36
      2.1650         5.40
      2.1660         5.48
      2.1670         5.44
      2.1680         5.55
      2.1690         5.50
      2.1700         5.47
      2.1710         5.50
      2.1720         5.52
      2.1730         5.39
      2.1740         5.35
      2.1750         5.32
      2.1760         5.38
      2.1770         5.30
      2.1780         5.27
      2.1790         5.26
      2.1800         5.19
      2.1810         5.10
      2.1820         5.11
      2.1830         5.06
      2.1840         5.12
      2.1850         5.09
      2.1860         5.08
      2.1870         5.16
      2.1880         5.12
      2.1890         5.13
      2.1900         5.15
      2.1910         5.07
      2.1920         5.16
      2.1930         5.24
      2.1940         5.36
      2.1950         5.47
      2.1960         5.43
      2.1970         5.43
      2.1980         5.51
      2.1990         5.54
      2.2000         5.58
      2.2010         5.55
      2.2020         5.46
      2.2030         5.39
      2.2040         5.37
      2.2050         5.29
      2.2060         5.33
      2.2070         5.29
      2.2080         5.30
      2.2090         5.31
      2.2100         5.29
      2.2110         5.30
      2.2120         5.18
      2.2130         5.15
      2.2140         5.09
      2.2150         5.14
      2.2160         5.15
      2.2170         5.25
      2.2180         5.25
      2.2190         5.20
      2.2200         5.18
      2.2210         5.23
      2.2220         5.32
      2.2230         5.38
      2.2240         5.46
      2.2250         5.57
      2.2260         5.45
      2.2270         5.48
      2.2280         5.39
      2.2290         5.36
      2.2300         5.36
      2.2310         5.21
      2.2320         5.27
      2.2330         5.21
      2.2340         5.23
      2.2350         5.15
      2.2360         5.09
      2.2370         5.04
      2.2380         4.93
      2.2390         4.98
      2.2400         4.94
      2.2410         4.90
      2.2420         4.79
      2.2430         4.73
      2.2440         4.75
      2.2450         4.63
      2.2460         4.64
      2.2470         4.63
      2.2480         4.72
      2.2490         4.71
      2.2500         4.69
      2.2510         4.87
      2.2520         4.85
      2.2530         4.85
      2.2540         4.81
      2.2550         4.80
      2.2560         4.83
      2.2570         4.82
      2.2580         4.92
      2.2590         4.95
      2.2600         4.98
      2.2610         5.02
      2.2620         5.09
      2.2630         5.12
      2.2640         4.99
      2.2650         4.95
      2.2660         4.96
      2.2670         4.91
      2.2680         4.34
      2.2690         4.38
      2.2700         4.87
      2.2710         4.80
      2.2720         4.75
      2.2730         4.80
      2.2740         4.83
      2.2750         4.86
      2.2760         4.79
      2.2770         4.76
      2.2780         4.75
      2.2790         4.72
      2.2800         4.76
      2.2810         4.89
      2.2820         4.85
      2.2830         4.87
      2.2840         4.86
      2.2850         4.95
      2.2860         4.95
      2.2870         4.92
      2.2880         4.92
      2.2890         4.92
      2.2900         4.88
      2.2910         4.85
      2.2920         4.91
      2.2930         4.82
      2.2940         4.78
      2.2950         4.73
      2.2960         4.78
      2.2970         4.78
      2.2980         4.78
      2.2990         4.73
      2.3000         4.68
      2.3010         4.61
      2.3020         4.66
      2.3030         4.63
      2.3040         4.73
      2.3050         4.71
      2.3060         4.77
      2.3070         4.77
      2.3080         4.72
      2.3090         4.74
      2.3100         4.86
      2.3110         4.92
      2.3120         4.82
      2.3130         4.92
      2.3140         4.94
      2.3150         5.02
      2.3160         5.05
      2.3170         5.02
      2.3180         4.94
      2.3190         5.01
      2.3200         5.01
      2.3210         4.94
      2.3220         4.93
      2.3230         4.92
      2.3240         4.92
      2.3250         4.89
      2.3260         4.88
      2.3270         4.96
      2.3280         4.97
      2.3290         4.92
      2.3300         4.89
      2.3310         4.83
      2.3320         4.89
      2.3330         4.99
      2.3340         4.95
      2.3350         4.96
      2.3360         4.96
      2.3370         5.04
      2.3380         5.06
      2.3390         5.04
      2.3400         5.14
      2.3410         5.19
      2.3420         5.15
      2.3430         5.16
      2.3440         5.14
      2.3450         5.23
      2.3460         5.23
      2.3470         5.25
      2.3480         5.17
      2.3490         5.15
      2.3500         5.13
      2.3510         5.15
      2.3520         5.22
      2.3530         5.04
      2.3540         5.05
      2.3550         4.89
      2.3560         4.99
      2.3570         4.99
      2.3580         5.03
      2.3590         5.04
      2.3600         4.97
      2.3610         4.91
      2.3620         4.98
      2.3630         5.00
      2.3640         5.02
      2.3650         5.03
      2.3660         5.02
      2.3670         4.98
      2.3680         5.14
      2.3690         5.23
      2.3700         5.31
      2.3710         5.32
      2.3720         5.32
      2.3730         5.39
      2.3740         5.42
      2.3750         5.50
      2.3760         5.38
      2.3770         5.36
      2.3780         5.34
      2.3790         5.28
      2.3800         5.31
      2.3810         5.36
      2.3820         5.37
      2.3830         5.39
      2.3840         5.32
      2.3850         5.23
      2.3860         5.23
      2.3870         5.20
      2.3880         5.16
      2.3890         5.13
      2.3900         5.00
      2.3910         5.01
      2.3920         5.04
      2.3930         5.01
      2.3940         5.12
      2.3950         5.21
      2.3960         5.23
      2.3970         5.21
      2.3980         5.25
      2.3990         5.27
      2.4000         5.26
      2.4010         5.31
      2.4020         5.26
      2.4030         5.30
      2.4040         5.28
      2.4050         5.29
      2.4060         5.25
      2.4070         5.30
      2.4080         5.27
      2.4090         5.27
      2.4100         5.25
      2.4110         5.22
      2.4120         5.20
      2.4130         5.18
      2.4140         5.05
      2.4150         5.00
      2.4160         5.01
      2.4170         4.89
      2.4180         4.81
      2.4190         4.84
      2.4200         4.77
      2.4210         4.72
      2.4220         4.84
      2.4230         4.80
      2.4240         4.92
      2.4250         4.93
      2.4260         5.05
      2.4270         5.05
      2.4280         5.02
      2.4290         5.05
      2.4300         5.10
      2.4310         5.16
      2.4320         5.05
      2.4330         5.11
      2.4340         5.16
      2.4350         5.15
      2.4360         5.20
      2.4370         5.28
      2.4380         5.28
      2.4390         5.23
      2.4400         5.16
      2.4410         5.13
      2.4420         5.01
      2.4430         5.03
      2.4440         4.93
      2.4450         4.96
      2.4460         4.91
      2.4470         4.92
      2.4480         4.96
      2.4490         4.93
      2.4500         4.98
      2.4510         5.01
      2.4520         5.02
      2.4530         5.00
      2.4540         4.94
      2.4550         4.93
      2.4560         4.91
      2.4570         5.01
      2.4580         4.98
      2.4590         5.02
      2.4600         5.13
      2.4610         5.09
      2.4620         5.16
      2.4630         5.13
      2.4640         5.16
      2.4650         5.10
      2.4660         5.12
      2.4670         5.06
      2.4680         4.99
      2.4690         5.02
      2.4700         5.03
      2.4710         4.96
      2.4720         4.96
      2.4730         5.00
      2.4740         5.04
      2.4750         5.13
      2.4760         5.13
      2.4770         5.07
      2.4780         5.21
      2.4790         5.13
      2.4800         5.15
      2.4810         5.24
      2.4820         5.20
      2.4830         5.20
      2.4840         5.17
      2.4850         5.25
      2.4860         5.18
      2.4870         5.21
      2.4880         5.29
      2.4890         5.20
      2.4900         5.16
      2.4910         5.17
      2.4920         5.21
      2.4930         5.21
      2.4940         5.09
      2.4950         4.95
      2.4960         4.89
      2.4970         4.81
      2.4980         4.78
      2.4990         4.82
      2.5000         4.86
      2.5010         4.79
      2.5020         4.78
      2.5030         4.79
      2.5040         4.81
      2.5050         4.81
      2.5060         4.86
      2.5070         4.82
      2.5080         4.71
      2.5090         4.72
      2.5100         4.79
      2.5110         4.82
      2.5120         4.92
      2.5130         4.92
      2.5140         4.98
      2.5150         5.07
      2.5160         5.16
      2.5170         5.24
      2.5180         5.21
      2.5190         5.21
      2.5200         5.17
      2.5210         5.25
      2.5220         5.27
      2.5230         5.28
      2.5240         5.32
      2.5250         5.28
      2.5260         5.21
      2.5270         5.22
      2.5280         5.36
      2.5290         5.30
      2.5300         5.19
      2.5310         5.15
      2.5320         5.02
      2.5330         4.88
      2.5340         4.95
      2.5350         4.91
      2.5360         4.79
      2.5370         4.76
      2.5380         4.81
      2.5390         4.86
      2.5400         4.84
      2.5410         4.80
      2.5420         4.76
      2.5430         4.76
      2.5440         4.69
      2.5450         4.65
      2.5460         4.68
      2.5470         4.72
      2.5480         4.69
      2.5490         4.71
      2.5500         4.76
      2.5510         4.77
      2.5520         4.80
      2.5530         4.96
      2.5540         4.88
      2.5550         4.87
      2.5560         4.91
      2.5570         4.86
      2.5580         4.86
      2.5590         4.85
      2.5600         4.84
      2.5610         4.85
      2.5620         4.98
      2.5630         4.96
      2.5640         5.06
      2.5650         5.10
      2.5660         5.13
      2.5670         5.18
      2.5680         5.14
      2.5690         5.23
      2.5700         5.29
      2.5710         5.31
      2.5720         5.25
      2.5730         5.21
      2.5740         5.26
      2.5750         5.36
      2.5760         5.42
      2.5770         5.52
      2.5780         5.57
      2.5790         5.61
      2.5800         5.56
      2.5810         5.52
      2.5820         5.52
      2.5830         5.52
      2.5840         5.45
      2.5850         5.35
      2.5860         5.23
      2.5870         5.14
      2.5880         5.12
      2.5890         5.15
      2.5900         5.08
      2.5910         4.98
      2.5920         5.06
      2.5930         4.99
      2.5940         5.00
      2.5950         4.88
      2.5960         4.88
      2.5970         4.88
      2.5980         4.83
      2.5990         4.87
      2.6000         4.98
      2.6010         5.06
      2.6020         4.95
      2.6030         4.97
      2.6040         4.99
      2.6050         5.05
      2.6060         5.18
      2.6070         5.19
      2.6080         5.23
      2.6090         5.22
      2.6100         5.28
      2.6110         5.34
      2.6120         5.29
      2.6130         5.34
      2.6140         5.29
      2.6150         5.28
      2.6160         5.21
      2.6170         5.22
      2.6180         5.17
      2.6190         5.02
      2.6200         4.92
      2.6210         4.85
      2.6220         4.82
      2.6230         4.88
      2.6240         4.84
      2.6250         4.84
      2.6260         4.84
      2.6270         4.88
      2.6280         4.87
      2.6290         4.85
      2.6300         4.72
      2.6310         4.79
      2.6320         4.89
      2.6330         4.91
      2.6340         5.00
      2.6350         5.02
      2.6360         5.03
      2.6370         4.98
      2.6380         5.02
      2.6390         5.07
      2.6400         5.03
      2.6410         5.07
      2.6420         5.03
      2.6430         4.95
      2.6440         4.97
      2.6450         4.94
      2.6460         4.83
      2.6470         4.86
      2.6480         4.77
      2.6490         4.77
      2.6500         4.90
      2.6510         4.82
      2.6520         4.73
      2.6530         4.73
      2.6540         4.68
      2.6550         4.76
      2.6560         4.80
      2.6570         4.80
      2.6580         4.80
      2.6590         4.81
      2.6600         4.98
      2.6610         4.97
      2.6620         5.00
      2.6630         4.98
      2.6640         5.02
      2.6650         5.04
      2.6660         5.10
      2.6670         5.12
      2.6680         5.18
      2.6690         5.18
      2.6700         5.13
      2.6710         5.14
      2.6720         5.16
      2.6730         5.13
      2.6740         5.14
      2.6750         5.05
      2.6760         4.99
      2.6770         5.13
      2.6780         5.09
      2.6790         5.03
      2.6800         5.03
      2.6810         5.01
      2.6820         5.01
      2.6830         5.06
      2.6840         5.09
      2.6850         5.16
      2.6860         5.18
      2.6870         5.08
      2.6880         5.06
      2.6890         5.14
      2.6900         5.21
      2.6910         5.26
      2.6920         5.29
      2.6930         5.28
      2.6940         5.22
      2.6950         5.25
      2.6960         5.20
      2.6970         5.11
      2.6980         5.13
      2.6990         5.21
      2.7000         5.18
      2.7010         5.21
      2.7020         5.27
      2.7030         5.24
      2.7040         5.16
      2.7050         5.19
      2.7060         5.15
      2.7070         5.19
      2.7080         5.20
      2.7090         5.04
      2.7100         4.98
      2.7110         4.98
      2.7120         4.86
      2.7130         4.90
      2.7140         5.02
      2.7150         5.04
      2.7160         5.09
      2.7170         5.08
      2.7180         5.10
      2.7190         5.13
      2.7200         5.13
      2.7210         5.13
      2.7220         5.15
      2.7230         5.16
      2.7240         5.21
      2.7250         5.22
      2.7260         5.21
      2.7270         5.20
      2.7280         5.25
      2.7290         5.26
      2.7300         5.29
      2.7310         5.25
      2.7320         5.37
      2.7330         5.37
      2.7340         5.22
      2.7350         5.24
      2.7360         5.22
      2.7370         5.18
      2.7380         5.13
      2.7390         5.17
      2.7400         5.10
      2.7410         5.12
      2.7420         5.10
      2.7430         5.06
      2.7440         5.00
      2.7450         4.98
      2.7460         5.08
      2.7470         5.05
      2.7480         5.04
      2.7490         5.12
      2.7500         5.20
      2.7510         5.26
      2.7520         5.22
      2.7530         5.20
      2.7540         5.27
      2.7550         5.29
      2.7560         5.32
      2.7570         5.29
      2.7580         5.29
      2.7590         5.17
      2.7600         5.23
      2.7610         5.25
      2.7620         5.17
      2.7630         5.16
      2.7640         5.17
      2.7650         5.16
      2.7660         5.12
      2.7670         5.17
      2.7680         5.14
      2.7690         5.12
      2.7700         5.00
      2.7710         4.97
      2.7720         4.93
      2.7730         5.03
      2.7740         5.04
      2.7750         4.99
      2.7760         4.97
      2.7770         5.07
      2.7780         5.11
      2.7790         5.12
      2.7800         5.15
      2.7810         5.09
      2.7820         5.16
      2.7830         5.17
      2.7840         5.19
      2.7850         5.12
      2.7860         5.09
      2.7870         5.08
      2.7880         5.04
      2.7890         4.97
      2.7900         4.88
      2.7910         4.85
      2.7920         4.92
      2.7930         4.77
      2.7940         4.75
      2.7950         4.68
      2.7960         4.72
      2.7970         4.77
      2.7980         4.75
      2.7990         4.80
      2.8000         4.73
      2.8010         4.65
      2.8020         4.60
      2.8030         4.67
      2.8040         4.71
      2.8050         4.79
      2.8060         4.84
      2.8070         4.80
      2.8080         4.87
      2.8090         4.94
      2.8100         5.09
      2.8110         5.06
      2.8120         5.05
      2.8130         5.07
      2.8140         5.10
      2.8150         5.18
      2.8160         5.06
      2.8170         4.99
      2.8180         4.90
      2.8190         4.74
      2.8200         4.72
      2.8210         4.72
      2.8220         4.75
      2.8230         4.70
      2.8240         4.71
      2.8250         4.68
      2.8260         4.64
      2.8270         4.63
      2.8280         4.56
      2.8290         4.48
      2.8300         4.46
      2.8310         4.44
      2.8320         4.42
      2.8330         4.49
      2.8340         4.49
      2.8350         4.54
      2.8360         4.72
      2.8370         4.62
      2.8380         4.77
      2.8390         4.97
      2.8400         4.98
      2.8410         5.13
      2.8420         5.16
      2.8430         5.14
      2.8440         5.02
      2.8450         5.08
      2.8460         5.11
      2.8470         5.16
      2.8480         5.22
      2.8490         5.30
      2.8500         5.30
      2.8510         5.32
      2.8520         5.34
      2.8530         5.40
      2.8540         5.40
      2.8550         5.29
      2.8560         5.29
      2.8570         5.36
      2.8580         5.37
      2.8590         5.23
      2.8600         5.25
      2.8610         5.24
      2.8620         5.27
      2.8630         5.29
      2.8640         5.37
      2.8650         5.34
      2.8660         5.34
      2.8670         5.38
      2.8680         5.37
      2.8690         5.34
      2.8700         5.32
      2.8710         5.30
      2.8720         5.33
      2.8730         5.21
      2.8740         5.21
      2.8750         5.26
      2.8760         5.15
      2.8770         5.13
      2.8780         5.09
      2.8790         5.13
      2.8800         5.02
      2.8810         5.01
      2.8820         4.98
      2.8830         4.94
      2.8840         4.95
      2.8850         4.95
      2.8860         4.95
      2.8870         4.83
      2.8880         4.85
      2.8890         4.80
      2.8900         4.83
      2.8910         4.90
      2.8920         5.05
      2.8930         5.19
      2.8940         5.23
      2.8950         5.19
      2.8960         5.23
      2.8970         5.23
      2.8980         5.21
      2.8990         5.25
      2.9000         5.36
      2.9010         5.25
      2.9020         5.29
      2.9030         5.33
      2.9040         5.31
      2.9050         5.24
      2.9060         5.30
      2.9070         5.35
      2.9080         5.34
      2.9090         5.33
      2.9100         5.24
      2.9110         5.14
      2.9120         4.94
      2.9130         4.82
      2.9140         4.80
      2.9150         4.84
      2.9160         4.83
      2.9170         4.91
      2.9180         4.88
      2.9190         4.88
      2.9200         4.99
      2.9210         5.08
      2.9220         5.06
      2.9230         5.12
      2.9240         5.11
      2.9250         5.16
      2.9260         5.08
      2.9270         5.08
      2.9280         5.08
      2.9290         5.16
      2.9300         5.28
      2.9310         5.35
      2.9320         5.31
      2.9330         5.32
      2.9340         5.21
      2.9350         5.20
      2.9360         5.16
      2.9370         5.05
      2.9380         5.01
      2.9390         5.02
      2.9400         4.93
      2.9410         4.90
      2.9420         4.86
      2.9430         4.71
      2.9440         4.78
      2.9450         4.78
      2.9460         4.79
      2.9470         4.86
      2.9480         4.88
      2.9490         4.80
      2.9500         4.85
      2.9510         4.82
      2.9520         4.93
      2.9530         4.90
      2.9540         5.01
      2.9550         5.02
      2.9560         5.08
      2.9570         5.12
      2.9580         5.17
      2.9590         5.20
      2.9600         5.05
      2.9610         5.10
      2.9620         5.20
      2.9630         5.18
      2.9640         5.04
      2.9650         5.00
      2.9660         4.94
      2.9670         4.78
      2.9680         4.78
      2.9690         4.69
      2.9700         4.65
      2.9710         4.56
      2.9720         4.52
      2.9730         4.53
      2.9740         4.53
      2.9750         4.54
      2.9760         4.54
      2.9770         4.62
      2.9780         4.65
      2.9790         4.61
      2.9800         4.80
      2.9810         4.64
      2.9820         4.61
      2.9830         4.75
      2.9840         4.79
      2.9850         4.83
      2.9860         4.93
      2.9870         4.93
      2.9880         4.92
      2.9890         5.09
      2.9900         5.12
      2.9910         5.30
      2.9920         5.28
      2.9930         5.29
      2.9940         5.26
      2.9950         5.22
      2.9960         5.30
      2.9970         5.23
      2.9980         5.16
      2.9990         5.06
