        Time   Palpation Force
      0.0000         1.00
      0.0010         1.00
      0.0020         1.00
      0.0030         1.00
      0.0040         1.00
      0.0050         1.05
      0.0060         1.14
      0.0070         1.43
      0.0080         1.59
      0.0090         1.85
      0.0100         2.53
      0.0110         2.77
      0.0120         2.93
      0.0130         3.17
      0.0140         3.33
      0.0150         3.59
      0.0160         3.84
      0.0170         4.52
      0.0180         4.73
      0.0190         4.83
      0.0200         4.80
      0.0210         4.86
      0.0220         5.00
      0.0230         4.90
      0.0240         4.99
      0.0250         4.81
      0.0260         4.77
      0.0270         4.62
      0.0280         4.54
      0.0290         4.54
      0.0300         4.59
      0.0310         4.67
      0.0320         4.66
      0.0330         4.70
      0.0340         4.61
      0.0350         4.74
      0.0360         4.70
      0.0370         4.80
      0.0380         4.88
      0.0390         5.00
      0.0400         5.20
      0.0410         5.12
      0.0420         5.12
      0.0430         5.10
      0.0440         5.15
      0.0450         5.19
      0.0460         5.34
      0.0470         5.32
      0.0480         5.39
      0.0490         5.32
      0.0500         5.30
      0.0510         5.18
      0.0520         5.25
      0.0530         5.05
      0.0540         5.01
      0.0550         4.87
      0.0560         4.71
      0.0570         4.67
      0.0580         4.59
      0.0590         4.66
      0.0600         4.39
      0.0610         4.55
      0.0620         4.39
      0.0630         4.47
      0.0640         4.39
      0.0650         4.42
      0.0660         4.28
      0.0670         4.31
      0.0680         4.43
      0.0690         4.44
      0.0700         4.54
      0.0710         4.45
      0.0720         4.60
      0.0730         4.76
      0.0740         4.99
      0.0750         4.81
      0.0760         5.00
      0.0770         4.99
      0.0780         4.99
      0.0790         4.95
      0.0800         5.02
      0.0810         4.94
      0.0820         4.94
      0.0830         5.05
      0.0840         5.01
      0.0850         5.05
      0.0860         5.04
      0.0870         5.01
      0.0880         4.89
      0.0890         5.00
      0.0900         5.07
      0.0910         5.08
      0.0920         5.09
      0.0930         4.91
      0.0940         4.89
      0.0950         5.03
      0.0960         5.05
      0.0970         4.97
      0.0980         5.04
      0.0990         4.90
      0.1000         4.97
      0.1010         4.97
      0.1020         5.01
      0.1030         4.91
      0.1040         4.93
      0.1050         4.99
      0.1060         4.90
      0.1070         4.98
      0.1080         5.03
      0.1090         4.93
      0.1100         4.71
      0.1110         4.84
      0.1120         4.70
      0.1130         4.98
      0.1140         4.85
      0.1150         4.74
      0.1160         4.71
      0.1170         4.77
      0.1180         4.76
      0.1190         4.82
      0.1200         4.86
      0.1210         4.89
      0.1220         4.89
      0.1230         4.98
      0.1240         5.06
      0.1250         5.05
      0.1260         5.17
      0.1270         5.16
      0.1280         5.01
      0.1290         5.08
      0.1300         5.07
      0.1310         5.17
      0.1320         5.07
      0.1330         4.94
      0.1340         5.03
      0.1350         5.23
      0.1360         5.15
      0.1370         5.13
      0.1380         5.23
      0.1390         5.11
      0.1400         4.99
      0.1410         4.91
      0.1420         4.92
      0.1430         4.74
      0.1440         4.77
      0.1450         4.55
      0.1460         4.58
      0.1470         4.41
      0.1480         4.50
      0.1490         4.53
      0.1500         4.45
      0.1510         4.43
      0.1520         4.47
      0.1530         4.58
      0.1540         4.48
      0.1550         4.44
      0.1560         4.54
      0.1570         4.57
      0.1580         4.51
      0.1590         4.72
      0.1600         4.79
      0.1610         4.67
      0.1620         4.74
      0.1630         4.84
      0.1640         4.93
      0.1650         5.04
      0.1660         5.18
      0.1670         5.24
      0.1680         5.16
      0.1690         4.97
      0.1700         5.06
      0.1710         4.92
      0.1720         4.90
      0.1730         4.80
      0.1740         4.84
      0.1750         4.83
      0.1760         4.80
      0.1770         4.81
      0.1780         4.65
      0.1790         4.68
      0.1800         4.63
      0.1810         4.76
      0.1820         4.65
      0.1830         4.63
      0.1840         4.48
      0.1850         4.45
      0.1860         4.40
      0.1870         4.40
      0.1880         4.60
      0.1890         4.77
      0.1900         4.86
      0.1910         4.89
      0.1920         4.94
      0.1930         4.90
      0.1940         4.90
      0.1950         4.94
      0.1960         4.92
      0.1970         4.82
      0.1980         4.85
      0.1990         4.92
      0.2000         4.76
      0.2010         4.79
      0.2020         4.73
      0.2030         4.79
      0.2040         4.73
      0.2050         4.67
      0.2060         4.68
      0.2070         4.71
      0.2080         4.65
      0.2090         4.55
      0.2100         4.63
      0.2110         4.59
      0.2120         4.74
      0.2130         4.64
      0.2140         4.80
      0.2150         4.78
      0.2160         4.78
      0.2170         4.88
      0.2180         4.88
      0.2190         4.79
      0.2200         4.88
      0.2210         4.98
      0.2220         4.98
      0.2230         5.00
      0.2240         5.02
      0.2250         5.10
      0.2260         4.88
      0.2270         4.99
      0.2280         4.94
      0.2290         4.88
      0.2300         4.79
      0.2310         4.75
      0.2320         4.66
      0.2330         4.63
      0.2340         4.63
      0.2350         4.50
      0.2360         4.59
      0.2370         4.42
      0.2380         4.53
      0.2390         4.47
      0.2400         4.52
      0.2410         4.51
      0.2420         4.59
      0.2430         4.53
      0.2440         4.53
      0.2450         4.72
      0.2460         4.77
      0.2470         4.70
      0.2480         4.68
      0.2490         4.74
      0.2500         4.70
      0.2510         4.78
      0.2520         4.77
      0.2530         4.89
      0.2540         4.74
      0.2550         4.78
      0.2560         4.80
      0.2570         4.86
      0.2580         4.89
      0.2590         4.85
      0.2600         4.98
      0.2610         4.82
      0.2620         4.77
      0.2630         4.68
      0.2640         4.80
      0.2650         4.72
      0.2660         4.78
      0.2670         4.77
      0.2680         4.77
      0.2690         4.88
      0.2700         4.86
      0.2710         4.99
      0.2720         4.79
      0.2730         4.95
      0.2740         4.95
      0.2750         5.11
      0.2760         4.97
      0.2770         5.07
      0.2780         5.11
      0.2790         5.16
      0.2800         5.10
      0.2810         5.16
      0.2820         5.33
      0.2830         5.40
      0.2840         5.35
      0.2850         5.19
      0.2860         5.20
      0.2870         5.15
      0.2880         5.21
      0.2890         5.03
      0.2900         5.00
      0.2910         4.87
      0.2920         5.03
      0.2930         5.01
      0.2940         4.94
      0.2950         4.89
      0.2960         4.91
      0.2970         4.87
      0.2980         4.80
      0.2990         4.83
      0.3000         4.74
      0.3010         4.86
      0.3020         4.80
      0.3030         4.77
      0.3040         4.83
      0.3050         4.89
      0.3060         5.00
      0.3070         5.01
      0.3080         5.09
      0.3090         5.09
      0.3100         5.29
      0.3110         5.32
      0.3120         5.37
      0.3130         5.18
      0.3140         5.18
      0.3150         5.20
      0.3160         5.10
      0.3170         5.19
      0.3180         5.11
      0.3190         5.16
      0.3200         5.09
      0.3210         5.07
      0.3220         4.99
      0.3230         5.06
      0.3240         4.91
      0.3250         4.89
      0.3260         4.72
      0.3270         4.81
      0.3280         4.75
      0.3290         4.81
      0.3300         4.76
      0.3310         4.81
      0.3320         4.87
      0.3330         4.96
      0.3340         5.09
      0.3350         4.96
      0.3360         5.22
      0.3370         5.14
      0.3380         5.26
      0.3390         5.16
      0.3400         5.29
      0.3410         5.18
      0.3420         5.18
      0.3430         5.21
      0.3440         5.12
      0.3450         5.22
      0.3460         5.17
      0.3470         5.16
      0.3480         5.00
      0.3490         5.03
      0.3500         4.92
      0.3510         4.83
      0.3520         4.65
      0.3530         4.66
      0.3540         4.55
      0.3550         4.48
      0.3560         4.36
      0.3570         4.22
      0.3580         4.30
      0.3590         4.29
      0.3600         4.38
      0.3610         4.38
      0.3620         4.51
      0.3630         4.48
      0.3640         4.82
      0.3650         4.80
      0.3660         4.94
      0.3670         4.95
      0.3680         4.99
      0.3690         4.98
      0.3700         4.94
      0.3710         4.94
      0.3720         4.87
      0.3730         4.89
      0.3740         4.82
      0.3750         4.94
      0.3760         4.87
      0.3770         5.05
      0.3780         4.83
      0.3790         4.82
      0.3800         4.62
      0.3810         4.54
      0.3820         4.45
      0.3830         4.29
      0.3840         4.22
      0.3850         4.17
      0.3860         4.23
      0.3870         4.07
      0.3880         4.27
      0.3890         4.30
      0.3900         4.39
      0.3910         4.34
      0.3920         4.47
      0.3930         4.53
      0.3940         4.66
      0.3950         4.74
      0.3960         4.63
      0.3970         4.65
      0.3980         4.71
      0.3990         4.89
      0.4000         4.88
      0.4010         4.97
      0.4020         4.85
      0.4030         4.93
      0.4040         4.77
      0.4050         4.74
      0.4060         4.61
      0.4070         4.66
      0.4080         4.62
      0.4090         4.51
      0.4100         4.47
      0.4110         4.50
      0.4120         4.53
      0.4130         4.33
      0.4140         4.45
      0.4150         4.38
      0.4160         4.43
      0.4170         4.47
      0.4180         4.51
      0.4190         4.51
      0.4200         4.59
      0.4210         4.74
      0.4220         4.84
      0.4230         5.03
      0.4240         5.03
      0.4250         5.11
      0.4260         5.14
      0.4270         5.33
      0.4280         5.29
      0.4290         5.23
      0.4300         5.27
      0.4310         5.26
      0.4320         5.22
      0.4330         5.23
      0.4340         5.22
      0.4350         5.26
      0.4360         5.36
      0.4370         5.21
      0.4380         5.25
      0.4390         5.10
      0.4400         5.13
      0.4410         4.98
      0.4420         4.92
      0.4430         4.74
      0.4440         4.73
      0.4450         4.79
      0.4460         4.77
      0.4470         4.67
      0.4480         4.55
      0.4490         4.63
      0.4500         4.56
      0.4510         4.63
      0.4520         4.67
      0.4530         4.71
      0.4540         4.72
      0.4550         4.63
      0.4560         4.68
      0.4570         4.67
      0.4580         4.69
      0.4590         4.67
      0.4600         4.75
      0.4610         4.71
      0.4620         4.87
      0.4630         4.90
      0.4640         4.95
      0.4650         4.86
      0.4660         4.97
      0.4670         4.97
      0.4680         5.00
      0.4690         5.05
      0.4700         5.03
      0.4710         5.05
      0.4720         4.91
      0.4730         5.09
      0.4740         4.96
      0.4750         5.11
      0.4760         4.92
      0.4770         4.98
      0.4780         4.84
      0.4790         4.85
      0.4800         4.81
      0.4810         4.74
      0.4820         4.70
      0.4830         4.70
      0.4840         4.89
      0.4850         4.81
      0.4860         4.81
      0.4870         4.70
      0.4880         4.73
      0.4890         4.78
      0.4900         4.85
      0.4910         4.82
      0.4920         4.87
      0.4930         4.81
      0.4940         4.73
      0.4950         4.66
      0.4960         4.68
      0.4970         4.87
      0.4980         4.80
      0.4990         4.91
      0.5000         4.73
      0.5010         4.87
      0.5020         4.79
      0.5030         4.77
      0.5040         4.57
      0.5050         4.65
      0.5060         4.70
      0.5070         4.74
      0.5080         4.94
      0.5090         4.75
      0.5100         4.93
      0.5110         4.87
      0.5120         5.02
      0.5130         4.97
      0.5140         5.10
      0.5150         5.11
      0.5160         5.19
      0.5170         5.07
      0.5180         5.02
      0.5190         5.02
      0.5200         5.00
      0.5210         5.06
      0.5220         5.07
      0.5230         5.08
      0.5240         5.06
      0.5250         4.99
      0.5260         4.79
      0.5270         4.29
      0.5280         4.13
      0.5290         4.18
      0.5300         4.08
      0.5310         4.05
      0.5320         3.98
      0.5330         3.96
      0.5340         4.09
      0.5350         3.90
      0.5360         4.05
      0.5370         4.55
      0.5380         4.68
      0.5390         4.63
      0.5400         4.76
      0.5410         4.68
      0.5420         4.63
      0.5430         4.70
      0.5440         4.70
      0.5450         4.91
      0.5460         4.91
      0.5470         5.19
      0.5480         5.10
      0.5490         5.15
      0.5500         5.02
      0.5510         5.06
      0.5520         5.05
      0.5530         5.06
      0.5540         5.01
      0.5550         4.98
      0.5560         4.90
      0.5570         4.82
      0.5580         4.92
      0.5590         4.72
      0.5600         4.85
      0.5610         4.92
      0.5620         4.98
      0.5630         4.79
      0.5640         4.86
      0.5650         4.73
      0.5660         4.72
      0.5670         4.61
      0.5680         4.77
      0.5690         4.85
      0.5700         4.93
      0.5710         5.09
      0.5720         4.95
      0.5730         4.95
      0.5740         4.82
      0.5750         5.03
      0.5760         4.84
      0.5770         4.86
      0.5780         4.81
      0.5790         5.02
      0.5800         4.94
      0.5810         4.79
      0.5820         4.82
      0.5830         4.81
      0.5840         4.84
      0.5850         4.77
      0.5860         4.88
      0.5870         4.73
      0.5880         4.70
      0.5890         4.54
      0.5900         4.50
      0.5910         4.30
      0.5920         4.33
      0.5930         4.41
      0.5940         4.38
      0.5950         4.40
      0.5960         4.44
      0.5970         4.49
      0.5980         4.41
      0.5990         4.50
      0.6000         4.42
      0.6010         4.59
      0.6020         4.58
      0.6030         4.77
      0.6040         4.74
      0.6050         4.77
      0.6060         4.81
      0.6070         4.84
      0.6080         4.95
      0.6090         5.04
      0.6100         5.19
      0.6110         5.14
      0.6120         5.29
      0.6130         5.18
      0.6140         5.36
      0.6150         5.29
      0.6160         5.38
      0.6170         5.40
      0.6180         5.52
      0.6190         5.45
      0.6200         5.55
      0.6210         5.63
      0.6220         5.56
      0.6230         5.66
      0.6240         5.69
      0.6250         5.85
      0.6260         5.73
      0.6270         5.93
      0.6280         5.93
      0.6290         6.00
      0.6300         6.09
      0.6310         6.30
      0.6320         6.41
      0.6330         6.52
      0.6340         6.51
      0.6350         6.51
      0.6360         6.68
      0.6370         6.59
      0.6380         6.71
      0.6390         6.71
      0.6400         6.78
      0.6410         6.68
      0.6420         6.78
      0.6430         6.67
      0.6440         6.74
      0.6450         6.69
      0.6460         6.57
      0.6470         6.45
      0.6480         6.42
      0.6490         6.47
      0.6500         6.32
      0.6510         6.34
      0.6520         6.23
      0.6530         6.28
      0.6540         6.33
      0.6550         6.40
      0.6560         6.37
      0.6570         6.37
      0.6580         6.30
      0.6590         6.25
      0.6600         6.22
      0.6610         6.25
      0.6620         6.31
      0.6630         6.41
      0.6640         6.47
      0.6650         6.46
      0.6660         6.69
      0.6670         6.65
      0.6680         6.62
      0.6690         6.55
      0.6700         6.53
      0.6710         6.64
      0.6720         6.57
      0.6730         6.65
      0.6740         6.42
      0.6750         6.46
      0.6760         6.22
      0.6770         6.36
      0.6780         6.31
      0.6790         6.39
      0.6800         6.39
      0.6810         6.28
      0.6820         6.35
      0.6830         6.24
      0.6840         6.23
      0.6850         6.20
      0.6860         6.35
      0.6870         6.39
      0.6880         6.52
      0.6890         6.52
      0.6900         6.71
      0.6910         6.65
      0.6920         6.73
      0.6930         6.67
      0.6940         6.70
      0.6950         6.73
      0.6960         6.85
      0.6970         6.85
      0.6980         6.77
      0.6990         6.89
      0.7000         6.81
      0.7010         6.95
      0.7020         6.80
      0.7030         6.94
      0.7040         6.86
      0.7050         6.86
      0.7060         6.80
      0.7070         6.83
      0.7080         6.80
      0.7090         6.90
      0.7100         6.93
      0.7110         6.77
      0.7120         6.82
      0.7130         6.81
      0.7140         7.08
      0.7150         7.03
      0.7160         7.23
      0.7170         7.28
      0.7180         7.36
      0.7190         7.35
      0.7200         7.45
      0.7210         7.54
      0.7220         7.62
      0.7230         7.77
      0.7240         7.76
      0.7250         7.88
      0.7260         7.93
      0.7270         7.99
      0.7280         8.00
      0.7290         7.93
      0.7300         7.90
      0.7310         7.99
      0.7320         8.00
      0.7330         7.99
      0.7340         8.04
      0.7350         8.08
      0.7360         8.07
      0.7370         8.12
      0.7380         8.30
      0.7390         8.35
      0.7400         8.39
      0.7410         8.31
      0.7420         8.34
      0.7430         8.34
      0.7440         8.36
      0.7450         8.56
      0.7460         8.53
      0.7470         8.69
      0.7480         8.68
      0.7490         8.92
      0.7500         8.87
      0.7510         8.95
      0.7520         8.99
      0.7530         9.18
      0.7540         9.10
      0.7550         9.13
      0.7560         9.06
      0.7570         8.98
      0.7580         8.97
      0.7590         8.93
      0.7600         9.10
      0.7610         9.12
      0.7620         9.39
      0.7630         9.31
      0.7640         9.55
      0.7650         9.38
      0.7660         9.55
      0.7670         9.58
      0.7680         9.81
      0.7690         9.84
      0.7700         9.89
      0.7710        10.13
      0.7720        10.21
      0.7730        10.27
      0.7740        10.31
      0.7750        10.50
      0.7760        10.63
      0.7770        10.91
      0.7780        11.06
      0.7790        11.17
      0.7800        11.19
      0.7810        11.34
      0.7820        11.26
      0.7830        11.31
      0.7840        11.42
      0.7850        11.42
      0.7860        11.58
      0.7870        11.58
      0.7880        11.66
      0.7890        11.62
      0.7900        11.89
      0.7910        11.80
      0.7920        11.89
      0.7930        11.90
      0.7940        12.04
      0.7950        12.06
      0.7960        12.05
      0.7970        12.06
      0.7980        12.05
      0.7990        12.26
      0.8000        12.27
      0.8010        12.51
      0.8020        12.53
      0.8030        12.79
      0.8040        12.75
      0.8050        13.07
      0.8060        13.06
      0.8070        13.18
      0.8080        13.32
      0.8090        13.36
      0.8100        13.48
      0.8110        13.50
      0.8120        13.70
      0.8130        13.67
      0.8140        13.83
      0.8150        13.90
      0.8160        14.17
      0.8170        14.28
      0.8180        14.37
      0.8190        14.39
      0.8200        14.52
      0.8210        14.58
      0.8220        14.74
      0.8230        14.79
      0.8240        14.93
      0.8250        15.01
      0.8260        15.11
      0.8270        15.18
      0.8280        15.15
      0.8290        15.36
      0.8300        15.35
      0.8310        15.47
      0.8320        15.67
      0.8330        15.78
      0.8340        15.83
      0.8350        15.87
      0.8360        15.94
      0.8370        15.91
      0.8380        16.07
      0.8390        16.07
      0.8400        16.21
      0.8410        16.15
      0.8420        16.13
      0.8430        16.19
      0.8440        16.06
      0.8450        16.10
      0.8460        16.01
      0.8470        16.19
      0.8480        16.11
      0.8490        16.18
      0.8500        16.22
      0.8510        16.31
      0.8520        16.15
      0.8530        16.42
      0.8540        16.47
      0.8550        16.54
      0.8560        16.70
      0.8570        16.72
      0.8580        16.77
      0.8590        16.91
      0.8600        17.02
      0.8610        17.03
      0.8620        17.21
      0.8630        17.21
      0.8640        17.46
      0.8650        17.44
      0.8660        17.60
      0.8670        17.61
      0.8680        17.72
      0.8690        17.76
      0.8700        17.80
      0.8710        18.03
      0.8720        17.96
      0.8730        18.02
      0.8740        18.01
      0.8750        18.09
      0.8760        18.00
      0.8770        18.12
      0.8780        18.11
      0.8790        18.08
      0.8800        18.12
      0.8810        18.35
      0.8820        18.52
      0.8830        18.55
      0.8840        18.60
      0.8850        18.74
      0.8860        18.78
      0.8870        18.82
      0.8880        18.86
      0.8890        19.00
      0.8900        19.10
      0.8910        19.12
      0.8920        19.36
      0.8930        19.37
      0.8940        19.46
      0.8950        19.67
      0.8960        19.70
      0.8970        19.82
      0.8980        19.95
      0.8990        20.07
      0.9000        20.16
      0.9010        20.07
      0.9020        20.06
      0.9030        20.08
      0.9040        20.28
      0.9050        20.29
      0.9060        20.51
      0.9070        20.60
      0.9080        20.77
      0.9090        20.80
      0.9100        20.82
      0.9110        20.82
      0.9120        20.93
      0.9130        21.06
      0.9140        21.14
      0.9150        21.25
      0.9160        21.41
      0.9170        21.71
      0.9180        21.75
      0.9190        22.01
      0.9200        22.03
      0.9210        22.26
      0.9220        22.35
      0.9230        22.48
      0.9240        22.51
      0.9250        22.59
      0.9260        22.63
      0.9270        22.71
      0.9280        22.95
      0.9290        22.88
      0.9300        23.05
      0.9310        23.11
      0.9320        23.18
      0.9330        23.21
      0.9340        23.31
      0.9350        23.36
      0.9360        23.39
      0.9370        23.28
      0.9380        23.30
      0.9390        23.27
      0.9400        23.32
      0.9410        23.39
      0.9420        23.39
      0.9430        23.51
      0.9440        23.43
      0.9450        23.51
      0.9460        23.66
      0.9470        23.64
      0.9480        23.67
      0.9490        23.87
      0.9500        24.07
      0.9510        24.12
      0.9520        24.39
      0.9530        24.24
      0.9540        24.38
      0.9550        24.30
      0.9560        24.53
      0.9570        24.58
      0.9580        24.66
      0.9590        24.69
      0.9600        24.69
      0.9610        24.84
      0.9620        24.88
      0.9630        25.06
      0.9640        25.14
      0.9650        25.26
      0.9660        25.14
      0.9670        25.25
      0.9680        25.29
      0.9690        25.36
      0.9700        25.38
      0.9710        25.40
      0.9720        25.28
      0.9730        25.47
      0.9740        25.62
      0.9750        25.67
      0.9760        25.70
      0.9770        25.72
      0.9780        25.98
      0.9790        26.06
      0.9800        26.16
      0.9810        26.15
      0.9820        26.30
      0.9830        26.23
      0.9840        26.30
      0.9850        26.54
      0.9860        26.59
      0.9870        26.76
      0.9880        26.73
      0.9890        26.71
      0.9900        26.57
      0.9910        26.68
      0.9920        26.62
      0.9930        26.66
      0.9940        26.58
      0.9950        26.71
      0.9960        26.70
      0.9970        26.77
      0.9980        26.75
      0.9990        26.69
      1.0000        26.72
      1.0010        26.72
      1.0020        26.80
      1.0030        26.92
      1.0040        26.94
      1.0050        26.82
      1.0060        26.94
      1.0070        27.01
      1.0080        27.00
      1.0090        27.21
      1.0100        27.36
      1.0110        27.45
      1.0120        27.49
      1.0130        27.62
      1.0140        27.72
      1.0150        27.72
      1.0160        27.77
      1.0170        27.80
      1.0180        28.00
      1.0190        27.98
      1.0200        28.15
      1.0210        28.08
      1.0220        28.05
      1.0230        27.97
      1.0240        28.05
      1.0250        27.99
      1.0260        27.93
      1.0270        27.93
      1.0280        28.03
      1.0290        27.97
      1.0300        28.03
      1.0310        28.08
      1.0320        28.19
      1.0330        28.25
      1.0340        28.21
      1.0350        28.31
      1.0360        28.31
      1.0370        28.43
      1.0380        28.40
      1.0390        28.54
      1.0400        28.64
      1.0410        28.72
      1.0420        28.78
      1.0430        28.84
      1.0440        28.95
      1.0450        28.93
      1.0460        29.05
      1.0470        28.99
      1.0480        29.06
      1.0490        29.10
      1.0500        28.98
      1.0510        29.02
      1.0520        28.98
      1.0530        28.94
      1.0540        28.90
      1.0550        28.94
      1.0560        28.85
      1.0570        28.90
      1.0580        28.78
      1.0590        28.75
      1.0600        28.59
      1.0610        28.63
      1.0620        28.82
      1.0630        28.91
      1.0640        28.99
      1.0650        29.10
      1.0660        29.27
      1.0670        29.28
      1.0680        29.35
      1.0690        29.38
      1.0700        29.60
      1.0710        29.59
      1.0720        29.67
      1.0730        29.81
      1.0740        29.94
      1.0750        29.87
      1.0760        29.95
      1.0770        29.93
      1.0780        29.93
      1.0790        30.08
      1.0800        30.04
      1.0810        30.08
      1.0820        29.83
      1.0830        29.72
      1.0840        29.77
      1.0850        29.85
      1.0860        29.80
      1.0870        29.82
      1.0880        29.91
      1.0890        29.87
      1.0900        29.98
      1.0910        29.99
      1.0920        30.19
      1.0930        30.16
      1.0940        30.29
      1.0950        30.47
      1.0960        30.51
      1.0970        30.56
      1.0980        30.64
      1.0990        30.69
      1.1000        30.77
      1.1010        31.04
      1.1020        31.17
      1.1030        31.48
      1.1040        31.39
      1.1050        31.43
      1.1060        31.42
      1.1070        31.51
      1.1080        31.54
      1.1090        31.53
      1.1100        31.59
      1.1110        31.66
      1.1120        31.62
      1.1130        31.56
      1.1140        31.61
      1.1150        31.56
      1.1160        31.69
      1.1170        31.71
      1.1180        31.75
      1.1190        31.80
      1.1200        31.85
      1.1210        31.78
      1.1220        31.81
      1.1230        31.85
      1.1240        31.93
      1.1250        32.07
      1.1260        32.07
      1.1270        32.23
      1.1280        32.31
      1.1290        32.46
      1.1300        32.42
      1.1310        32.37
      1.1320        32.38
      1.1330        32.49
      1.1340        32.45
      1.1350        32.32
      1.1360        32.37
      1.1370        32.34
      1.1380        32.52
      1.1390        32.41
      1.1400        32.48
      1.1410        32.52
      1.1420        32.52
      1.1430        32.50
      1.1440        32.43
      1.1450        32.51
      1.1460        32.63
      1.1470        32.60
      1.1480        32.51
      1.1490        32.55
      1.1500        32.59
      1.1510        32.76
      1.1520        32.92
      1.1530        33.00
      1.1540        33.09
      1.1550        33.29
      1.1560        33.34
      1.1570        33.27
      1.1580        33.26
      1.1590        33.30
      1.1600        33.47
      1.1610        33.31
      1.1620        33.43
      1.1630        33.41
      1.1640        33.44
      1.1650        33.36
      1.1660        33.30
      1.1670        33.26
      1.1680        33.08
      1.1690        33.08
      1.1700        32.89
      1.1710        32.88
      1.1720        32.66
      1.1730        32.67
      1.1740        32.47
      1.1750        32.48
      1.1760        32.39
      1.1770        32.53
      1.1780        32.55
      1.1790        32.55
      1.1800        32.51
      1.1810        32.54
      1.1820        32.56
      1.1830        32.44
      1.1840        32.57
      1.1850        32.47
      1.1860        32.63
      1.1870        32.65
      1.1880        32.92
      1.1890        32.89
      1.1900        33.04
      1.1910        33.01
      1.1920        32.99
      1.1930        32.98
      1.1940        32.86
      1.1950        33.00
      1.1960        33.04
      1.1970        33.00
      1.1980        32.77
      1.1990        32.87
      1.2000        32.72
      1.2010        32.84
      1.2020        32.68
      1.2030        32.68
      1.2040        32.60
      1.2050        32.50
      1.2060        32.42
      1.2070        32.38
      1.2080        32.38
      1.2090        32.26
      1.2100        32.26
      1.2110        32.15
      1.2120        32.38
      1.2130        32.35
      1.2140        32.55
      1.2150        32.42
      1.2160        32.34
      1.2170        32.38
      1.2180        32.44
      1.2190        32.47
      1.2200        32.40
      1.2210        32.35
      1.2220        32.28
      1.2230        32.43
      1.2240        32.41
      1.2250        32.53
      1.2260        32.41
      1.2270        32.30
      1.2280        32.18
      1.2290        32.03
      1.2300        32.04
      1.2310        32.06
      1.2320        32.04
      1.2330        31.89
      1.2340        31.97
      1.2350        31.87
      1.2360        32.01
      1.2370        31.87
      1.2380        31.87
      1.2390        31.87
      1.2400        31.94
      1.2410        31.93
      1.2420        32.10
      1.2430        32.10
      1.2440        32.11
      1.2450        32.20
      1.2460        32.22
      1.2470        32.39
      1.2480        32.43
      1.2490        32.78
      1.2500        32.78
      1.2510        32.88
      1.2520        32.77
      1.2530        32.84
      1.2540        32.80
      1.2550        32.69
      1.2560        32.68
      1.2570        32.61
      1.2580        32.72
      1.2590        32.47
      1.2600        32.51
      1.2610        32.43
      1.2620        32.49
      1.2630        32.47
      1.2640        32.45
      1.2650        32.56
      1.2660        32.53
      1.2670        32.44
      1.2680        32.33
      1.2690        32.41
      1.2700        32.35
      1.2710        32.47
      1.2720        32.46
      1.2730        32.58
      1.2740        32.59
      1.2750        32.86
      1.2760        32.89
      1.2770        32.94
      1.2780        32.91
      1.2790        32.99
      1.2800        33.08
      1.2810        33.03
      1.2820        32.94
      1.2830        32.82
      1.2840        32.85
      1.2850        32.64
      1.2860        32.65
      1.2870        32.68
      1.2880        32.65
      1.2890        32.58
      1.2900        32.54
      1.2910        32.57
      1.2920        32.50
      1.2930        32.51
      1.2940        32.39
      1.2950        32.41
      1.2960        32.31
      1.2970        32.50
      1.2980        32.40
      1.2990        32.51
      1.3000        32.53
      1.3010        32.67
      1.3020        32.85
      1.3030        32.93
      1.3040        33.08
      1.3050        33.02
      1.3060        33.09
      1.3070        33.13
      1.3080        33.41
      1.3090        33.33
      1.3100        33.41
      1.3110        33.21
      1.3120        33.22
      1.3130        33.18
      1.3140        33.14
      1.3150        33.09
      1.3160        33.11
      1.3170        33.19
      1.3180        33.12
      1.3190        33.14
      1.3200        33.03
      1.3210        33.10
      1.3220        32.95
      1.3230        32.86
      1.3240        32.73
      1.3250        32.80
      1.3260        32.91
      1.3270        32.70
      1.3280        32.69
      1.3290        32.69
      1.3300        32.62
      1.3310        32.60
      1.3320        32.76
      1.3330        32.69
      1.3340        32.80
      1.3350        32.88
      1.3360        32.86
      1.3370        32.78
      1.3380        32.86
      1.3390        32.85
      1.3400        32.75
      1.3410        32.72
      1.3420        32.59
      1.3430        32.63
      1.3440        32.65
      1.3450        32.62
      1.3460        32.34
      1.3470        32.49
      1.3480        32.30
      1.3490        32.19
      1.3500        32.30
      1.3510        32.33
      1.3520        32.32
      1.3530        32.23
      1.3540        32.45
      1.3550        32.26
      1.3560        32.31
      1.3570        32.18
      1.3580        32.26
      1.3590        32.22
      1.3600        32.34
      1.3610        32.28
      1.3620        32.29
      1.3630        32.49
      1.3640        32.45
      1.3650        32.49
      1.3660        32.56
      1.3670        32.60
      1.3680        32.56
      1.3690        32.68
      1.3700        32.49
      1.3710        32.48
      1.3720        32.30
      1.3730        32.40
      1.3740        32.31
      1.3750        32.32
      1.3760        32.36
      1.3770        32.28
      1.3780        32.28
      1.3790        32.19
      1.3800        32.24
      1.3810        32.11
      1.3820        32.16
      1.3830        31.92
      1.3840        31.89
      1.3850        31.93
      1.3860        31.96
      1.3870        32.02
      1.3880        31.88
      1.3890        31.83
      1.3900        31.81
      1.3910        31.97
      1.3920        31.99
      1.3930        31.99
      1.3940        31.91
      1.3950        31.95
      1.3960        31.78
      1.3970        31.83
      1.3980        31.77
      1.3990        31.75
      1.4000        31.61
      1.4010        31.57
      1.4020        31.69
      1.4030        31.59
      1.4040        31.61
      1.4050        31.32
      1.4060        31.29
      1.4070        31.12
      1.4080        31.29
      1.4090        31.22
      1.4100        31.17
      1.4110        31.08
      1.4120        31.03
      1.4130        31.02
      1.4140        30.85
      1.4150        30.82
      1.4160        30.80
      1.4170        30.85
      1.4180        30.75
      1.4190        30.89
      1.4200        30.89
      1.4210        30.93
      1.4220        30.80
      1.4230        30.86
      1.4240        30.87
      1.4250        30.92
      1.4260        31.00
      1.4270        30.90
      1.4280        30.86
      1.4290        30.81
      1.4300        30.89
      1.4310        30.74
      1.4320        30.67
      1.4330        30.57
      1.4340        30.46
      1.4350        30.37
      1.4360        30.23
      1.4370        30.15
      1.4380        29.98
      1.4390        29.97
      1.4400        29.89
      1.4410        29.90
      1.4420        29.81
      1.4430        29.72
      1.4440        29.65
      1.4450        29.61
      1.4460        29.45
      1.4470        29.47
      1.4480        29.47
      1.4490        29.34
      1.4500        29.36
      1.4510        29.33
      1.4520        29.43
      1.4530        29.28
      1.4540        29.33
      1.4550        29.17
      1.4560        29.18
      1.4570        29.04
      1.4580        29.04
      1.4590        28.84
      1.4600        28.64
      1.4610        28.60
      1.4620        28.39
      1.4630        28.37
      1.4640        28.20
      1.4650        28.27
      1.4660        28.08
      1.4670        28.00
      1.4680        27.84
      1.4690        27.85
      1.4700        27.73
      1.4710        27.61
      1.4720        27.52
      1.4730        27.34
      1.4740        27.39
      1.4750        27.40
      1.4760        27.56
      1.4770        27.43
      1.4780        27.42
      1.4790        27.31
      1.4800        27.38
      1.4810        27.26
      1.4820        27.23
      1.4830        27.16
      1.4840        27.07
      1.4850        27.03
      1.4860        26.91
      1.4870        26.84
      1.4880        26.60
      1.4890        26.53
      1.4900        26.28
      1.4910        26.17
      1.4920        26.05
      1.4930        26.15
      1.4940        25.84
      1.4950        25.73
      1.4960        25.50
      1.4970        25.44
      1.4980        25.38
      1.4990        25.22
      1.5000        25.25
      1.5010        25.04
      1.5020        24.94
      1.5030        24.78
      1.5040        24.70
      1.5050        24.45
      1.5060        24.41
      1.5070        24.35
      1.5080        24.41
      1.5090        24.40
      1.5100        24.38
      1.5110        24.39
      1.5120        24.18
      1.5130        24.10
      1.5140        24.05
      1.5150        23.97
      1.5160        23.64
      1.5170        23.60
      1.5180        23.47
      1.5190        23.34
      1.5200        23.00
      1.5210        22.88
      1.5220        22.78
      1.5230        22.62
      1.5240        22.63
      1.5250        22.32
      1.5260        22.31
      1.5270        22.08
      1.5280        22.00
      1.5290        21.73
      1.5300        21.62
      1.5310        21.31
      1.5320        21.14
      1.5330        21.03
      1.5340        20.90
      1.5350        20.87
      1.5360        20.80
      1.5370        20.70
      1.5380        20.37
      1.5390        20.45
      1.5400        20.36
      1.5410        20.40
      1.5420        20.25
      1.5430        20.20
      1.5440        19.91
      1.5450        19.82
      1.5460        19.78
      1.5470        19.46
      1.5480        19.32
      1.5490        19.12
      1.5500        19.18
      1.5510        18.99
      1.5520        18.89
      1.5530        18.64
      1.5540        18.55
      1.5550        18.23
      1.5560        18.13
      1.5570        18.04
      1.5580        18.09
      1.5590        17.82
      1.5600        17.61
      1.5610        17.57
      1.5620        17.45
      1.5630        17.38
      1.5640        17.21
      1.5650        17.29
      1.5660        17.06
      1.5670        17.18
      1.5680        16.87
      1.5690        16.81
      1.5700        16.50
      1.5710        16.38
      1.5720        16.37
      1.5730        16.09
      1.5740        15.87
      1.5750        15.74
      1.5760        15.61
      1.5770        15.23
      1.5780        15.15
      1.5790        14.93
      1.5800        14.79
      1.5810        14.42
      1.5820        14.21
      1.5830        14.01
      1.5840        13.90
      1.5850        13.74
      1.5860        13.42
      1.5870        13.30
      1.5880        13.14
      1.5890        13.02
      1.5900        12.80
      1.5910        12.71
      1.5920        12.52
      1.5930        12.61
      1.5940        12.48
      1.5950        12.39
      1.5960        12.30
      1.5970        12.30
      1.5980        12.10
      1.5990        11.98
      1.6000        12.04
      1.6010        11.86
      1.6020        11.84
      1.6030        11.60
      1.6040        11.43
      1.6050        11.15
      1.6060        11.20
      1.6070        10.96
      1.6080        10.83
      1.6090        10.70
      1.6100        10.51
      1.6110        10.39
      1.6120        10.22
      1.6130        10.02
      1.6140         9.76
      1.6150         9.66
      1.6160         9.35
      1.6170         9.25
      1.6180         9.11
      1.6190         9.04
      1.6200         8.79
      1.6210         8.80
      1.6220         8.68
      1.6230         8.58
      1.6240         8.59
      1.6250         8.53
      1.6260         8.41
      1.6270         8.23
      1.6280         8.35
      1.6290         8.14
      1.6300         8.23
      1.6310         8.07
      1.6320         8.00
      1.6330         7.92
      1.6340         7.86
      1.6350         7.80
      1.6360         7.79
      1.6370         7.68
      1.6380         7.46
      1.6390         7.28
      1.6400         7.11
      1.6410         6.97
      1.6420         6.81
      1.6430         6.80
      1.6440         6.62
      1.6450         6.57
      1.6460         6.37
      1.6470         6.44
      1.6480         6.31
      1.6490         6.24
      1.6500         6.12
      1.6510         6.11
      1.6520         6.07
      1.6530         5.93
      1.6540         5.99
      1.6550         5.73
      1.6560         5.73
      1.6570         5.61
      1.6580         5.80
      1.6590         5.71
      1.6600         5.74
      1.6610         5.76
      1.6620         5.68
      1.6630         5.57
      1.6640         5.35
      1.6650         5.36
      1.6660         5.29
      1.6670         5.23
      1.6680         4.96
      1.6690         5.16
      1.6700         4.94
      1.6710         4.88
      1.6720         4.67
      1.6730         4.67
      1.6740         4.66
      1.6750         4.71
      1.6760         4.79
      1.6770         4.66
      1.6780         4.54
      1.6790         4.69
      1.6800         4.74
      1.6810         4.59
      1.6820         4.77
      1.6830         4.74
      1.6840         4.95
      1.6850         4.90
      1.6860         4.95
      1.6870         4.94
      1.6880         5.06
      1.6890         4.92
      1.6900         4.95
      1.6910         5.01
      1.6920         5.09
      1.6930         5.17
      1.6940         4.95
      1.6950         5.13
      1.6960         4.94
      1.6970         5.09
      1.6980         5.06
      1.6990         4.95
      1.7000         4.81
      1.7010         4.70
      1.7020         4.65
      1.7030         4.64
      1.7040         4.62
      1.7050         4.61
      1.7060         4.69
      1.7070         4.53
      1.7080         4.57
      1.7090         4.42
      1.7100         4.54
      1.7110         4.50
      1.7120         4.58
      1.7130         4.55
      1.7140         4.65
      1.7150         4.57
      1.7160         4.55
      1.7170         4.58
      1.7180         4.48
      1.7190         4.65
      1.7200         4.55
      1.7210         4.76
      1.7220         4.55
      1.7230         4.56
      1.7240         4.52
      1.7250         4.35
      1.7260         4.22
      1.7270         4.22
      1.7280         4.15
      1.7290         3.65
      1.7300         3.72
      1.7310         3.58
      1.7320         3.68
      1.7330         3.58
      1.7340         3.72
      1.7350         3.60
      1.7360         3.73
      1.7370         4.22
      1.7380         4.31
      1.7390         4.30
      1.7400         4.47
      1.7410         4.51
      1.7420         4.61
      1.7430         4.69
      1.7440         4.71
      1.7450         4.91
      1.7460         4.95
      1.7470         5.03
      1.7480         5.12
      1.7490         5.22
      1.7500         4.99
      1.7510         5.13
      1.7520         4.97
      1.7530         4.90
      1.7540         4.90
      1.7550         4.84
      1.7560         4.80
      1.7570         4.63
      1.7580         4.71
      1.7590         4.54
      1.7600         4.56
      1.7610         4.48
      1.7620         4.07
      1.7630         3.85
      1.7640         3.86
      1.7650         4.46
      1.7660         4.38
      1.7670         4.46
      1.7680         4.31
      1.7690         4.46
      1.7700         4.52
      1.7710         4.60
      1.7720         4.64
      1.7730         4.79
      1.7740         4.76
      1.7750         4.92
      1.7760         4.89
      1.7770         4.84
      1.7780         4.84
      1.7790         4.92
      1.7800         4.89
      1.7810         4.69
      1.7820         4.81
      1.7830         4.83
      1.7840         4.75
      1.7850         4.51
      1.7860         4.69
      1.7870         4.67
      1.7880         4.72
      1.7890         4.67
      1.7900         4.68
      1.7910         4.65
      1.7920         4.64
      1.7930         4.69
      1.7940         4.53
      1.7950         4.61
      1.7960         4.58
      1.7970         4.77
      1.7980         4.72
      1.7990         4.79
      1.8000         4.79
      1.8010         4.92
      1.8020         4.79
      1.8030         4.88
      1.8040         5.04
      1.8050         4.99
      1.8060         4.88
      1.8070         4.83
      1.8080         4.88
      1.8090         4.78
      1.8100         4.85
      1.8110         4.71
      1.8120         4.71
      1.8130         4.61
      1.8140         4.77
      1.8150         4.70
      1.8160         4.64
      1.8170         4.64
      1.8180         4.59
      1.8190         4.60
      1.8200         4.52
      1.8210         4.61
      1.8220         4.65
      1.8230         4.67
      1.8240         4.47
      1.8250         4.65
      1.8260         4.68
      1.8270         4.72
      1.8280         4.78
      1.8290         4.82
      1.8300         4.93
      1.8310         5.04
      1.8320         5.14
      1.8330         5.12
      1.8340         5.14
      1.8350         5.09
      1.8360         5.15
      1.8370         5.17
      1.8380         5.17
      1.8390         5.08
      1.8400         5.10
      1.8410         5.06
      1.8420         4.98
      1.8430         4.97
      1.8440         4.99
      1.8450         5.03
      1.8460         4.96
      1.8470         5.01
      1.8480         4.90
      1.8490         4.94
      1.8500         4.94
      1.8510         4.94
      1.8520         4.91
      1.8530         4.80
      1.8540         4.72
      1.8550         4.75
      1.8560         4.98
      1.8570         4.95
      1.8580         5.12
      1.8590         5.11
      1.8600         5.15
      1.8610         5.17
      1.8620         5.16
      1.8630         5.28
      1.8640         5.32
      1.8650         5.32
      1.8660         5.25
      1.8670         5.31
      1.8680         5.23
      1.8690         5.21
      1.8700         5.00
      1.8710         5.02
      1.8720         4.83
      1.8730         4.85
      1.8740         4.79
      1.8750         4.78
      1.8760         4.65
      1.8770         4.65
      1.8780         4.57
      1.8790         4.51
      1.8800         4.45
      1.8810         4.39
      1.8820         4.40
      1.8830         4.34
      1.8840         4.30
      1.8850         4.19
      1.8860         4.31
      1.8870         4.24
      1.8880         4.32
      1.8890         4.42
      1.8900         4.44
      1.8910         4.56
      1.8920         4.68
      1.8930         4.85
      1.8940         4.89
      1.8950         4.84
      1.8960         4.69
      1.8970         4.54
      1.8980         4.45
      1.8990         4.50
      1.9000         4.57
      1.9010         4.58
      1.9020         4.61
      1.9030         4.49
      1.9040         4.65
      1.9050         4.60
      1.9060         4.57
      1.9070         4.56
      1.9080         4.53
      1.9090         4.45
      1.9100         4.52
      1.9110         4.46
      1.9120         4.43
      1.9130         4.55
      1.9140         4.58
      1.9150         4.78
      1.9160         4.82
      1.9170         5.00
      1.9180         5.07
      1.9190         5.15
      1.9200         5.19
      1.9210         5.12
      1.9220         5.27
      1.9230         5.28
      1.9240         4.73
      1.9250         4.69
      1.9260         5.23
      1.9270         5.11
      1.9280         5.19
      1.9290         5.08
      1.9300         5.17
      1.9310         5.15
      1.9320         5.16
      1.9330         4.98
      1.9340         4.87
      1.9350         4.75
      1.9360         4.75
      1.9370         4.77
      1.9380         4.70
      1.9390         4.62
      1.9400         4.47
      1.9410         4.58
      1.9420         4.52
      1.9430         4.63
      1.9440         4.63
      1.9450         4.82
      1.9460         4.86
      1.9470         4.86
      1.9480         4.79
      1.9490         4.74
      1.9500         4.84
      1.9510         4.74
      1.9520         4.75
      1.9530         4.81
      1.9540         4.91
      1.9550         4.82
      1.9560         4.83
      1.9570         4.73
      1.9580         4.65
      1.9590         4.72
      1.9600         4.76
      1.9610         4.74
      1.9620         4.53
      1.9630         4.59
      1.9640         4.46
      1.9650         4.45
      1.9660         4.36
      1.9670         4.31
      1.9680         4.38
      1.9690         4.56
      1.9700         4.45
      1.9710         4.37
      1.9720         4.37
      1.9730         4.29
      1.9740         4.33
      1.9750         4.30
      1.9760         4.38
      1.9770         4.35
      1.9780         4.48
      1.9790         4.47
      1.9800         4.56
      1.9810         4.70
      1.9820         4.76
      1.9830         4.68
      1.9840         4.79
      1.9850         4.80
      1.9860         4.68
      1.9870         4.96
      1.9880         4.90
      1.9890         4.87
      1.9900         4.76
      1.9910         4.87
      1.9920         4.71
      1.9930         4.70
      1.9940         4.67
      1.9950         4.71
      1.9960         4.75
      1.9970         4.81
      1.9980         4.90
      1.9990         4.82
      2.0000         4.82
      2.0010         4.56
      2.0020         4.74
      2.0030         4.80
      2.0040         4.84
      2.0050         4.83
      2.0060         5.00
      2.0070         4.93
      2.0080         4.96
      2.0090         5.03
      2.0100         4.97
      2.0110         4.99
      2.0120         5.08
      2.0130         5.12
      2.0140         5.16
      2.0150         5.26
      2.0160         5.18
      2.0170         5.10
      2.0180         4.99
      2.0190         4.88
      2.0200         4.86
      2.0210         4.88
      2.0220         4.82
      2.0230         4.61
      2.0240         4.62
      2.0250         4.56
      2.0260         4.45
      2.0270         4.37
      2.0280         4.35
      2.0290         4.33
      2.0300         4.45
      2.0310         4.58
      2.0320         4.53
      2.0330         4.64
      2.0340         4.55
      2.0350         4.68
      2.0360         4.69
      2.0370         4.87
      2.0380         4.95
      2.0390         5.15
      2.0400         5.18
      2.0410         5.26
      2.0420         5.25
      2.0430         5.34
      2.0440         5.42
      2.0450         5.37
      2.0460         5.54
      2.0470         5.56
      2.0480         5.56
      2.0490         5.58
      2.0500         5.50
      2.0510         5.39
      2.0520         5.40
      2.0530         5.24
      2.0540         5.17
      2.0550         5.06
      2.0560         4.99
      2.0570         5.00
      2.0580         4.92
      2.0590         5.07
      2.0600         4.95
      2.0610         5.05
      2.0620         5.02
      2.0630         5.05
      2.0640         5.05
      2.0650         5.04
      2.0660         5.10
      2.0670         5.09
      2.0680         5.18
      2.0690         5.04
      2.0700         5.10
      2.0710         5.10
      2.0720         5.24
      2.0730         5.30
      2.0740         5.36
      2.0750         5.28
      2.0760         5.28
      2.0770         5.30
      2.0780         5.23
      2.0790         5.14
      2.0800         5.07
      2.0810         4.99
      2.0820         4.94
      2.0830         5.02
      2.0840         4.89
      2.0850         5.02
      2.0860         4.88
      2.0870         4.84
      2.0880         4.83
      2.0890         4.85
      2.0900         4.92
      2.0910         4.88
      2.0920         4.93
      2.0930         4.89
      2.0940         5.02
      2.0950         5.08
      2.0960         5.08
      2.0970         5.01
      2.0980         5.17
      2.0990         5.08
      2.1000         5.27
      2.1010         5.28
      2.1020         5.27
      2.1030         5.27
      2.1040         5.15
      2.1050         5.25
      2.1060         5.02
      2.1070         5.17
      2.1080         5.09
      2.1090         5.14
      2.1100         5.03
      2.1110         5.00
      2.1120         4.91
      2.1130         4.88
      2.1140         4.80
      2.1150         4.69
      2.1160         4.80
      2.1170         4.71
      2.1180         4.69
      2.1190         4.74
      2.1200         4.70
      2.1210         4.62
      2.1220         4.67
      2.1230         4.63
      2.1240         4.82
      2.1250         4.77
      2.1260         4.94
      2.1270         4.98
      2.1280         4.91
      2.1290         4.98
      2.1300         4.91
      2.1310         4.96
      2.1320         4.86
      2.1330         4.94
      2.1340         4.91
      2.1350         4.90
      2.1360         4.89
      2.1370         4.74
      2.1380         4.72
      2.1390         4.60
      2.1400         4.72
      2.1410         4.67
      2.1420         4.77
      2.1430         4.68
      2.1440         4.66
      2.1450         4.57
      2.1460         4.49
      2.1470         4.33
      2.1480         4.29
      2.1490         4.27
      2.1500         4.24
      2.1510         4.31
      2.1520         4.34
      2.1530         4.39
      2.1540         4.37
      2.1550         4.48
      2.1560         4.36
      2.1570         4.57
      2.1580         4.55
      2.1590         4.61
      2.1600         4.59
      2.1610         4.69
      2.1620         4.71
      2.1630         4.68
      2.1640         4.79
      2.1650         4.76
      2.1660         4.81
      2.1670         4.86
      2.1680         4.95
      2.1690         4.87
      2.1700         4.92
      2.1710         4.83
      2.1720         4.84
      2.1730         4.83
      2.1740         4.82
      2.1750         4.88
      2.1760         4.94
      2.1770         4.95
      2.1780         4.84
      2.1790         4.96
      2.1800         4.88
      2.1810         4.92
      2.1820         4.88
      2.1830         5.01
      2.1840         4.95
      2.1850         4.96
      2.1860         5.09
      2.1870         5.03
      2.1880         5.11
      2.1890         5.00
      2.1900         5.03
      2.1910         4.95
      2.1920         5.03
      2.1930         4.90
      2.1940         4.99
      2.1950         4.80
      2.1960         4.30
      2.1970         4.78
      2.1980         4.33
      2.1990         4.33
      2.2000         4.20
      2.2010         4.26
      2.2020         4.15
      2.2030         4.17
      2.2040         4.08
      2.2050         4.13
      2.2060         3.96
      2.2070         4.06
      2.2080         3.95
      2.2090         3.97
      2.2100         4.49
      2.2110         4.59
      2.2120         4.64
      2.2130         4.71
      2.2140         4.83
      2.2150         4.90
      2.2160         4.96
      2.2170         4.88
      2.2180         4.98
      2.2190         4.92
      2.2200         5.07
      2.2210         4.87
      2.2220         4.88
      2.2230         4.86
      2.2240         4.83
      2.2250         4.85
      2.2260         4.77
      2.2270         4.81
      2.2280         4.70
      2.2290         4.78
      2.2300         4.72
      2.2310         4.65
      2.2320         4.62
      2.2330         4.58
      2.2340         4.53
      2.2350         4.37
      2.2360         4.34
      2.2370         4.25
      2.2380         4.42
      2.2390         4.39
      2.2400         4.50
      2.2410         4.61
      2.2420         4.70
      2.2430         4.65
      2.2440         4.65
      2.2450         4.62
      2.2460         4.67
      2.2470         4.63
      2.2480         4.67
      2.2490         4.74
      2.2500         4.61
      2.2510         4.73
      2.2520         4.62
      2.2530         4.66
      2.2540         4.38
      2.2550         4.61
      2.2560         4.57
      2.2570         4.69
      2.2580         4.62
      2.2590         4.49
      2.2600         4.42
      2.2610         4.33
      2.2620         4.42
      2.2630         4.40
      2.2640         4.66
      2.2650         4.58
      2.2660         4.69
      2.2670         4.68
      2.2680         4.81
      2.2690         4.79
      2.2700         4.91
      2.2710         4.92
      2.2720         5.03
      2.2730         5.13
      2.2740         5.28
      2.2750         5.32
      2.2760         5.25
      2.2770         5.28
      2.2780         5.17
      2.2790         5.37
      2.2800         5.25
      2.2810         5.32
      2.2820         5.16
      2.2830         5.13
      2.2840         4.99
      2.2850         4.97
      2.2860         4.96
      2.2870         4.77
      2.2880         4.83
      2.2890         4.77
      2.2900         4.91
      2.2910         4.85
      2.2920         4.74
      2.2930         4.58
      2.2940         4.64
      2.2950         4.54
      2.2960         4.62
      2.2970         4.73
      2.2980         4.66
      2.2990         4.70
      2.3000         4.79
      2.3010         4.91
      2.3020         4.89
      2.3030         5.05
      2.3040         4.94
      2.3050         4.98
      2.3060         5.03
      2.3070         5.13
      2.3080         5.11
      2.3090         5.08
      2.3100         5.13
      2.3110         5.05
      2.3120         5.03
      2.3130         4.98
      2.3140         4.97
      2.3150         4.89
      2.3160         4.87
      2.3170         4.70
      2.3180         4.78
      2.3190         4.75
      2.3200         4.76
      2.3210         4.82
      2.3220         4.83
      2.3230         4.86
      2.3240         4.87
      2.3250         4.90
      2.3260         4.77
      2.3270         4.84
      2.3280         4.73
      2.3290         4.73
      2.3300         4.56
      2.3310         4.64
      2.3320         4.85
      2.3330         4.88
      2.3340         4.95
      2.3350         4.94
      2.3360         5.00
      2.3370         5.04
      2.3380         5.11
      2.3390         5.01
      2.3400         5.04
      2.3410         4.80
      2.3420         4.85
      2.3430         4.72
      2.3440         4.65
      2.3450         4.71
      2.3460         4.68
      2.3470         4.68
      2.3480         4.59
      2.3490         4.71
      2.3500         4.68
      2.3510         4.78
      2.3520         4.57
      2.3530         4.67
      2.3540         4.61
      2.3550         4.71
      2.3560         4.64
      2.3570         4.74
      2.3580         4.74
      2.3590         4.75
      2.3600         4.74
      2.3610         4.71
      2.3620         4.78
      2.3630         4.81
      2.3640         4.92
      2.3650         4.80
      2.3660         4.96
      2.3670         4.89
      2.3680         5.07
      2.3690         5.09
      2.3700         5.00
      2.3710         4.89
      2.3720         4.96
      2.3730         4.95
      2.3740         4.87
      2.3750         4.91
      2.3760         4.85
      2.3770         4.85
      2.3780         4.70
      2.3790         4.81
      2.3800         4.73
      2.3810         4.90
      2.3820         4.85
      2.3830         4.72
      2.3840         4.86
      2.3850         4.89
      2.3860         4.85
      2.3870         4.84
      2.3880         4.93
      2.3890         4.80
      2.3900         5.09
      2.3910         5.09
      2.3920         5.14
      2.3930         5.13
      2.3940         5.24
      2.3950         5.17
      2.3960         5.13
      2.3970         5.05
      2.3980         5.04
      2.3990         5.07
      2.4000         5.06
      2.4010         4.98
      2.4020         4.82
      2.4030         5.01
      2.4040         4.81
      2.4050         4.95
      2.4060         4.86
      2.4070         4.95
      2.4080         4.96
      2.4090         4.88
      2.4100         4.72
      2.4110         4.72
      2.4120         4.76
      2.4130         4.76
      2.4140         4.76
      2.4150         4.74
      2.4160         4.98
      2.4170         5.01
      2.4180         5.11
      2.4190         5.03
      2.4200         5.00
      2.4210         5.02
      2.4220         5.18
      2.4230         5.12
      2.4240         5.11
      2.4250         5.04
      2.4260         4.96
      2.4270         5.03
      2.4280         4.83
      2.4290         5.04
      2.4300         5.02
      2.4310         5.11
      2.4320         5.04
      2.4330         5.06
      2.4340         5.10
      2.4350         5.03
      2.4360         5.05
      2.4370         5.01
      2.4380         5.07
      2.4390         5.03
      2.4400         5.24
      2.4410         5.18
      2.4420         5.25
      2.4430         5.30
      2.4440         5.49
      2.4450         5.39
      2.4460         5.51
      2.4470         5.50
      2.4480         5.61
      2.4490         5.58
      2.4500         5.62
      2.4510         5.69
      2.4520         5.69
      2.4530         5.77
      2.4540         5.58
      2.4550         5.76
      2.4560         5.48
      2.4570         5.48
      2.4580         5.31
      2.4590         5.38
      2.4600         5.22
      2.4610         5.14
      2.4620         5.08
      2.4630         4.99
      2.4640         4.85
      2.4650         4.85
      2.4660         4.93
      2.4670         4.85
      2.4680         4.76
      2.4690         4.68
      2.4700         4.69
      2.4710         4.53
      2.4720         4.59
      2.4730         4.49
      2.4740         4.51
      2.4750         4.51
      2.4760         4.68
      2.4770         4.73
      2.4780         4.77
      2.4790         4.88
      2.4800         4.77
      2.4810         4.97
      2.4820         4.83
      2.4830         4.91
      2.4840         4.89
      2.4850         4.94
      2.4860         4.85
      2.4870         4.84
      2.4880         4.94
      2.4890         4.81
      2.4900         4.82
      2.4910         4.73
      2.4920         4.69
      2.4930         4.54
      2.4940         4.76
      2.4950         4.57
      2.4960         4.65
      2.4970         4.60
      2.4980         4.74
      2.4990         4.61
      2.5000         4.84
      2.5010         4.77
      2.5020         4.82
      2.5030         4.94
      2.5040         4.90
      2.5050         4.98
      2.5060         4.88
      2.5070         5.03
      2.5080         4.88
      2.5090         5.06
      2.5100         5.07
      2.5110         5.28
      2.5120         5.27
      2.5130         5.35
      2.5140         5.31
      2.5150         5.36
      2.5160         5.36
      2.5170         5.34
      2.5180         5.31
      2.5190         5.22
      2.5200         5.22
      2.5210         5.14
      2.5220         5.14
      2.5230         4.97
      2.5240         5.14
      2.5250         5.12
      2.5260         5.17
      2.5270         5.10
      2.5280         5.12
      2.5290         5.20
      2.5300         5.11
      2.5310         5.16
      2.5320         5.16
      2.5330         5.29
      2.5340         5.13
      2.5350         5.30
      2.5360         5.20
      2.5370         5.32
      2.5380         5.34
      2.5390         5.35
      2.5400         5.28
      2.5410         5.34
      2.5420         5.44
      2.5430         5.37
      2.5440         5.34
      2.5450         5.23
      2.5460         5.34
      2.5470         5.18
      2.5480         5.33
      2.5490         5.14
      2.5500         5.23
      2.5510         4.98
      2.5520         4.93
      2.5530         4.96
      2.5540         5.01
      2.5550         4.94
      2.5560         4.95
      2.5570         4.93
      2.5580         4.75
      2.5590         4.95
      2.5600         4.92
      2.5610         5.02
      2.5620         4.96
      2.5630         5.15
      2.5640         4.99
      2.5650         5.12
      2.5660         5.09
      2.5670         5.17
      2.5680         5.19
      2.5690         5.23
      2.5700         5.23
      2.5710         5.22
      2.5720         5.31
      2.5730         5.10
      2.5740         5.12
      2.5750         5.02
      2.5760         5.02
      2.5770         4.94
      2.5780         5.02
      2.5790         4.84
      2.5800         4.80
      2.5810         4.21
      2.5820         4.11
      2.5830         4.07
      2.5840         4.05
      2.5850         4.57
      2.5860         4.37
      2.5870         4.57
      2.5880         4.47
      2.5890         4.70
      2.5900         4.70
      2.5910         4.84
      2.5920         4.75
      2.5930         4.94
      2.5940         5.00
      2.5950         5.11
      2.5960         5.19
      2.5970         5.19
      2.5980         5.35
      2.5990         5.34
      2.6000         5.43
      2.6010         5.39
      2.6020         5.66
      2.6030         5.53
      2.6040         5.69
      2.6050         5.57
      2.6060         5.67
      2.6070         5.40
      2.6080         5.41
      2.6090         5.35
      2.6100         5.31
      2.6110         5.34
      2.6120         5.26
      2.6130         5.26
      2.6140         5.08
      2.6150         5.11
      2.6160         5.06
      2.6170         5.15
      2.6180         4.98
      2.6190         5.02
      2.6200         5.02
      2.6210         5.04
      2.6220         5.07
      2.6230         4.98
      2.6240         4.96
      2.6250         4.86
      2.6260         5.03
      2.6270         4.99
      2.6280         5.00
      2.6290         4.84
      2.6300         4.78
      2.6310         4.67
      2.6320         4.74
      2.6330         4.66
      2.6340         4.63
      2.6350         4.66
      2.6360         4.54
      2.6370         4.51
      2.6380         4.48
      2.6390         4.58
      2.6400         4.52
      2.6410         4.65
      2.6420         4.48
      2.6430         4.70
      2.6440         4.65
      2.6450         4.84
      2.6460         4.78
      2.6470         4.82
      2.6480         4.76
      2.6490         4.75
      2.6500         4.97
      2.6510         4.95
      2.6520         5.11
      2.6530         5.06
      2.6540         5.21
      2.6550         4.98
      2.6560         5.04
      2.6570         4.96
      2.6580         4.95
      2.6590         4.99
      2.6600         5.03
      2.6610         4.97
      2.6620         4.90
      2.6630         4.98
      2.6640         4.74
      2.6650         4.73
      2.6660         4.58
      2.6670         4.73
      2.6680         4.72
      2.6690         4.74
      2.6700         4.62
      2.6710         4.70
      2.6720         4.67
      2.6730         4.69
      2.6740         4.70
      2.6750         4.69
      2.6760         4.74
      2.6770         4.75
      2.6780         4.94
      2.6790         4.72
      2.6800         4.84
      2.6810         4.84
      2.6820         5.05
      2.6830         4.93
      2.6840         5.22
      2.6850         5.18
      2.6860         5.23
      2.6870         5.08
      2.6880         4.98
      2.6890         5.03
      2.6900         4.88
      2.6910         5.01
      2.6920         4.89
      2.6930         4.88
      2.6940         4.73
      2.6950         4.88
      2.6960         4.82
      2.6970         4.98
      2.6980         4.80
      2.6990         4.84
      2.7000         4.72
      2.7010         4.63
      2.7020         4.64
      2.7030         4.66
      2.7040         4.60
      2.7050         4.42
      2.7060         4.52
      2.7070         4.56
      2.7080         4.81
      2.7090         4.90
      2.7100         5.06
      2.7110         4.96
      2.7120         4.96
      2.7130         4.96
      2.7140         5.05
      2.7150         5.14
      2.7160         5.21
      2.7170         5.14
      2.7180         5.05
      2.7190         5.14
      2.7200         5.06
      2.7210         5.19
      2.7220         5.01
      2.7230         5.07
      2.7240         5.03
      2.7250         5.14
      2.7260         5.12
      2.7270         5.04
      2.7280         4.94
      2.7290         4.74
      2.7300         4.88
      2.7310         4.70
      2.7320         4.84
      2.7330         4.84
      2.7340         4.96
      2.7350         4.84
      2.7360         4.92
      2.7370         4.88
      2.7380         5.09
      2.7390         5.01
      2.7400         5.08
      2.7410         5.03
      2.7420         5.02
      2.7430         4.91
      2.7440         4.88
      2.7450         5.00
      2.7460         4.86
      2.7470         4.99
      2.7480         4.97
      2.7490         4.97
      2.7500         4.79
      2.7510         4.92
      2.7520         4.84
      2.7530         4.85
      2.7540         4.73
      2.7550         4.64
      2.7560         4.57
      2.7570         4.47
      2.7580         4.45
      2.7590         4.35
      2.7600         4.43
      2.7610         4.42
      2.7620         4.41
      2.7630         4.36
      2.7640         4.49
      2.7650         4.37
      2.7660         4.47
      2.7670         4.54
      2.7680         4.48
      2.7690         4.56
      2.7700         4.56
      2.7710         4.63
      2.7720         4.56
      2.7730         4.68
      2.7740         4.61
      2.7750         4.79
      2.7760         4.65
      2.7770         4.76
      2.7780         4.76
      2.7790         4.91
      2.7800         4.87
      2.7810         4.80
      2.7820         4.87
      2.7830         4.83
      2.7840         4.84
      2.7850         4.75
      2.7860         4.86
      2.7870         4.69
      2.7880         4.79
      2.7890         4.86
      2.7900         4.85
      2.7910         4.79
      2.7920         4.87
      2.7930         4.79
      2.7940         4.73
      2.7950         4.76
      2.7960         4.69
      2.7970         4.62
      2.7980         4.46
      2.7990         4.61
      2.8000         4.50
      2.8010         4.50
      2.8020         4.54
      2.8030         4.64
      2.8040         4.54
      2.8050         4.69
      2.8060         4.51
      2.8070         4.43
      2.8080         4.30
      2.8090         4.03
      2.8100         4.10
      2.8110         3.99
      2.8120         3.86
      2.8130         3.84
      2.8140         4.13
      2.8150         4.05
      2.8160         4.24
      2.8170         4.22
      2.8180         4.36
      2.8190         4.29
      2.8200         4.27
      2.8210         4.39
      2.8220         4.30
      2.8230         4.35
      2.8240         4.38
      2.8250         4.47
      2.8260         4.49
      2.8270         4.69
      2.8280         4.81
      2.8290         5.01
      2.8300         5.02
      2.8310         5.11
      2.8320         5.27
      2.8330         5.27
      2.8340         5.31
      2.8350         5.16
      2.8360         5.26
      2.8370         5.06
      2.8380         5.09
      2.8390         4.93
      2.8400         5.01
      2.8410         4.84
      2.8420         4.84
      2.8430         4.72
      2.8440         4.65
      2.8450         4.62
      2.8460         4.65
      2.8470         4.69
      2.8480         4.60
      2.8490         4.67
      2.8500         4.67
      2.8510         4.67
      2.8520         4.52
      2.8530         4.54
      2.8540         4.27
      2.8550         4.44
      2.8560         3.80
      2.8570         4.51
      2.8580         4.58
      2.8590         4.59
      2.8600         4.11
      2.8610         4.05
      2.8620         4.51
      2.8630         4.55
      2.8640         4.66
      2.8650         4.56
      2.8660         4.53
      2.8670         4.38
      2.8680         4.40
      2.8690         4.32
      2.8700         4.28
      2.8710         4.35
      2.8720         4.32
      2.8730         4.43
      2.8740         4.44
      2.8750         4.51
      2.8760         4.36
      2.8770         4.45
      2.8780         4.33
      2.8790         4.44
      2.8800         4.46
      2.8810         4.65
      2.8820         4.85
      2.8830         4.93
      2.8840         4.90
      2.8850         4.91
      2.8860         5.11
      2.8870         5.17
      2.8880         5.27
      2.8890         5.21
      2.8900         5.20
      2.8910         5.16
      2.8920         5.34
      2.8930         5.24
      2.8940         5.28
      2.8950         5.15
      2.8960         5.26
      2.8970         5.28
      2.8980         5.17
      2.8990         5.20
      2.9000         5.04
      2.9010         5.03
      2.9020         4.81
      2.9030         4.30
      2.9040         4.26
      2.9050         4.71
      2.9060         4.10
      2.9070         4.10
      2.9080         4.50
      2.9090         4.58
      2.9100         4.65
      2.9110         4.58
      2.9120         4.65
      2.9130         4.49
      2.9140         4.49
      2.9150         4.51
      2.9160         4.70
      2.9170         4.58
      2.9180         4.65
      2.9190         4.54
      2.9200         4.59
      2.9210         4.62
      2.9220         4.66
      2.9230         4.70
      2.9240         4.57
      2.9250         4.64
      2.9260         4.48
      2.9270         4.57
      2.9280         4.52
      2.9290         4.55
      2.9300         4.51
      2.9310         4.48
      2.9320         4.40
      2.9330         4.47
      2.9340         4.48
      2.9350         4.40
      2.9360         4.41
      2.9370         4.53
      2.9380         4.60
      2.9390         4.72
      2.9400         4.80
      2.9410         4.80
      2.9420         4.91
      2.9430         4.86
      2.9440         4.92
      2.9450         4.98
      2.9460         5.04
      2.9470         5.02
      2.9480         4.96
      2.9490         5.04
      2.9500         4.90
      2.9510         5.02
      2.9520         4.89
      2.9530         5.01
      2.9540         4.97
      2.9550         5.09
      2.9560         5.10
      2.9570         5.02
      2.9580         5.00
      2.9590         4.82
      2.9600         4.90
      2.9610         4.81
      2.9620         4.78
      2.9630         4.73
      2.9640         4.87
      2.9650         4.74
      2.9660         4.89
      2.9670         4.79
      2.9680         4.93
      2.9690         4.82
      2.9700         4.98
      2.9710         4.93
      2.9720         4.97
      2.9730         4.94
      2.9740         4.95
      2.9750         5.00
      2.9760         4.80
      2.9770         5.00
      2.9780         4.99
      2.9790         5.01
      2.9800         4.87
      2.9810         4.88
      2.9820         4.80
      2.9830         4.72
      2.9840         4.56
      2.9850         4.53
      2.9860         4.51
      2.9870         4.53
      2.9880         4.56
      2.9890         4.55
      2.9900         4.43
      2.9910         4.42
      2.9920         4.44
      2.9930         4.43
      2.9940         4.35
      2.9950         4.27
      2.9960         4.30
      2.9970         3.71
      2.9980         3.57
      2.9990         3.71
